X	Y
3.87587518387719	8.16937076671514
7.04583959685933	8.82913041759179
3.6863203539365	9.20129765055798
3.07809384057448	9.67620275238678
3.53546229190363	11.2101667726279
4.00811535558518	8.15902828448101
4.03233653071966	9.89547994732914
5.30896361423741	6.89214152223049
4.65902597265217	11.2218965363829
6.01574841645126	10.9126315364698
3.524488486308	8.31149222580348
6.38619613172634	9.95064950482335
2.38563432757552	8.99196523121794
6.5170585250855	13.7038646215638
4.57947618752457	13.9522314415612
5.28892935251878	10.8897252889319
1.59579493737578	12.5820415204852
2.80017181871028	9.78611037871138
7.03545633937696	11.5540675449226
8.51460853668244	9.50412260782764
4.52341367907924	8.32970891630855
6.04556709858838	12.2820965747248
8.08521878017427	10.5826857616645
8.07206633646447	8.09386820497862
1.76951293856928	11.9593122511581
3.17942916920099	10.9906039630905
4.2770730867024	10.4556559281603
7.42861632039403	10.2465505531941
2.63099271972992	8.96222193723279
4.49331451847684	10.3220019095767
7.2011740567346	11.6932874175782
5.11433153288533	7.96863974837397
5.78165757896712	7.7802392152989
4.44191639771095	11.6213530741636
6.36556481966146	10.6425385186722
6.60861801990133	10.2010709229133
4.14992613243492	8.86802762074975
8.11284272332202	8.36384520575088
6.02311643854355	11.2840386988773
3.89878679932094	9.54910221351503
6.04502698802345	8.06654697237377
4.07292332516415	10.7867334882351
4.73139289306912	9.00152551416324
6.0602270466269	11.6252963707627
3.19114400694195	11.9511899126866
4.4013479740952	9.97472342827909
2.97106733466703	10.3790246688529
3.81252886328506	10.0475775769117
6.60425385350388	10.5492486848172
2.43366325306819	10.9745325374531
4.03341552179695	8.75746810657935
4.9507177651262	11.513526930142
2.44298663949314	10.233217687545
5.44842787987922	8.04120017857549
1.50352470559718	8.5987636727989
5.34596028261793	10.5351638212143
5.73761863786598	8.16233566661893
2.80022021574582	8.60918407328979
4.15957632370363	8.5767129457631
6.02937098767447	12.2413068478686
4.52114873519102	10.6838874712724
1.78257206230337	11.3571095522907
5.07054783538353	9.22788734671485
5.49011872387133	10.3753357650053
5.11009126122296	10.4766945881088
5.75072289430117	10.5316751756256
5.73241563579976	8.5161096940257
7.2508490355015	11.5187275856005
3.18170478044712	11.9808951709208
1.90584413406728	10.1104089580664
6.41342807751233	8.42868581917545
4.43152612779901	11.3149807916581
2.89631064814009	8.0103037189102
6.92575102475527	9.30641091086276
4.12098948954822	11.1263657312542
6.55664686412208	10.4535679199686
5.65335668845882	12.5809296203383
7.51561612264681	10.1779613932145
5.77413157493852	11.8148380364698
6.11860134638807	11.3297605272418
3.91975903956611	8.70926029824253
3.96902025804164	9.23939836779554
7.79089449363593	10.386140743742
4.39551765377364	9.73289286287679
5.28434642486472	7.11496511241019
2.16536533796715	10.76925133084
6.00695467962565	8.60126540332822
4.77672826395047	8.04033662327594
5.74973314696807	11.4924895938411
4.57545868925761	7.50637731394779
3.1199794175729	8.70716771319009
7.91123362930886	6.37124463826283
5.30555444463808	12.0185036868355
1.41216132133485	10.1394657789282
5.36561745289792	9.05053900506678
3.99047795826737	11.2172034667373
5.03146935935077	10.046804057974
7.58903142969351	9.74850704663954
4.26423047479053	10.6662101219034
7.92065881899927	8.98928207381738
5.63304705020314	8.5498694368171
3.09983428882106	9.10726880771515
8.34322705398099	9.47564012851476
6.07895705604908	10.7122905995505
6.1384498617806	10.4731665781008
2.46534554836881	8.28748895634226
6.47905956825693	13.1152041356256
6.00543647233039	11.0459710793502
3.40893643456187	10.7226917278253
6.3767467376143	10.8620344720596
5.89639710215256	8.23247156373846
5.85669740842487	9.90148898500575
6.14996005892492	9.72469629692318
3.76994604358716	10.5771322790403
2.73649081273589	9.81440928088585
3.71553052192688	10.4879925573686
2.4579396108027	10.8027950578319
4.32159951456379	10.9656824672425
6.45779590158297	10.3392416486906
5.1433858251529	6.39270951992174
5.54502687690296	10.6441777967325
6.36798247142405	11.5600203207695
3.6122394866745	12.0653283240615
4.43595027701637	8.37663501266137
5.493073848654	8.40279871363673
7.26832517956929	9.39280720477842
5.27777476937479	9.18604777067232
1.33119021523491	11.6123697598562
6.22469952037432	10.395591841333
3.19275468345817	11.099294593911
6.85018812026832	9.90514320561089
4.45053536833795	8.4050531454873
7.56287518208551	6.84874955369567
6.21085591549016	9.18190716373629
5.2755680331207	7.67886387596462
3.36237972180402	11.0987684727465
3.62647243727083	10.5270112207166
1.45061394749423	10.9250109838314
0.914377834702026	9.97457123561444
2.12606134697956	8.91938355214138
3.34048096296479	9.10822277699205
5.39097559719505	9.82581987699537
5.37700744744868	8.92041439524409
3.57410773245524	7.97562412684872
3.24583430823078	11.5447603504118
7.10488845396497	11.378366166039
5.27067689006367	9.22397021862649
4.30673399922952	10.9346916076661
4.23481619336085	9.61149073453355
5.77613590691932	12.1802433245218
2.11684416047642	10.6372798225172
5.37220081636711	10.512341520215
5.95187126896181	8.8536713066046
7.41159990367608	10.2219866994611
3.92746628440275	10.6706063506722
4.97817393703652	9.16063382277371
6.33993596566459	12.5135960077935
7.821878064752	12.6871469401875
2.55785160333926	8.96763075999626
1.97361775685154	10.8020527697989
4.18204568581651	12.5106396383173
4.89592411279074	8.18177525786764
5.76015998261772	12.4745180404546
5.34852708600381	8.22044422622356
3.98969757569227	11.3993207140251
6.32466672570858	10.3944803938823
5.24382047283679	9.34186180139169
4.35405435002248	9.30910623700107
5.1826740842559	10.941598654021
7.20078584741612	10.5913024910683
5.86451839342615	12.0683632938774
4.31233255234504	10.4741170786635
1.89968414439457	13.3983410000218
4.53772545697522	10.5567277376619
5.30905168712134	7.92602631177998
4.24795709355086	9.82173342983185
5.80456054687941	8.92042550095384
3.05759980425523	12.9996708863975
4.37806361593332	9.41087482095688
5.92191295087335	13.2020349092532
2.15336098266726	10.116419941338
5.80869317939245	9.26460006701755
5.19417546820499	8.33017102017806
7.59209095143051	9.10393285918177
3.98414829469422	6.95676920533075
2.02272239424662	10.568748865411
6.28351918716418	9.72416894726705
6.88394389554893	13.1548666736878
6.31059111558722	13.3940340541524
7.82271273902071	9.02079629592197
2.61844160997519	9.77057336411075
3.17786427272615	9.91860077975958
5.82708525339211	10.2461420360047
7.11687254605697	10.6291319869939
9.10622869202954	9.93962556369002
5.19846856661927	9.71964682655563
5.48336219509399	9.48054810815974
6.30264046582834	12.0729315589961
4.54922174149149	7.47311965183323
4.95497844960457	11.5464628550259
5.16753061981298	8.78900474723113
5.2496630544711	11.5649577191836
8.21504810671858	9.58913661702917
6.90583592720265	12.0775358276288
4.36934782792968	8.77578060184041
5.81751669965509	8.01402660284169
3.54662434012646	11.1991380020835
4.09304052972169	10.1379161710872
2.59458625598745	9.52884171018119
5.00735775417015	8.59477205176334
2.56684525361052	8.38275274901373
9.55359254634168	10.9465970116331
6.41946599399621	12.219733599433
2.49993934620933	10.6335199092682
4.13444368112318	9.93119844413395
4.10286872843765	12.9126800462327
1.87755112659986	9.98187569126416
6.71201989934563	9.59435207722464
4.37515784363764	9.26265185360361
6.961823719041	13.8738381418821
5.70844053786888	9.32437526829133
6.41875996188164	9.99423761076441
5.55366987599733	9.7668121917387
9.18291264213607	11.7013881344531
4.80249099059587	9.55064066621046
5.20440998941629	9.42559023961049
6.73151555217254	10.8952247251747
4.3805165157679	9.29708310439359
4.90469177807457	8.97019110198767
5.41821470453676	11.7671964073007
0.2625286810962	11.3082317849285
5.33517621134763	10.2787231306249
4.74816747517305	9.07908851069918
7.51939906083868	10.7630418061736
4.31291383819096	10.8522032518234
7.99454826936792	9.20425515359361
5.43629065083101	8.56138509838207
3.92863429125879	13.4706929095693
6.69105087091916	9.84055578590814
5.22688239788638	11.4326515206086
4.36891479818218	8.34268995116527
4.83837848658487	10.7826414914989
5.84836971740398	9.79794641367791
7.42735023481335	9.73543542487559
4.52503141042578	8.40039128947262
6.17054848817718	8.80967815051034
5.33009559393186	10.5839616577373
6.16110308297685	10.3825647719564
5.36088486237521	11.5724711803418
5.56789558619759	6.58046426323385
3.57418051752529	11.3929687230807
5.57487735990374	10.0055498307186
5.59567631829109	8.69305881415229
5.65774278208175	9.37977614722769
6.88609819273207	8.85345889998446
6.72314661547615	11.9109076121748
5.36132226242932	10.9387825761849
4.30858647510215	11.6630691757847
5.87643675723191	9.42406385157632
4.77870719609731	11.1052022290776
4.55846417198798	10.2304608238244
4.86482495545172	11.6104240329015
4.45501136189672	9.94014800879967
4.46580365739151	10.6256734688898
5.69501695194611	10.914570815647
4.77583682088669	9.2687765165611
7.29961481387976	10.0914069746017
6.16183631128932	9.56507511255025
3.8019146656223	10.4917554439038
4.91475116010095	11.422406056635
4.43408536254288	9.70581618774892
5.52524146821067	9.15513767110345
8.56196300945151	12.3205337896698
7.9569416938823	10.3211411321544
5.88463066790946	9.4668095258663
4.67491329563719	10.6054783592838
3.97907831741135	9.81325420302833
6.98021296723186	8.74627813938841
5.22580377139862	9.74448800030062
6.01578340391969	9.66024987120921
5.17909302717441	8.67601755298063
5.45819906679235	11.8817433644269
5.0949148740098	10.6231381284411
5.38321987145634	10.391616768036
5.1576267325499	11.0758698352307
4.73999233519131	10.1936910409617
4.02780583274509	10.7719212009987
1.88372009822797	12.3583216408499
4.18467625391336	12.457157736941
3.43667128443066	8.22567580684323
5.94888886576637	8.16925378036141
3.72658277188473	8.63530221809765
7.55627004119421	10.6637720691268
5.87611136911442	7.59325409943048
6.19972896865478	7.47748039427782
5.2336213213306	10.0100617457813
3.1488189327389	7.15160237923236
4.70972201931391	9.46710296048731
4.19826136682773	10.1635108693899
2.81144255299968	9.80101696995971
5.72814389746565	10.1980577031989
4.43825962693983	10.1855332683882
7.32284707111978	9.42389131696629
7.10212641931093	10.9819974078112
4.12915124334523	10.7444565632054
3.0664022456716	10.4820873304116
3.40292441763921	10.1016786233392
4.99819557413833	9.38097337517106
5.26585173886223	10.5880795198933
3.43427819310975	12.3972555428696
3.37476148150337	10.5191888502017
5.75152064514801	12.2610317116397
4.73473070979313	9.70608939854134
5.69704275476901	10.6907825246132
3.86974605105619	8.80986885604864
1.60917990607716	10.3649785548697
5.11724802099746	10.0488672170225
4.91803934475325	5.68560376621831
3.79290092316203	10.0781630606421
5.7924966555816	11.4742300505077
5.13735865760002	7.97274459810152
5.83068017240628	10.2932615872889
0.911681827999696	11.1928096627002
5.76904457142921	10.8814546779861
4.4371017335183	10.9416625815485
5.16836557674	7.52923449591925
6.93089976142765	9.02218425135154
2.99590884520813	11.4444249236843
4.1760415679737	11.9256147158625
5.90514370410474	10.3971459385814
6.53657801210897	11.9436069819495
5.02866206729866	11.9815229885035
6.56324812999474	12.6837915185986
7.00014424943895	13.135119414436
6.51127283548152	6.25446996816387
4.18738641892921	8.28550514232568
6.03321861014465	8.89659778278381
6.44815334180115	11.3916848084829
5.5273971648044	8.81366537804268
7.00107959653919	11.2960070694157
2.27805800149271	11.4039150441316
7.83446317389704	9.9586127218341
5.96099613576882	9.49315924202177
3.98600187503924	9.36725461767874
4.11588526085556	9.53990309022751
5.85338524636837	11.9878055348645
3.8727370813452	11.3690212997635
6.6053902901033	8.83820746889781
4.67417280672118	7.45378447947216
5.55569234248011	12.5438443029891
7.46002831754951	11.0739656169792
2.9389255061862	9.54076232969279
3.39188750659281	11.9058321689191
7.26821140946569	9.75822890891325
5.19978491496725	9.58676597919404
9.89845863577966	12.8144472251293
5.47475263501874	12.589334281071
5.20037677106024	10.1004897861658
3.1460682883292	11.7310853221571
3.77075989169453	12.6987839355588
2.37916757676345	10.0738478663675
3.03073021653153	9.54914160440462
7.20350174292314	10.995950392424
3.01843260732688	9.86626678669158
4.08865692751108	10.5973287837778
7.73348521805115	12.2438165618444
6.00222649752049	11.5410641304753
6.00211776282065	9.19168088538038
2.53562806602085	5.75208899333299
4.67023134212367	9.07059464766515
5.32220195973704	10.15898918964
7.57035394161585	9.41111875714733
3.82312484906498	10.8801921112723
4.08190665436456	12.095095717879
3.51131202499654	8.81519213795296
7.26267420635375	12.6372827328928
4.85047279708566	12.8318014796015
1.2754447559575	13.5165748770339
5.04370278166408	7.98425038424412
3.03304958156051	8.51957492356913
6.23833451799643	6.46342021329969
3.93159584810615	9.30388065716485
3.34510008516124	8.26448804910197
5.23479755018189	9.4908437401283
6.1049943432336	9.00520774656104
4.36437759714754	12.3688473627483
6.83841563010658	9.93673398823611
5.09764875497805	8.94107240069051
5.14793916885817	10.0123639107592
8.18008209902946	11.0971950327799
6.16976380898964	8.45940765664281
2.3225349858107	11.0470635718304
5.61250862611075	12.1568431316035
4.83988877956415	10.3976426381791
6.10573225331872	12.4302154613057
3.5053100429803	9.06727361845561
3.46463093899141	9.78262196365426
2.88141451618139	7.12728792947422
4.678457071989	9.41908024628863
2.01999021847346	12.1564912421688
5.26293345416772	9.11390437594853
6.41423274959923	11.9955274664589
6.00077510353957	11.7792704665939
6.84264433894842	12.2739286016207
3.60874972194937	7.98337591518687
6.38326326371169	11.4183793518763
4.45424418013328	10.482945191869
7.05432307716164	8.65310634953509
5.14711868784001	8.62097780390209
2.5318692115228	8.56859406946774
2.48140566003316	9.86554449781463
1.86617192903105	6.49340291914381
2.46610116810472	9.07348858600527
4.76086006672489	8.54175437784623
3.25826375837941	11.1256752595729
0.265778009416437	10.2924729694751
7.93133138970417	12.4834828066298
4.50916190535549	8.89594009347719
6.94360754784979	10.5529232557085
4.46834967442108	8.67888428238882
4.70809501102577	10.0824364693838
4.85917090257371	10.8573884892161
4.93467136843431	12.8943070135889
8.62239275673955	8.29210554631566
4.28876864110038	9.20801729243694
10.1226617743943	9.27539213661935
2.07735665348476	6.8311299233674
5.5027404839606	5.87331935264295
2.45500697679666	9.9802213135703
5.77779781880486	8.57181068815086
2.06262399361411	9.18469470763835
5.10472080600824	10.7123520943556
3.01227686832884	9.32953618231973
8.45359872830089	9.18387320635064
6.59503112853224	10.3914726876156
7.81060021398661	9.6147375562903
4.15554324840932	10.8678521896984
2.92919135783433	9.98226543874369
2.54140621364651	10.1078227757491
5.81098020005158	9.47488756893024
7.30349579111968	9.29166658223711
8.99188700373698	9.04669188133356
6.47471807873319	11.2402761003267
5.90385092897537	11.5916820962462
10.5448026446386	12.9139269851827
4.42763802407684	7.98919806702346
3.4474666379209	11.5848371145141
3.27842824839676	11.9090442806447
1.75817449969613	9.15858753324125
7.59438574366675	8.51841493781333
2.17251932493731	10.4332987584796
3.52460979572353	8.22942420659362
6.86611200607617	9.71398037217297
4.23772691077317	8.78867873319565
10.7642374620057	11.4427305896006
5.17977916546261	9.97125659154725
3.66098830477031	12.5751001953071
6.17324694383023	11.2904990548787
3.79307699220098	9.91595417758368
4.86948785187129	11.6021649264288
5.04506560001747	9.04623571758543
8.47369086191435	10.3086029019596
3.04342119274949	11.1955083834893
6.13317149796061	9.51541461779175
7.4580687623914	6.71827861529289
3.56999672061834	9.98668868867695
5.09198362430868	9.92071964970293
3.5176162673352	10.3254594014468
8.06247069964627	8.11918376019485
5.31674135467709	8.94079105029528
5.74655171240085	7.63024694447249
4.60367544449886	10.8902809004263
5.68242223962228	11.0217234683405
4.0891584064491	8.88229135696379
0.761740721565235	10.8024701477078
5.26889290673667	8.66543656761452
3.55533274652956	6.47074493669754
5.135910103541	8.12218000178347
7.27368048793234	11.8980495971968
4.76595773057706	11.3991834588076
2.55781615782916	9.08079704047303
4.7181896600589	12.2498354743211
8.65434341182682	11.3470037258383
7.53327294872929	9.5133364930243
6.58327720470043	9.79235585366944
7.6191115036675	10.5839675170314
4.21336394868789	7.7900674343758
3.02649580203452	8.97199201621939
3.77804335311633	8.66873329664641
4.42652091853244	8.64729723903585
2.36591054044712	10.6750128954667
5.28627227592686	10.1472197588904
4.15498451055791	9.38200973119792
6.01665365205689	10.5237229651166
3.4353185530808	8.71079491412995
5.642604627178	7.85068001104793
2.81736834404015	9.83189378367994
5.3860557214189	8.34911476963797
4.28455250343281	8.53205145619151
3.23907953413596	11.3036551464324
4.43531210697466	7.90422866065701
5.49104007965398	11.2692676422355
4.97996236085861	9.06239639819048
5.06281695021958	6.57312680486446
3.09768338820734	10.320744180634
5.65070137322447	11.6518108918686
5.29454355884677	12.7328527900336
6.97396288853323	8.99464510014855
7.87081126722199	8.24281485577704
5.58586262740697	10.6274861211041
1.84945050135894	11.2068007416205
3.6104253725237	12.1509447673831
4.00506782138897	10.4775092180854
4.59425750594793	11.5399088704603
4.4713767543622	11.4083595372886
7.83960317644689	9.69647178556766
1.71389153139539	10.3995190790658
7.28374298735292	10.0166836020296
5.9220728093964	10.8153678125499
6.04199781882653	10.5273061793166
5.80919448562482	10.0345368508478
5.36058089456176	11.5223441630416
4.90023492775006	10.0151648861435
-0.309057377380832	10.8524164025837
3.93912900051151	9.18096676695039
4.97200679007533	7.48932468047633
6.34562999502693	11.8264954177029
4.84410482964693	10.9587807978064
4.74229034804521	8.47310710425746
3.46233176694975	10.1580272295782
3.6557701143748	11.5685432095126
6.08985401805132	9.39592224404797
2.7208986801944	8.22330646961031
6.55665514584831	10.4608485990485
3.57082951685146	8.53642763936773
4.00320368271334	10.7088445856791
5.04386520832556	10.2868548772058
5.9743941082488	11.155953081299
4.70192020839997	7.5719162523557
3.87736568309514	7.81059295069938
4.73474543298177	10.5529818559589
5.02965905193096	9.2610771786613
6.43380437234555	8.16785286520682
6.21057322203018	9.34382459393385
3.25723031448117	10.7944243094034
1.11297319203467	9.30343830869662
5.17719028296267	12.5865562837509
6.56197735438025	11.4321918883231
-0.206194951953204	13.6853349915789
6.14183111717452	10.5803940985797
6.31694922605244	9.50432526808124
4.70569665929953	10.8683447561553
6.22735893010971	8.93471878471147
6.08903812550827	9.44047569754817
3.67746188738752	10.0857150577715
7.05710565723888	10.5459484352434
7.01603028585109	12.8201070881217
5.75848286836105	7.89839628846335
6.32390748243793	11.2873663397498
5.29806485757782	12.3632228104527
3.898452848294	10.4120678078
5.45662903355202	11.9491606855856
5.96646959513751	8.77062207804134
4.43967165064636	11.9947535650187
5.41383867423555	9.08663930147413
3.84204980536032	11.7871138897419
5.93908324943648	7.12018754349018
3.72705017923504	8.26277842587548
6.06761560115602	13.8002143051066
4.60370969159062	10.5867792748683
6.42201329354111	9.53868059740753
4.7311396526593	8.69538487076363
2.73394431193761	10.4184687735679
6.34679857699738	7.58234304888869
2.95598065208776	9.19991232369851
5.49844328733901	8.79623579099996
5.77819635140443	10.6904747418667
4.07150214170188	10.720230233232
3.40484044340588	10.6601938285233
3.81095061803218	12.1946684971354
3.10709386000069	10.8131236940362
4.1530419103385	10.431996534556
3.40865166907537	9.61588754078905
1.48098509638661	12.3148605404096
6.10679008788238	8.70128684712799
6.96741639772925	12.4715810935702
3.63928544414399	9.31579506192353
3.24681417189357	10.1985749657271
3.25344051299013	10.8402123926652
7.63472567973791	9.05608645064098
6.14881709808631	8.04205727550617
5.12335032086072	10.0399885027053
3.98774423978631	10.935234374765
6.75740768541884	11.5189038156796
4.60692231149461	9.63817361306729
6.11553492201923	11.9880786565855
5.34792989668844	9.93301053530245
4.94971023387895	10.6694839426848
3.28126186101814	10.274262151151
8.43565784317907	7.34637757579089
3.37262841925548	8.47281543879742
2.21230257046414	12.4984113157308
4.61931582990958	10.693189264944
4.51951154753898	10.8237040393007
3.47554383573156	9.22162670793959
6.01139801337146	10.1799508277239
4.3696552681719	10.762146428492
5.72172829090435	10.2303697924327
7.22884860482084	9.06425694779439
2.56834853138092	9.56250802728723
5.7694605722388	7.21378681893828
7.49563869211578	13.5721052058021
5.57655947813947	13.6898132995623
5.8937299268441	6.57854582570555
4.59805779149586	10.8760888511172
6.04329227709426	9.34927730595804
6.0609464185939	10.5375160012474
4.32101691859078	9.57797296897782
6.23118592052913	10.4552816300446
1.71807112218823	9.15290407110949
7.35269437174963	8.98210813368431
3.42071958299486	12.104478747777
4.74082214491774	12.0159277204286
4.30520504489519	10.5399092768474
3.99959784064901	9.07919482225019
8.47077705344661	11.8998021927299
4.11727232333972	10.2378329751926
5.15396719135131	11.0473043639313
4.96588192547605	8.69794871005156
3.72161905357604	12.0873885237716
3.00439384552259	9.44935204348485
1.62665484469833	10.4991601993827
5.04554588143963	10.6796084000574
3.56951080660598	10.7411729728041
3.75640092043448	9.06022487064723
1.63812742950034	11.0345723197157
6.71047906614728	11.3803214342473
2.11939647560959	10.3232022333314
8.57376422553815	7.9419724861461
1.39380761506967	8.28042307392125
5.47312974297564	8.94485503959073
0.883372079964563	8.24627061254405
5.65725414901848	7.58584975819981
3.28298293942276	10.730250862114
5.16318931122393	7.7053046847634
6.11509729021616	7.91147958634338
3.64387133376087	10.9562128515697
5.25741908428465	12.4724503764905
3.40516392288829	10.3857197118924
7.06308316701502	13.1492930255409
6.6990315458339	8.68380657498738
3.74698490475097	12.7915733768576
9.04325897355841	8.59461286620944
0.581146052611073	11.1053382052177
6.56319163686279	11.3728483996595
5.39340854833509	10.5776807134918
4.39161326908884	9.95602227533494
5.91359492556994	13.0160651818616
6.5152775800566	9.02224888109122
10.3141010326402	13.4294767055656
3.92806678835061	10.5403488842134
6.312067445679	12.240265902144
6.78163506512022	7.91639722062027
5.09152170423494	10.8367704224606
5.36521448205971	10.2960849443602
6.99614692759101	9.95019466210615
4.38980913732152	8.34735457812808
5.89297685723735	8.56275653008072
6.66653686270233	8.7779984972057
5.67057623454359	8.39152183589043
4.6099494059485	11.7914953504113
5.43201824565718	10.0074755016095
1.68137493787132	7.25983367017614
6.23184370521836	12.1864902104825
7.70702764244825	10.1532978145961
3.57040077907457	11.7985451019804
4.01596351635449	10.0683311510143
3.74656016930094	9.69404932567601
3.25236324325824	11.8440484710689
6.26528705408255	8.38391959229744
5.14758758614839	11.8544809337247
4.25874127327453	12.901370352723
3.9670708122471	9.63717433636147
3.70857974870493	8.37892159060246
6.11351504813642	11.2321296531974
4.66545569065391	8.57677482380909
4.78217645330007	12.4502886683901
4.87207531208483	9.30739047533941
6.94362170854371	9.17494210677446
4.56188788222125	11.5535737766371
4.31582170531787	13.3440657722793
5.68226041871403	10.2531903479039
3.82474080362754	11.7697520859655
4.71292803240977	9.40723942938795
4.1181242384398	12.5016695246229
5.84724708268871	9.19462160199821
7.12372844096225	8.63777257906384
4.73641428451151	12.7304328070752
6.45313755627716	9.83018609391335
4.88496547816946	11.1490556628503
6.52772503581841	10.5340006198848
3.93565796099222	10.6774162914538
4.80395462478349	8.28910096413803
6.30290419429782	13.5972766182477
5.86992877699672	11.8209563451262
8.06835194484835	10.2040844255106
5.04449735808923	12.1593165439733
4.99101416666362	8.57644250635182
6.79162078823761	10.2990379840832
2.22424450135706	9.55236240048489
5.55847201588109	10.4309496630865
9.00454806786873	8.88339425070176
5.04488264815195	11.9670964256428
4.11670538330465	8.16465485898822
7.4083438608946	8.36796097772088
2.47542553412559	7.99981303378936
6.154076537501	9.33314733503139
5.38924415720139	9.61710666326807
8.63515029310569	12.5053828463804
5.83042378123898	8.92255037812468
6.12637509712703	10.6549737826832
2.01022539124139	10.0611421445653
7.77764018187186	9.61491370050657
4.05398787287198	9.05799311853018
4.11610822292362	8.81866404018164
8.63500584827419	8.07126470986117
6.76987839065436	10.5645908279303
4.64661750684802	10.1460880590345
3.00994532547418	9.80077310126669
6.83133841079093	11.1382828099403
4.87753849850107	9.00608509822332
2.12194628334424	12.320545842017
7.98858138374847	10.7694959009182
6.69937172281419	11.155605510087
4.9681156612528	9.30254154666035
7.25194739761482	9.37315724255457
4.51154104598225	9.84110609148579
5.41997987796898	12.2246900438262
4.5261932420078	11.274077861116
5.03190077356575	9.93786163337338
2.33708777112625	10.4754846150381
9.40172452075052	11.5943640355528
4.26216339001193	12.118060787343
2.73947051045539	10.7590082160686
3.94752995968762	11.3856614185984
1.74036509510231	9.76953853563452
5.67398159532924	11.2512902276352
5.04809122549904	10.4642799640103
5.02538496616922	10.1152293263536
7.55764732008709	12.3242939708459
5.43855485587221	10.4041366328778
6.13188262957648	11.4540078184409
4.71407203250444	7.01555164552816
5.92893290451245	10.2184352722484
4.03134582727581	10.7796439443492
4.25243505121735	12.2816937936861
1.75963077464253	9.56379412154577
4.18042521407908	12.4633474546389
2.93001782779093	9.11697479287374
4.48955788077982	8.65536949535844
6.23311093410418	11.1804837198658
4.45062759077499	11.551171244748
7.33061385327772	12.5586605471459
5.7475062368796	8.21299633530627
4.49731602217635	9.54859175390907
6.39392630631247	8.07821535391598
5.60535000412699	9.31307997897182
3.83096818266382	11.4585171821059
7.00883521499236	11.2958501238295
4.93351940902394	9.80887113889805
4.13791109826421	9.56003361554629
4.71341320850671	10.5775450941941
5.44214963666501	10.1037900449632
4.10967262322617	10.2186778219178
6.81826741562275	10.2693009311458
4.48555682149796	9.71111920138061
5.35947690440717	11.0045755885074
4.97177814586697	8.87141119460443
6.53355286452071	10.5877476002461
7.94497181693104	11.3375961344131
2.06932800329679	6.63599526441877
5.32407021181518	11.5866944047508
7.25067093456039	7.55395406073935
4.69283433024199	10.2237932925441
7.19437717160175	10.4933518637355
3.88637486062475	9.20850475813826
6.02014301148807	12.1984614342299
5.85169412781284	10.6669998668401
4.44956989609465	9.49851363945512
3.12878180443304	11.1472685327926
4.59003300639133	8.15595530319428
6.79701793396218	10.3301595659305
4.12414884708256	6.80261675863263
6.99055929060624	10.2476374220669
2.12767362398018	7.97794199310434
3.85935650454218	10.5611529993874
2.96531088393086	10.6736579092883
5.70317989501201	10.0734388845924
5.97196090951219	10.6510546842962
6.32273826035263	10.7123847654652
4.56481942186655	11.236077353579
6.00506433674936	10.2088269128301
3.51097612009924	9.77240430259202
4.58137525140606	9.51936639374903
4.59230804646818	10.8521217216222
4.10197918378202	10.2661157382686
3.35496230808906	8.58310798501529
5.4149884399103	10.2467824829953
5.96775413827966	11.3433066728642
5.60680085974639	8.6620084609206
5.47663028219326	11.3234654421382
3.12648502743101	11.4399960319306
2.34190171353666	9.9985214549174
5.04194392865361	8.82160516976818
7.72179271370351	9.11080848820537
1.46967909460633	11.5625455939927
4.64458624038051	8.22802442697447
4.68992507915318	9.71388895157527
4.98213138251993	10.4101346349802
2.84465612541621	8.94992306602093
3.77996230696336	10.1579945630169
3.10467585047273	10.754236185251
6.95563771531635	9.42137455506343
6.93720849991311	9.93446084370233
4.60982431393811	9.97407830825766
5.12446207613472	11.7149896524648
2.61111842232035	10.6196884152191
5.05180817468144	9.78790131208766
4.31154760927544	11.0975029479907
7.93023940997292	9.89398703103833
6.30790123637942	10.096040725131
5.90739308016647	10.5113618315616
4.17836954027164	8.62776642736123
4.96579285585622	10.986759847088
10.4351422897462	10.7204286368713
7.68939361920963	12.1507807244468
5.10817872641887	7.46800264252009
5.77294304696684	9.79221744224218
5.3743152630343	12.5712535217108
4.71418908443025	10.6154180508468
4.54762079034429	11.6418914089277
5.22238607187226	9.58951765898643
6.459849100195	10.9876453397707
6.32382985094524	12.3390861787414
5.38150328669052	7.78594297275396
6.80233777784686	11.1656559187291
2.7054483252242	11.3107770627306
6.10072412140693	9.05568990082373
2.09471252457452	8.35309834130219
4.4554264326446	8.21144052022346
3.96603821204884	12.2529795291052
5.72325499437157	7.86874677001829
1.00842965162364	12.022271280892
3.65757894098149	12.0187584375506
2.19285942731406	8.65358318452725
5.74068219455406	9.34596997616064
5.40887073039678	12.6390296722012
4.68984818183189	10.4192137151902
4.64241455707118	9.79180822266652
7.11113770579331	10.0405342432652
4.93220015193047	10.340972210399
5.13652506169729	9.69756601126574
3.81508848108789	8.60392187585689
5.18742351989636	8.18003848875562
4.66543777306092	7.80662562850073
4.68505763273878	6.77333120454398
4.30652006928187	10.2789954380557
4.63688597498859	11.483419966591
4.82029250407381	9.18907853999568
7.30498025038339	8.74733307919089
4.0612610883935	9.73828111847035
6.69587489103753	10.3534578073401
5.47725433246611	9.62358519663077
7.50998041760082	10.358913761392
4.46825040315782	14.8878335819577
3.74129928284234	11.7070906825324
7.21507334314225	10.5452967128881
0.212250582316903	9.92206552102893
4.01590716711642	10.5468727004686
9.78618288740334	8.74761920879329
5.10502147288668	13.290206367136
1.42608091126421	8.54438221011663
5.0530700439647	11.4156531666119
5.56515894577264	10.9521198398476
6.26692473805616	11.3381056280992
7.3467188602363	8.80892626753005
4.62705104798738	8.03306285139326
5.92923546465263	9.58242819424868
5.99486010999649	11.2983423480736
4.97329617218414	9.82035534703319
5.10384394791545	11.7419855363069
3.41056964122555	9.82983005664133
4.09190029462985	10.3521602215011
3.18061401829823	12.115210449832
5.5301454145695	10.8618719010871
4.90025152608786	8.75246554967675
4.69201505200343	9.83325823179385
7.56670958156108	8.9923841239404
5.2277833535305	10.112768401488
4.90987830560283	9.41941856947365
4.0472075243744	8.2716847530002
1.99668905703781	10.9299809835269
4.32897123050406	10.5660758998255
0.903446705030881	12.0020995682538
4.01055553771079	8.76986582583584
5.01743981974326	11.0229716705875
7.17497609686585	11.6772240890625
3.57839984040861	10.5779911035251
5.52907184035377	8.14430039421799
4.99994957545812	9.15007282983922
1.11367384166401	9.89312032629749
1.77259098001103	10.1987468409038
4.66120036519535	9.88269821485117
7.12301297151723	9.83439839177504
3.95462434189918	10.2750752197337
6.17468333711373	11.7975370334784
3.74197577483192	11.2792134218781
3.14197487341219	10.6062484688695
2.74402781141557	10.382170737576
4.60228618693399	12.0778089648777
3.86264066401367	10.3877805413075
5.6608155802066	10.5267578852264
2.49062525380098	8.85752419361904
3.30585837875125	11.2780182077611
2.87931809725141	7.71014322979002
3.13449025042128	7.17533563880198
6.08007761519211	7.67464938538197
4.20690123786419	10.3955060857565
4.02700472439433	9.27145071090085
5.23591844456166	9.28561468379213
6.76929523123149	7.31474511714158
8.35340431935043	8.43096468375994
7.70434773169982	11.2065359973182
7.35389692442361	10.059062382052
1.77014790339418	8.25422239750346
2.02596238846878	10.1512612158542
4.89283533521172	12.915690945507
3.77839838640729	13.0350632811976
6.91813464792181	9.72494685169103
4.92245942680374	9.64261502183338
5.20531321457554	11.1668640454509
6.52112089776557	8.60328086701317
4.86152818400483	9.67771114621619
6.02216209794568	8.3675074342514
4.039150267036	10.6660675147511
3.93363334624873	9.66881752820844
3.8065476165997	10.2754602149248
5.20185081435861	11.8116758213867
3.51804942927386	10.6914336010548
6.38028582103886	9.72235137461205
0.731861700952857	9.01407138122798
4.17798329953323	11.3524659208274
5.97521727654607	7.33731855391776
4.04236782318832	11.6856841776793
4.48917077194649	10.4002135999411
5.21642197448169	11.8078017798919
5.18892269212819	10.3611098484454
3.06039408731935	8.77320218709574
5.81917210439019	9.08713343561263
8.08068981676148	10.0628087974559
6.38567131913966	13.192530964092
3.86027238385648	7.90114864764677
5.18680582432335	10.0625817135124
4.10399853470664	9.59793642115979
5.20757315236907	12.4600233952018
8.34442061803931	11.6371719517652
4.07737486590196	9.64886085719989
6.59787923855048	9.19487935643151
3.20429752488942	6.65394720190029
5.48436844380055	8.32726622134829
4.09393850520384	9.34384950281886
5.94617481968946	10.2246316695076
6.22167214383226	11.3650437500059
5.8113957220367	8.80109193029814
4.82675384207473	13.303672500055
3.1503586481362	10.7954385564901
0.516206670171383	12.0721861913654
4.22262221197827	14.4041023855131
2.50539804499863	9.70928867295632
6.61908285069746	10.045507573793
5.6512107919299	10.1091041312562
4.56478509649627	9.30392303277734
5.8605890313506	8.58656597839868
5.16051152961147	9.35157941934879
1.5976872215239	11.1213946303027
4.30526064038485	10.792049298323
3.10529070309365	11.1082890853011
3.82514399371591	10.1225167657436
1.58778562673616	8.69884611704236
5.53210282234571	10.2871448439449
5.08126816440432	9.48088460976123
5.37389681539443	9.17909909128223
4.58899605642272	11.1070793414765
7.8856000878385	9.67540010842522
4.61380963916593	9.80076031718481
2.62555594760138	11.4564949827323
6.48282293209164	11.0585766476074
6.25041705555481	8.30592416242582
6.2347697492727	8.27625374006776
6.11617502711789	8.92220507746394
-1.87363001285939	4.10228399800032
-0.0227323777572198	2.475104577447
1.94923821967166	4.10159661812973
1.20559399497964	0.234691239781577
0.203030317970832	2.2715215350665
-1.78335970759483	3.21365319911303
-2.26047784065749	3.7668061619832
1.17212307491301	2.97320869068245
-1.75875513708184	5.34143407481108
0.204438084589953	5.6632518354336
1.71097907928989	2.9180596743412
-0.830974376001477	4.03469250396028
-2.44550609972443	2.97594875119391
-2.16991979500229	4.06485269889342
-0.811721945299995	1.31953466562427
1.75090179473854	1.68554534228896
-1.41611591897679	4.37981859019973
-1.92223985437028	4.26430951979565
-3.47982715888423	2.34147548091619
1.32498554987883	3.42983704573219
-0.785448818373064	2.4669048880814
-0.45902644526739	2.2175071792875
-2.01112913269199	2.76059661373716
-0.418185416289171	2.21353656330135
-0.29086633284645	0.408285911885371
-0.0860724402974697	2.82158301460001
-0.317442622549729	3.63603442730741
-1.80975388456863	3.4832419371893
0.549867727339862	3.23101353281839
-0.633020437249132	2.53330162385634
-0.325869022920154	2.30336009748125
-1.02554579389026	4.60237327650188
-0.595645805308244	3.30379256101525
0.63085584112156	2.00308877663397
0.0920790625552274	2.5779573312211
-0.464500939394768	3.85612285461448
-0.15707957808428	2.14218053747541
-1.39944897146317	1.54047894777679
0.720570258867129	1.68192661664315
-1.03355219759089	4.27977104308316
3.14645584839546	3.41640866583007
0.0361628321668826	2.86869390531609
0.00324899258258748	4.00832744172299
-1.23238293252285	3.08729933066321
-0.503618121987196	2.67792496493049
-0.140997590203333	0.821955889106963
2.48367787784196	3.43599534704643
-1.153484692152	2.59467143731822
-1.11619407920042	3.24868965593692
1.09999065048974	6.53552221548087
1.28676404462879	1.74805876355567
-0.717996382921075	4.45852392396021
-1.31669159056665	3.78685647441495
-0.382252928702318	1.61604474585957
0.555623068017148	4.31894967835939
2.42617055935514	4.74429749172636
3.0599266209395	3.30867410352723
0.358921456044734	3.72168815868528
-0.848199489722949	1.33566907738883
0.491749330940777	4.49243582240022
1.72326085038338	2.67740322474719
-1.46036436448785	-0.37510318491167
-0.888533716395555	3.78820752294863
2.03367794972167	4.31329930537755
-1.03514101055394	5.27594622637656
1.05352876729212	0.7417313500368
-2.1686418293459	0.404568701042421
1.00053059953518	3.16376489791936
-1.03687474464111	2.8356584367739
2.27672715444551	4.04594020825831
-0.598339894898444	4.92530830554498
-0.0827193173283374	4.38732384761424
3.13780378563677	3.82970236299867
-0.641066482718055	5.35337188604668
-1.52854862467752	2.0839864937604
0.601665897905939	0.641670057692464
0.568459713390064	3.83806271850404
-1.63703246446436	2.16632927975718
-0.216842268436293	2.75112612219237
1.13632922661969	3.44068255370327
1.19197263559823	3.05541171474669
0.651026427958536	2.63359283839592
0.695711027673628	1.21805597723093
0.97050843836787	3.07909592349436
1.22903155278312	1.39076498767223
0.182480923688964	4.44233908862172
1.59521304868969	3.66056086943782
-1.60358861706176	0.739494572279182
-0.28673750916365	4.59078331890884
-0.860834368911726	4.307200778706
-0.171642411339689	1.25933805622947
-0.0105999420930067	1.77475526518092
0.91682070095744	2.93620567085773
-0.00877759637036672	2.42648489552968
0.327809440917568	3.23736055388138
0.674837037028163	3.49526668487866
-0.239815904780139	3.81416158191624
-1.83016133769309	1.250803655315
-0.721087581363981	4.91811840332988
-0.899559399465993	2.16072440604775
-0.81308247030175	5.03722770295546
0.129383469729719	4.18829027057095
0.448183682634903	3.17503753826293
1.94506449800107E-4	3.22216446181585
-0.873811932849004	1.92304989206749
0.698210037717293	2.36056769850044
-1.71916471707867	0.956683175003905
-4.16283530157321	2.16469274783476
-0.0699133695920048	1.73832134868475
0.94070031803648	3.02585748060159
-2.69729463457317	3.55344043416283
-2.00981488571493	1.1425256175677
-0.503791700225657	2.5566323751164
0.68679772669205	1.23078281539693
-2.10083862140676	3.02925615213691
-2.19312262748081	3.4811976329499
-0.168478758490846	3.41711103482895
1.18193539710291	4.33143702975102
0.836971968953545	2.60041868455536
-1.19337306577965	3.34655946826151
0.486799429609124	1.92041174668801
-0.317049604441042	0.736198251149978
1.11174109439492	2.56592662169734
-1.14671570243024	0.101124970344709
0.131623389767292	5.2044151230195
-2.85924378200889	3.91178503943711
-1.30973073586395	0.840844350473015
-0.072760807040315	3.38507274111574
-1.74526372630104	2.5463567139524
0.558700661230444	5.05097053894345
0.0932051846382751	2.97120427981062
0.822997999854336	4.43895934400897
-0.375082677720779	2.80409649374206
4.1235178071796	2.36157933003024
0.121478694719082	2.14112601143029
-0.0262058014161209	0.757838825288461
1.33666757458793	2.52506331252286
0.344151932590294	3.13134304999814
-0.508482090800996	2.88463064901546
-0.0489983947224749	4.73715530737575
-2.58004048576893	2.16799781926618
-0.543884090541573	2.19643121572404
-1.70171810665751	1.61480176003846
-0.184322229583916	3.30172552553549
-1.40350041711264	2.04858792267392
0.052944723089731	1.75481414948696
-2.35519109894522	4.40713281871422
0.281542719036493	2.5887889485799
-0.641759909752144	3.44661415346521
0.193450280478384	1.23731953358066
1.53026059489953	1.92840253233238
-0.311522467374869	0.498475180061933
0.317389196826383	4.05071856749581
-0.930120665003344	0.872194111630942
3.27785814077921	3.06718605207209
1.29054126159333	-0.0828568009332957
-1.05627146001278	2.21917775628605
-0.00739566988412635	4.45162110333298
1.41946543715379	3.30462793189241
0.99952600136619	4.79019271185468
1.32116140113145	3.42119853187583
-0.194500247115964	0.743504332800298
1.02168279966279	2.70910162934605
3.59649018815595	1.64102104669517
-0.256939275579034	2.60641720223826
0.159496526699904	2.87294355413935
-0.737817872287217	3.2277173086599
-0.245103746389488	2.70319352202046
-0.201794935966796	3.12056342536451
2.38554174604138	2.7752269648325
-1.587496299403	3.01779241150492
1.86787120797972	1.91174863184313
0.344746001229782	0.597765123022719
0.43024420163876	3.95718906188898
-0.99622638005314	2.71908510747472
-2.50940787741125	3.38185595272902
-0.740000017946474	3.23536512651802
-1.42741508214745	5.09927939282089
0.566040039895127	4.08330456973121
1.95842941637611	2.80848791136692
0.27288089474912	2.35496727168838
0.16451574693498	3.36918979741307
0.333628781265526	3.65778512791598
-0.791412611406597	3.39800777727917
-0.492707737230924	4.51891378573381
0.568166056953745	4.59954877608906
1.0835358644283	3.62168929557403
-0.918818150807818	3.54988906667074
-0.877756630874849	2.00009161948863
0.832165624257652	4.23104011654957
-0.509747389573908	4.02255821827808
-2.39285090789375	5.44781208188268
-1.91603227789707	4.42310736623879
-0.186373851103841	3.38151874934005
0.438521692984958	1.57242775877101
1.6220644741834	2.53877971356641
0.625234106711898	5.60250296479718
-0.81900044401651	4.90296041123713
1.43199575046475	3.28449275239491
-1.03892202593205	3.03878657916296
-0.223443046336488	2.56899189529462
-0.4252984552777	3.14016999406424
-0.472745030049364	3.3500651875135
-1.83337808948349	0.661026940630143
-0.307756474314232	4.09717420907783
-1.4982918764476	1.03475018143655
1.14364745903268	1.33536751497025
0.0167645501846766	2.85520956302812
1.49907032646894	3.55001903011827
1.53992673857336	1.01098352832818
-0.260515433035259	0.717498049051986
1.21068139726245	5.0802905780726
0.72682984048834	3.88032076742852
-1.3743993647971	4.91451481980762
0.13919342409698	2.87950399389426
0.950667754037392	2.67071359677844
-0.864194870647247	2.52014377297742
-2.69384529562624	3.18505222175184
-0.931491495148372	3.2453871437139
1.33450658228865	4.25297052413151
1.77721252403595	3.41843986571106
0.828796336486281	3.29371191170409
-2.37294220412953	2.43971577533557
1.02072415348748	2.07212347797821
0.106114357271293	2.28742892039688
1.19629182106269	2.46781122718726
0.92840666655239	3.67519313016003
0.585782219279299	3.6449405449596
1.89440141389263	3.09765346628393
1.02573456107285	2.22600816336099
0.86684272033685	0.514543585530006
0.790630126329293	3.67867830600451
1.57057217523689	5.50280490027708
-0.865235601533196	0.0431751029862326
-1.3584406894907	2.4991432441432
1.78936383427464	4.11881688496097
0.195615481812164	3.66138569871391
0.294684934840873	2.60671234090172
0.607781471244805	3.25036376274862
-2.17839980886842	3.4737137550118
1.99055919022487	3.9592540338216
-3.98540307665404	2.94651319031533
1.03525636670159	2.88126733518865
0.148739423088422	2.37576666041394
1.56792929303061	2.29738508813997
-0.875859431041928	1.35036867530936
-0.834434093070707	3.782182219006
0.0374630877174022	3.52315428946931
1.0770759384965	3.6460237109782
0.191137901163414	1.22156680763848
0.740073830198999	2.81576118956251
-0.274020928435126	2.07992594149893
2.22590350939912	3.11003849955475
1.10964316980723	6.27965966416107
-0.757617844915636	2.99893547573496
0.579333922315251	2.88482140501036
0.379438425126056	4.53605999993634
1.19067325347206	4.34053528459619
-1.39267458523491	2.29734211407396
-1.38102091054888	4.93780596851635
-0.896950189559218	4.84943709774741
-0.96733820999207	1.70596507812016
1.10512231608875	3.10299058971295
-1.99858272157557	3.71246327790209
0.536653854140793	2.59167490556729
0.162020391661758	2.89321832435572
-0.366137751833604	3.9519434137637
-2.55289784339004	1.41530712104168
0.660364675727212	2.44971747361988
-0.731670701127157	3.3585547135355
-0.659914413858466	1.87687364402519
-0.640986237266592	4.97039700382821
0.726216651058826	3.60980211639011
-2.02624231591783	4.39699246053711
0.295396792395252	3.05649243109992
-3.9159774075284	1.39348593456998
3.45669141497163	5.44356913182278
0.255815952575342	3.68325684103056
-1.0107011403019	3.19744301984083
-2.30891877952696	4.40258766228048
1.02798839803373	6.41644284325792
2.18406991879648	3.14555903587534
-2.01195262593882	3.40325158668937
0.731478173556722	5.55422776648102
-0.379904565685554	3.3281396839959
2.31700127180906	0.188265399901602
1.59706377277538	3.41399301271705
0.863741546716437	3.16905352221073
1.35345781861119	2.4881462872307
-1.8440355591069	0.295423610363838
0.489318091006944	3.99399870796894
1.10825179242991	4.69611400648513
0.738412216100928	4.22726838265321
0.154083574813625	1.21258051708685
0.908597483713609	2.05350304421471
0.967122203217474	4.32239552701171
-2.3369242917488	2.65916003069534
0.300611925362011	2.4765677677507
-1.40275835014189	0.356967354465081
1.47348249955003	1.42773962289451
-1.47813317656518	1.16412901011612
-1.42549274617375	2.53795614815704
-1.35401172220554	3.96388755226528
-0.326227282525885	4.17968336829829
0.316826276530247	4.58985423907386
0.274773348359784	2.76673419846709
2.99361875396747	3.49612590125657
-0.862351162754246	2.93507341833213
-0.183867507024549	0.167237543726577
0.58078761058872	1.72674883142183
0.344017637655943	2.09479663224243
1.00079131954963	4.10473144315405
-1.55228473255117	3.70588400282529
-0.0588154184690465	1.87978945103947
0.626151335356624	3.30370192471716
-1.88975716480314	3.66438947972766
-1.24854882245343	2.40718678422241
-2.7462201893369	2.58907401836363
-0.152727919583493	3.29335342163181
-2.67784531243091	1.91536105015621
0.700556573091014	5.12754986686172
-1.3059670510789	5.2527537240679
-0.972783454330607	3.97352587677384
-0.208586436669484	1.81313148489851
-2.29674526062324	3.28602074917308
-1.66724482740011	3.89554237199206
-2.90571153836827	3.9143007842096
1.31987119616791	2.42114612044839
0.30625166221583	4.09405299506169
-0.608631808823531	2.27093332964866
-0.50235500220261	3.24439348345908
-0.235356232816546	4.07576920426427
1.72431477593566	4.54175219517092
-0.602718570317601	2.17935838294338
0.581660217618074	3.20001799921875
0.549382204087045	2.72413800575614
-2.08910318432999	2.72457456612214
0.0282303226394703	4.88129043766749
1.19500469484293	3.80554856934758
-1.9019313916013	5.78965821048033
0.653127210011852	1.7867429529658
-3.87958363224599	2.23181898660814
-1.55922207323517	1.1064196451021
-1.70387298535143	2.21798378825268
-0.128505539192361	2.45575778356887
1.36410550245801	3.52586466920701
-0.497389710262968	2.84321947560994
-1.59548269298399	3.32891586680297
0.863072690696675	1.05017610285137
0.0375396323272537	1.52792772590046
-0.987386610242613	2.60698217361506
2.01965312442902	2.84540895946927
2.81648690888035	2.55136184244762
-1.23703896022129	4.97047058819691
-0.479168993207108	1.85659947772031
0.228836305476826	2.33095508099071
2.55093102246886	1.76075433493351
-0.823906872138521	2.47260587641782
0.41095584145326	2.41245487768307
-0.973721198223566	3.19834749662492
-0.400496310957435	1.19746329327444
2.00013852428041	2.58722532029276
-1.45281571600957	4.07217516505111
-1.68787750796027	4.01607434865058
0.115363721174903	1.19145403147486
-2.65588879938425	1.81042287318009
-0.833976766219389	2.28700385792939
-0.696985311855596	3.21922555359916
-0.771691090803042	1.96693975017148
0.679987712591326	3.08599818217886
-2.59884770772142	1.78198894926005
-0.587952863154711	4.3252432263081
0.949094342437876	2.6625921549906
-1.88014783084056	3.88247757189676
0.62419958176216	0.925502990829988
0.370948012836518	1.97526509537881
-1.91664446313202	2.27424889332875
-1.3761771168599	3.59788615494499
0.668032472925791	3.59704598910255
-0.219639304936061	5.2463734453673
-0.103937688811458	2.12692543164573
1.26529247768476	3.72270551808315
-2.9678184158289	3.30349993896024
2.87500255094849	3.19466138098068
-0.685511673550666	3.85493321716159
-1.54948299064436	1.87689103639628
-0.184056052270241	1.99512082732693
0.361746117130336	2.8045560062439
-0.403023975444003	3.84114783642817
-0.534802952862845	2.04313575273571
0.148100745918732	2.67253350271104
1.42963250140816	2.99139693359627
-0.334111484200039	3.58519805440461
2.09842276344513	2.20959580740209
0.63266266219856	5.16022797839453
-1.42449950332091	4.83693931391713
-0.995273891385344	1.42608701834461
-0.549382665338434	3.73727055543311
0.411785354906092	2.66781980253201
1.50022557407163	3.47365016770643
3.22225736310561	2.91506387578748
-0.692594384061901	3.17052292397628
-0.0930723437932552	1.8923787379436
0.541754570701495	4.33002492227066
0.146183790875593	0.771558953354995
-0.628623188936755	3.17089195629166
-1.22727108265301	2.96164708212611
0.84912794312861	4.48618029112563
-1.71009166996597	2.95126851554406
2.36573603784848	4.12338367352442
2.62056766847993	2.6741757735325
1.05632977487333	1.95379777083272
-0.0331672414774358	4.29881232552263
0.915102560597487	2.59355101508476
-0.637135872808515	2.99435029565988
0.639897088321611	3.28439729339277
0.459606310451607	3.49492390965876
-0.903879776041851	3.21384386433222
-0.815756153166026	2.5863401708636
-0.647792796740694	2.05811162917351
-0.283292672864691	3.44153030268263
0.189115987969371	4.63952828622555
-2.88225778408402	2.27049923481159
0.478839673206221	2.85849205581023
-1.43688552320455	4.15072765854806
-0.17140809672688	3.14431934692878
-0.368948533597312	3.2546980759765
-0.82131199387829	2.22430789425114
-0.458133623258176	3.22042461622085
-2.03214619902611	3.71098022935339
-1.90868129374125	1.72341119688903
0.431825055817848	5.73062665675209
0.48169309935698	1.66652546180483
-0.856476687518928	3.81421332142399
-1.03059662851487	2.33439796054093
-1.68632124858148	2.1186437295378
3.65853800618527	2.54806436484966
-0.874261981594409	1.97970169333385
0.173423861961836	2.8363311476866
0.144364361458782	2.13629299482262
-0.800263602688279	4.17219967183194
-0.683489775973188	4.57518748395397
3.19344163659787	3.9795520867348
0.288355484692433	4.70410361359846
0.908677798203525	1.6566052413861
-0.0387990608174398	1.84281678887569
0.530928985635378	1.90144877543793
0.356386882766922	2.76300979455619
-1.61651257621791	2.04455877666892
-0.925910570357267	3.6877803573415
-0.171061335292099	5.63975270301536
-0.353423938330021	3.50989531112074
-0.6594132055821	2.5219470764289
-1.70068952172158	0.822320275427054
2.00025548717938	2.04300354224812
-0.438853263272472	6.36946540933134
-0.994382025039506	2.32698073291181
-0.400494093245778	3.49694413494373
0.841201424398399	4.60592423265721
-2.12769131948737	3.4565922987412
-1.28334193405441	2.46191265116283
1.32505474751255	2.18523800010479
0.937442826125102	4.34055242465984
0.797924745129096	2.19135916339573
1.19152050114119	2.41787323893201
-3.66349848484909	2.62862491796871
0.518709391436953	4.95109635842936
1.89276995656203	4.01212004338971
-1.63260642021007	1.73547653951808
-0.74444489204479	2.29802682235077
0.131404421657543	4.19932789713195
-0.731774894248879	4.18422589660669
0.63410281456672	0.139205346750309
-3.53251422453248	4.35766408631765
-2.548713959363	3.46672237443973
0.613606123050554	2.9358351946789
1.95404181770463	4.12130836034959
2.07743376292019	0.543246743399208
2.02378774112575	2.4037783207103
-1.3620185874422	1.28190813182537
-2.26294578649263	3.53533998322375
-1.80847643677735	2.78660709438229
0.172603450347902	2.98066184494744
0.88094486685969	1.95218681836648
0.153755095029817	4.06512408057322
1.294515796311	1.21849645418555
-0.699105507313111	2.14016243448238
1.31460155282214	3.44140972766234
-2.20456743049559	4.11047540539011
-2.10802568159737	3.12677842198348
-0.473977730119773	3.80612270811419
0.21316016550205	1.65247242701618
4.59257423213747	1.18235216703919
-0.729850344401127	1.51872544344601
-0.539985550526337	3.00002275824732
-0.37499391740046	4.24947779967514
-0.909311916392535	2.26490430039965
-1.68459947137994	2.66534595738592
0.0709624155557127	1.8853575928869
-0.724585391179986	1.6221571492169
2.25529760016145	4.24066774545819
1.22039377565616	1.63391453850133
1.90952087638267	5.10137222963754
-2.10344706002402	1.61846852242408
0.234315569981581	2.80817548474403
-2.60131897219887	1.83260141317431
1.45929058535757	4.18280228640928
-2.52145037747128	2.96144534629341
-1.33497902806888	5.00438116930693
-0.404754141406487	1.26068789334891
-0.434595930160558	2.99302591889395
-1.19900646907797	4.02653923699287
-1.63894055346243	4.9067635014334
-1.11618063764849	3.21634545395243
-0.783622034384329	1.70573068149947
4.3979494160071	4.56482177535777
-2.07850198266019	4.23284944485838
1.67561711669866	3.24174638678792
-1.64900579831506	2.97828062599212
-2.0095825866684	5.59476510356011
-0.776578877106216	1.11165267928083
-0.839066570722847	1.97858807557783
-0.170512781490289	3.00299281910091
1.83126237972964	2.47225940910445
0.770233013728249	1.98082072043418
-0.528711809142149	1.91999243742267
-0.0799045656257064	4.30111597376439
1.53189902132525	2.32598709912745
1.04198130951195	2.98424056785936
-0.952526315179496	3.81278997104847
-0.98243317661051	3.86636857585063
1.77108893611746	2.12452770316429
-0.818776518359773	1.29384308999
-0.109621987810424	2.87228749290206
-0.928512835226642	2.88320117813916
2.80509188091145	4.65152395938737
0.00704449820975814	2.27704462750102
0.0528347288068967	2.53534306087912
-1.2857662152343	2.21467290343776
0.050961480767664	1.90528515477431
-0.478366014885162	1.86172963437064
-1.35869993067334	2.66009809598091
-2.24800117092919	1.69434640838646
0.0859048311829416	3.66520469472966
1.90766969669062	3.52205970688326
1.80417719465453	1.13737313941509
-0.00472889159474427	4.86022637345918
0.623685128869281	2.67893951366389
-0.241577455218828	3.79182262087154
-1.35050643963296	3.39046166743
-2.03431214581107	2.20790858574572
0.912033652791619	3.74369856832344
1.65369368459099	4.59566852782566
-1.83719111453046	3.75117500706201
-0.404059278915506	2.35279771300338
0.571193665258417	2.70308790633796
-1.01068762962172	5.93582455131648
0.59517860787501	4.30755055435029
0.865178237780146	3.1076937070299
0.59140477263947	1.33968798449906
1.60650632769019	4.211189541305
1.8753362558701	2.18233738366582
0.143707364454516	4.32465085845551
1.95276852424699	3.2865983284199
-0.145330202539452	0.639932791888009
0.57404319210437	4.12126938804031
1.72546165205836	3.94057604461526
0.73501610807109	3.75853015815386
-1.09795254682128	1.13919453075735
0.530108913706276	1.69449132638071
-0.867887092182007	4.36396325401585
-0.986001492207418	3.82099440612911
0.535251047279856	2.53836748098098
-2.65257970466859	2.63045061391107
-0.0272099934280307	3.15163826612747
1.38158113681061	3.38977266054162
-0.395376259817992	2.51523230743501
-2.42893121390011	1.05919587927335
-0.154589702361839	2.4083876460908
1.64873195175176	5.1144297916325
0.940567903577095	1.91239944162178
0.47232080040043	2.13555529210002
-1.46230741134702	0.921201156746504
-1.2375509660776	2.86370662552583
-0.0526475390362052	2.11362740127573
2.99756676244008	3.22595452024032
-1.35315501843809	3.21532108523394
0.496623464885155	2.89756214713442
-0.0506230905335406	3.69455388763291
-2.61810629098135	3.00341684445101
2.79609571049922	3.22980530967337
-0.827825887187019	2.12421237641774
0.903696580205347	4.36139221216175
0.968028523574136	3.00640396129199
0.256661145289542	4.02374682457694
0.631098005933953	2.79509536439823
-1.17324917686691	3.01184936120251
-0.874541351236337	0.219271529116034
0.593029168127334	2.9699535814578
-0.459988952795891	2.00733008415869
0.766360776684095	1.03196748608409
2.10412918985948	2.76034151091836
-1.57650743414341	3.50041813351402
2.12386837706719	2.43305699497264
-0.218354661654295	1.55980277076534
3.10346982444436	4.11062886235598
0.431730116378112	5.31920855080138
1.66981526814104	4.20967239943594
0.0591120698504327	2.34518781466786
0.0717326822466295	4.19789179114139
-1.05125890965046	1.45196589988741
-0.760496005927455	2.63308609742506
-0.978772785132369	4.70665585393643
-1.8020386983361	2.04130370815511
-4.07412923409524	2.60127859155605
-1.30179680882826	3.61254764953549
-1.42408023060664	4.16634185949074
1.98631688804793	2.50724949845305
-2.70621376520638	1.67246629712525
-1.37271640551685	2.5878634812307
0.78538475708849	4.5137887276991
2.06220195110422	3.30496687597435
-0.620467238165982	4.56025375495267
-2.00575547149102	2.30454921163111
0.860723617878254	1.40503491620935
0.666711735491737	2.78747227330806
-0.578965689507982	1.87407113235968
-0.0751754098414288	3.05501306719376
0.681258778962786	3.08212828210196
-0.434568414478327	1.74351114197021
1.11280294873432	2.2468508646392
1.748133477523	1.48438543483072
1.0195344390931	2.82257559639499
-0.984881618225647	2.19236979770083
3.28453394157398	3.24716046711888
-0.096862112186105	4.25236352431396
0.403860195948868	2.96599459988057
0.609090776984514	0.637921532918209
1.17313724543345	4.17174711133306
-0.904776983671695	5.28675553297129
-0.227049065630868	1.93779187702168
1.52794667497679	2.81859271602654
0.957312638238427	3.69372022412161
1.42168278699121	2.45561127545666
2.4722005985568	3.35962853560766
-1.42527343197448	4.53787533216546
-1.34978945613424	0.773058650042519
0.651190113160857	2.74239466589198
1.19134886077744	2.29824831098092
0.371561100425853	5.85641675324268
0.890608172329406	3.26736348648046
-0.839778497230059	2.20696106793762
-0.919670509565417	3.50912731406972
-0.0121722820995553	3.50425299463491
-0.451922610971242	3.76589094533214
0.160993330060498	5.28233494698165
0.530155276484982	4.39018178907109
-1.70508340727347	4.7511350281133
-0.0556064115085103	1.95700049509766
2.8912514778887	1.41813545026819
-0.872334277548817	1.76460550095282
-1.99994583736013	1.70759872583672
0.628918453081494	3.43835714203986
0.0301594117155185	3.62131996174085
-1.37702973568118	3.07945366104395
3.55976740781	1.6387120770243
-0.125215634140915	2.54833048067918
1.20828771211606	4.08274759119771
-0.824968167141297	3.69339954838698
-2.29751635862498	2.70680617243008
-0.778831745955026	3.83621317740452
-0.492030586438478	1.76580169282905
1.42998765093171	1.20003728510735
-0.997148539103774	3.12637314727574
-0.34682981407865	1.99388992313523
1.12531932986545	2.96294355093069
0.300594369185539	3.87819331204015
-0.914016845759955	3.42378384459366
-2.06481082019879	3.11774117847427
1.49548179857131	2.92417264163896
1.51549083683412	2.4455585382129
1.54148641491226	3.53048098909419
1.40630409428958	2.75893768506577
1.35606914314619	2.63336777336795
1.13188891831046	6.28839085738427
-1.48338429266602	1.45394627223569
-0.734496206121309	2.2805439043768
0.692304828261007	2.58662968837786
2.24902904923997	4.59936998450264
0.873609922181596	3.426229934548
-1.2522592222212	4.22860943448845
1.23808565672645	2.6762942371583
2.07931087232888	4.49489740461084
-0.72118279796586	3.45683979505207
-1.41070196915198	4.3875836199044
-0.792134133483991	3.9162773376177
1.15793413849958	3.31426967348116
1.79805129161476	2.79548512528146
0.552401364240691	1.31284722606064
-2.11837515657734	3.25802754894255
-0.426639378461766	3.22092218124231
-1.84299021985461	3.43127204325389
2.84638732952524	2.76171286025634
1.62938531241634	3.14533728735551
0.0479483846310189	2.26811988353012
-0.273570400682171	3.70773308262295
-1.66978786670473	0.749418067302031
-0.603121166467181	4.81111671993582
-2.09641934780656	1.80095227606736
1.081463245478	2.08752190661117
0.108439574190899	3.70591784694593
-1.58448966276373	5.03583737763987
-1.49084629512394	4.67626456125013
-0.981229367649273	2.18267811028171
-0.33348801928567	4.25477376402378
-0.829271798926706	4.14810668887894
-1.06622497199797	3.62639334907722
0.521665415086476	4.0136291165612
-2.01008244051031	4.85901097432881
-0.104645754644011	2.86408088748938
2.39363828631217	2.3564965660013
0.577545178178639	2.46604611583372
-1.39487910949103	0.706885319742341
-2.43593797931386	2.32234877226094
-0.764863027904342	2.50769029327232
0.810379235477934	3.39183861402166
-1.98748390375044	4.50076333509465
1.38349204309759	3.6434985063258
-1.5529242016688	2.46421287353482
-3.10611137318848	3.34352467715999
1.68322496987253	3.29069522159847
2.01400484793327	1.78898696160427
-2.38810425914055	4.54964031548525
-0.817018312669074	1.66743818601173
2.0958693824925	4.07791051811837
-1.25255804721264	1.23683468987447
-1.52021145607548	1.40832403854882
0.704569784000527	3.80309899014297
1.9131233688329	3.12939868549796
-1.63271748117749	2.76593739362421
0.0560089380663868	4.43330814335004
0.774454918270594	2.29908936082029
-2.51166282442014	4.03617141779589
-1.703061597167	4.76894840630759
3.13294826837803	4.10913314500119
-1.01438949911656	1.96353123267635
-1.74879547971573	2.668983056278
0.344907493664687	3.80170658988043
-0.247441894809229	4.53786041037185
-2.27234753548178	3.39362438935372
0.457782324432911	3.99231345102651
-0.64317025469967	3.63345200629211
-0.860754531148516	2.27916876979838
1.69714380266224	3.14322503153623
-2.9829447068874	3.0710779955948
1.14176729082119	3.62604639826344
1.22773642409438	4.45351193975646
2.29262678273123	3.50970076320709
-2.35152007599848	5.58697501361761
-0.97305019673209	4.15184860096256
-1.74371135243158	2.69679555813361
2.24290938101094	3.41605464777582
2.33714398388548	5.61728798382905
0.321356620138279	3.34545235909537
-1.19449639961188	3.50752837668818
-1.92372970802809	3.29132929060128
0.183816082441271	2.51951161725372
-0.727033252174738	2.16099079593324
-0.837283020740508	2.73444881712445
-1.41617210451879	1.07751497193135
-1.85574800423358	4.01772145307296
-0.150491924037112	3.68428652875442
0.0263934286271292	2.60794168123954
0.049401206502437	2.41605596284476
1.25405602446304	4.55405593949996
0.990940526062041	3.5322620287928
0.826845648776606	4.25904753114499
0.391722288349731	2.0741415646748
-0.108257101438453	1.97684575911784
1.5218900370407	3.43489950987017
1.2321084189318	1.74789592036184
-1.20208564463667	4.46078796004578
1.87851781554701	2.9710370791664
-2.38265122894968	3.20178390388031
0.267577249898915	1.16379121873761
0.386445957144696	3.65317347212183
2.35835232963597	1.45816429780767
-0.536594041333519	1.50208350573469
-1.98625909966666	3.88116753128158
0.44350698911603	3.81185104534054
-3.5698820325468	4.14481461303561
-0.190542144546362	3.0463305267136
2.20148757967022	3.19487794839663
0.298498461848964	3.47584790589387
-0.993986802776028	3.33494583860565
1.69653562286642	2.80080314959596
2.40375777698403	3.34235850718082
0.7832474069367	3.33345488177226
-1.05048374307557	3.57638058855637
-0.00608441011561304	1.76332334496717
3.62195524654043	4.53909670874377
0.678942834605922	3.82134031434829
0.533306878093587	4.32599185871145
0.56767658093654	3.96989509089651
-0.921369989507635	4.21654785196012
-1.24496460282889	2.67316160923993
0.818632871372908	3.6353480742548
-0.606944377646651	3.69918319057831
-0.457999380412169	4.44640065422805
0.838716813218518	4.80938857609657
1.1332050755592	3.94760217308983
-1.22795412350038	3.36642993553039
1.04471956555966	2.84835544143144
-0.670931084226025	3.41867764431237
0.361617255099674	1.98843661699483
2.0793909494885	3.79032552393301
0.219370953449983	1.72636495786767
-0.114200700008078	3.4424375837162
0.64029978170871	3.35262662396111
0.00540618480286653	2.81960345465789
-0.128450528443723	4.16117637289836
0.781865869587169	3.11353330539987
2.75886725827516	2.97818343294257
-0.085673698501273	2.54432758962527
-1.60843787187537	0.847585631972368
0.164415764748192	2.34610402791389
-0.785325523820527	1.4618896955672
-1.68459955586578	3.19021483829719
1.97769697268518	3.71362057408067
-2.34855511697286	4.61306828987664
0.483445947728718	4.07789668295115
-0.0281623489293593	1.74394040054099
-1.45365505047823	3.96198906565196
-0.754576171480633	3.23382832426736
-2.86499807141752	1.50383994587685
0.274658708033629	1.30696635721872
1.8285749159567	2.51750391963309
-2.02955612613047	3.72727559524291
-2.46171458742596	3.80618594033312
0.0421538973514855	4.54746919238418
1.04075250066039	3.99491401214763
0.974371930716489	2.2701271986237
-0.613736817369686	3.54493275272503
-1.40352365311223	2.35531622922621
-0.540169479657255	3.49366352201002
-0.425517927779816	1.11941617766281
3.23501983127029	3.90539309339248
-0.530908789469197	0.46686879656874
-1.45109744081013	2.89067653320708
0.141042691438519	4.54083391938879
1.83782295880987	1.4182234956911
1.39656063557086	1.06732054309974
0.493860159885976	4.40170084921652
-0.112264036470173	3.29255317210585
0.808785371708598	0.798636595555541
-1.81494412241345	4.79144221642379
-0.478256219877196	3.26885654018175
0.762573001573178	3.19533017468525
4.03797360965964	4.53862080532273
-1.4800362034545	4.91837022518587
-0.337218707536374	0.66877340592468
-3.94256684379343	2.67595937768839
-0.116356533348922	2.18931411195542
-1.64475177364928	2.82547539361312
1.5643410071677	1.71230690934102
0.750707099442667	0.189733626545548
-3.16400884718657	2.63467062144154
-1.45605914814478	5.21394278909811
2.64074846406218	5.66141639183806
-0.379430377341077	3.9874234337003
0.146984736041229	0.691868444539056
1.69491550169881	0.98975010795494
2.04495091224978	1.5646187497558
-0.396696051622667	0.512619239616199
-1.03389931958443	3.76883021932666
0.189723392603334	3.22942401151156
-0.531822887629412	2.55332081855281
-2.66691308437671	3.51532578319025
0.608462197445496	4.12921646549944
-0.811726490329521	1.73745157272344
0.39588720401988	1.64491124475049
0.446232457758635	2.22847973797018
0.934002357972764	2.76002787419149
0.245151174980629	2.25094492083837
-0.837397398630992	3.90143056148632
-2.35406230188891	2.12377339604052
-1.18946140501371	4.28952337784745
-0.635341023949424	5.22833504589796
0.985676819955219	3.08340598437023
1.11301775035149	2.83514121288677
-1.13063265977015	1.91095019906297
-2.43531026065547	1.55257614033917
-1.2498847152336	3.95778478766591
0.168559433586674	1.8054465281909
0.547780116388923	3.27277692415229
0.0814045886848314	2.99541252041668
-0.68257887675936	1.71471773663645
0.430283516565751	5.55412088935223
-0.593210609536591	2.03655853466975
0.245022492364533	3.73464858061149
2.13884298926057	6.50064855950121
0.807272175077821	3.79438008839171
0.336870306512616	1.44174201250366
-0.38220015913641	1.80114659747802
1.19955841042142	3.22968812721333
2.85335895264918	4.02481423939433
1.74502580943189	2.564515492735
0.226757871106094	3.46137487719345
-0.557177699856075	3.25487618463415
-1.23862994473901	0.347496072037289
-0.404277606256413	4.91053587899687
-0.785262449911099	2.51423850170972
-0.26028110499351	2.22216765192765
0.193036953272294	4.67995724072532
-1.38843066994746	2.92374184134306
-1.46761632043897	2.76051087056787
-0.659414222820148	3.57590058299028
-0.934516155757565	1.90643834984112
-0.014620315881005	3.12907924511641
-0.0126127530713054	3.53692890476314
1.97328848540793	3.15832074847631
1.51174283728549	3.85234743995214
-0.228444538633262	3.16600250363414
1.88841321693107	3.52858264898446
-1.36957769277987	4.11839992264834
0.296493386506383	1.41330611458887
-0.252814961043834	2.17150248598342
2.92526420012654	3.83817481095969
2.29251673356013	1.2422740271974
-1.55199012655579	1.5307951316017
-0.312996495124427	4.30161221203278
-1.20661660432612	2.70600054188919
0.0984914365915541	2.42508667171725
0.777330011196481	3.76033330743343
-3.06916238368499	4.51351963424427
-1.82745537859699	0.65145587796549
0.910877131093365	3.48209544134527
1.96581712081605	3.44009106601249
0.408042111002568	4.83451022723189
0.810915768425296	2.5529383249028
-0.62016415204175	3.5942919636184
1.68869967030667	1.16979536218679
1.00523180437084	-0.102964670992416
0.384193359408497	4.25013391763867
-1.31864960230447	0.0415795505626604
1.18816120675531	2.32902616808703
1.53124519242836	0.670171576194677
1.02190764426978	2.94401075196855
1.67480402004304	4.67783731134142
-0.727603579782	4.90864593892943
0.992404466661292	2.36139952066443
-0.904734056767354	4.16352460083924
1.15906904593646	3.53327969687266
-2.6885684609336	4.77356640533782
0.862117610901276	2.77822370096219
-0.0378043002582283	0.757903986882682
-1.86899068106461	5.10335305302033
1.30747041954962	3.41809680516272
-0.713104064503289	2.38655784840297
2.70703395227523	0.978259143379246
-1.02464410239452	-0.129978753861884
1.76279969079285	2.51279726373362
1.64957086237639	2.22313920029717
-1.0208685777232	2.91747939012932
4.00956853272776	3.52859441948777
2.44867942152768	2.92344505715913
-0.225657851596421	2.64265211962432
-1.03349583814913	3.99450668002694
-1.78092563163782	1.97021141964907
2.33529207260269	4.18988325726319
-1.43929672815182	5.40875062395702
3.39956729412057	3.18018848009779
-0.20820836847517	4.25204205458062
1.48302005247256	2.19956111995197
2.04568806797806	3.54598437497863
-1.90220730535921	2.56481341300846
0.122830947887068	2.98129410597545
0.697413308702515	2.46632800884161
-0.634203882268985	4.07921695781227
-3.14726717439989	2.640338963349
-1.31230370851903	2.91442634609738
2.16627130773047	3.80703769766508
-3.04086161336769	1.41089629846879
-2.5940241886275	3.01745045016957
0.558615511616925	4.91270781488862
0.0636717493599496	3.68173849441125
-0.00723000632424576	2.20041089054611
-0.637766534244701	4.3154562246048
0.423914159481759	5.61697970077104
1.27921144774547	5.03406013634995
-0.93893354971005	4.524341343558
2.16815158843178	2.31410908453952
-0.38976115585581	2.5373002161994
0.00709499569792006	3.25856739385685
0.60252295142886	2.71242099539667
-1.41505598526382	2.85757805110569
1.3423804078115	3.89570724771082
0.770168961864778	1.70573190661063
0.320778537872926	3.81178700405356
-1.52855480971519	3.4736750423657
