t	L1	L2
s	counts	counts
6.55	0.112831935406151	6.848
6.575	0.112770197745264	6.8705
6.6	0.111928717576448	6.956
6.625	0.111529058986898	7.0295
6.65	0.111230624959489	7.0595
6.675	0.110806333024218	7.031
6.7	0.10996964226167	7.0955
6.725	0.109352931658477	7.127
6.75	0.109502094679606	7.145
6.775	0.109000863570995	7.185
6.8	0.108946485014112	7.176
6.825	0.108295666051352	7.2105
6.85	0.107902411903881	7.2785
6.875	0.107290998925139	7.312
6.9	0.106964082689991	7.3265
6.925	0.106386481760061	7.255
6.95	0.106844637125218	7.345
6.975	0.106046612186077	7.3365
7	0.105570741385593	7.3335
7.025	0.105179143705977	7.344
7.05	0.10447718211197	7.335
7.075	0.105070220291836	7.4325
7.1	0.10448794696633	7.468
7.125	0.103389781279126	7.514
7.15	0.103710818728174	7.461
7.175	0.102937506827153	7.496
7.2	0.102583320767275	7.5
7.225	0.102496871511878	7.5465
7.25	0.101959203080537	7.506
7.275	0.101700008752421	7.578
7.3	0.101276009432137	7.5825
7.325	0.101292575259116	7.582
7.35	0.100576698568657	7.608
7.375	0.0999823992856911	7.6065
7.4	0.100001535724233	7.634
7.425	0.0991746153871122	7.618
7.45	0.0997394436038004	7.6155
7.475	0.0990851775739141	7.625
7.5	0.0988280020325831	7.6595
7.525	0.0981732914025547	7.715
7.55	0.0987318260005894	7.6385
7.575	0.0978333055413858	7.744
7.6	0.0973425653444342	7.731
7.625	0.0974649817302784	7.724
7.65	0.0965302557953692	7.7665
7.675	0.0965491701600991	7.778
7.7	0.0963162916629845	7.795
7.725	0.0963937551361252	7.792
7.75	0.0955382904240995	7.758
7.775	0.0956471683219633	7.819
7.8	0.0954068492161341	7.7665
7.825	0.094898388482207	7.817
7.85	0.0949920310721331	7.796
7.875	0.0941093736691314	7.849
7.9	0.0941098511670887	7.8645
7.925	0.0941556015284961	7.8535
7.95	0.0934682225344319	7.898
7.975	0.0937720150211819	7.8665
8	0.0930291180088971	7.9195
8.025	0.0930124816682334	7.9115
8.05	0.0929653267736156	7.9375
8.075	0.0920281717242058	7.9235
8.1	0.092200994700138	7.953
8.125	0.0920297201432066	7.9535
8.15	0.0915954079403822	8.002
8.175	0.0913574966615053	7.924
8.2	0.0911700197700703	7.933
8.225	0.0909951191314251	7.9975
8.25	0.0904652071697309	7.9855
8.275	0.0902505344304397	7.9495
8.3	0.0900645949807164	8.0055
8.325	0.0896100723505065	7.997
8.35	0.089265326014248	7.9725
8.375	0.0897762832780878	7.9895
8.4	0.0892888717077368	8.0195
8.425	0.0885382083131767	8.0365
8.45	0.0884485995442712	8.063
8.475	0.0888957034486291	8.051
8.5	0.0879984215592867	8.062
8.525	0.0881999799716651	8.048
8.55	0.0878679293395309	8.0645
8.575	0.0877373881142832	8.08
8.6	0.0881056371356709	8.0805
8.625	0.0866213088171844	8.0995
8.65	0.0870789817369289	8.143
8.675	0.0868029644177614	8.119
8.7	0.0869391872156094	8.095
8.725	0.0860876347484013	8.1105
8.75	0.0859509945412825	8.103
8.775	0.0859022245908189	8.122
8.8	0.086011580388726	8.061
8.825	0.0853979662699881	8.133
8.85	0.085185692166445	8.1825
8.875	0.084682851982064	8.1295
8.9	0.08467862088719	8.174
8.925	0.0847783904506938	8.1535
8.95	0.0847064713397453	8.1205
8.975	0.0836898771007243	8.1675
9	0.0840042701023492	8.2015
9.025	0.084152339911292	8.164
9.05	0.0839556951813596	8.181
9.075	0.083262971758943	8.166
9.1	0.0835822651128419	8.221
9.125	0.0836865357371107	8.237
9.15	0.0832568523917916	8.187
9.175	0.0828013110193703	8.2505
9.2	0.0826334131207372	8.2005
9.225	0.0832882819690318	8.2555
9.25	0.0819875274721803	8.2305
9.275	0.082066273197638	8.2595
9.3	0.0822650482620395	8.2265
9.325	0.0822108684100792	8.279
9.35	0.0817523711474862	8.223
9.375	0.0814463022253908	8.2625
9.4	0.0815737318544588	8.301
9.425	0.0813292438920375	8.2575
9.45	0.0810803952996083	8.295
9.475	0.0807677161408172	8.285
9.5	0.0804452501200803	8.272
9.525	0.0807129870131173	8.295
9.55	0.0807060518542749	8.288
9.575	0.0799055157455057	8.315
9.6	0.0807059634221363	8.332
9.625	0.0802100878456947	8.344
9.65	0.0800935550670395	8.336
9.675	0.0798698690895191	8.34
9.7	0.079571452948378	8.3265
9.725	0.079495594655057	8.3235
9.75	0.0791557985469276	8.3265
9.775	0.0786547582586767	8.335
9.8	0.0793275999639887	8.3725
9.825	0.0788499904821199	8.3375
9.85	0.0789300291682835	8.3815
9.875	0.0783893289932494	8.3385
9.9	0.0778819354608074	8.3995
9.925	0.0778889212009311	8.347
9.95	0.0781778454278317	8.3815
9.975	0.0782622133980349	8.396
10	0.0777960710036169	8.3805
10.025	0.0779902209870853	8.381
10.05	0.0777203310481743	8.391
10.075	0.0774350419506617	8.3975
10.1	0.0773181296832623	8.3645
10.125	0.0773966135664881	8.406
10.15	0.0770434589541243	8.403
10.175	0.0767019015563468	8.4215
10.2	0.0768367987898875	8.397
10.225	0.0771238189660567	8.438
10.25	0.0761034953436496	8.43
10.275	0.0761812261278181	8.4355
10.3	0.0761515987932849	8.404
10.325	0.0761551468400088	8.4375
10.35	0.076402674116435	8.447
10.375	0.0763103899535736	8.4405
10.4	0.0755647740288258	8.4975
10.425	0.0753712250136099	8.4615
10.45	0.0757243308426255	8.4475
10.475	0.0756403011452967	8.4485
10.5	0.0760650753529065	8.444
10.525	0.075068917292233	8.4555
10.55	0.075008577346769	8.475
10.575	0.075165130293632	8.432
10.6	0.0750682996269756	8.488
10.625	0.0747397008003342	8.4585
10.65	0.07504419257709	8.4715
10.675	0.074522309462035	8.467
10.7	0.074276748187001	8.467
10.725	0.0743345298721781	8.5095
10.75	0.0741551081333933	8.5125
10.775	0.0736952339461577	8.5095
10.8	0.0741440907799977	8.4855
10.825	0.0737016729760411	8.4995
10.85	0.0732598668273184	8.513
10.875	0.0740565046320497	8.4895
10.9	0.0734159052334288	8.505
10.925	0.0735813064513119	8.504
10.95	0.0730554056220249	8.506
10.975	0.0728057650030473	8.491
11	0.0732377847452743	8.516
11.025	0.0726001082977227	8.501
11.05	0.0733467845690033	8.5365
11.075	0.0726886192779936	8.494
11.1	0.0723715533315476	8.521
11.125	0.0724009871481611	8.5055
11.15	0.0728634022789449	8.531
11.175	0.0726993343799588	8.5735
11.2	0.0725195894277978	8.5075
11.225	0.0720701085838372	8.546
11.25	0.0717508871125403	8.543
11.275	0.0720105689754513	8.549
11.3	0.0717788792630343	8.546
11.325	0.0717314890589539	8.5845
11.35	0.0715927181422022	8.5575
11.375	0.0716003998513965	8.569
11.4	0.0718410162193549	8.592
11.425	0.0714767249995727	8.544
11.45	0.0711777920981117	8.5505
11.475	0.0713712402217141	8.575
11.5	0.0711273353637611	8.598
11.525	0.0712460732902401	8.5625
11.55	0.0709815038635567	8.5415
11.575	0.0710741634744619	8.5585
11.6	0.0712375615280411	8.5845
11.625	0.0710068290918719	8.566
11.65	0.0704252053820274	8.5525
11.675	0.0705683620869232	8.568
11.7	0.070652511474956	8.576
11.725	0.0706668388264721	8.582
11.75	0.0702978267576353	8.5935
11.775	0.0703616876524086	8.578
11.8	0.0698854447431915	8.5935
11.825	0.0704690942725437	8.6005
11.85	0.0699072271143754	8.606
11.875	0.0699782179627104	8.602
11.9	0.0702063874934285	8.601
11.925	0.0700674077692565	8.6235
11.95	0.0694153292663874	8.6285
11.975	0.0693744727659691	8.6145
12	0.0690637536780315	8.6115
12.025	0.0698399252843383	8.604
12.05	0.0694489300893517	8.634
12.075	0.06934481873877	8.5905
12.1	0.0693113716407737	8.62
12.125	0.068872909776465	8.632
12.15	0.0687915919967995	8.6235
12.175	0.0684944420492525	8.6295
12.2	0.0693976729017867	8.618
12.225	0.0689391191749339	8.627
12.25	0.0689674263306377	8.6445
12.275	0.0689474560773164	8.6315
12.3	0.0688035296127695	8.627
12.325	0.0686005087049257	8.6445
12.35	0.0683221740698929	8.648
12.375	0.0683252794256879	8.643
12.4	0.0685017136540792	8.653
12.425	0.0683325548543252	8.6465
12.45	0.0682988811536735	8.668
12.475	0.0676006896259727	8.6615
12.5	0.0679460854805582	8.6585
12.525	0.0674647955754663	8.661
12.55	0.0674216819306522	8.653
12.575	0.0677140390249958	8.6655
12.6	0.0680121343365545	8.6665
12.625	0.0676024515855218	8.6445
12.65	0.0676309339771909	8.652
12.675	0.0672813625800557	8.6755
12.7	0.0675104914606726	8.697
12.725	0.0670696693050128	8.6705
12.75	0.0676129475263037	8.6565
12.775	0.0670754586431445	8.683
12.8	0.0669923351981656	8.6735
12.825	0.067217628676691	8.69
12.85	0.0670756608578369	8.674
12.875	0.0669718346250725	8.6805
12.9	0.0668088501821898	8.6625
12.925	0.0669596780260325	8.68
12.95	0.0668783697570667	8.682
12.975	0.0667162742953597	8.684
13	0.066149064907372	8.6825
13.025	0.0663875500165369	8.712
13.05	0.0664641596895183	8.695
13.075	0.066946459149498	8.7
13.1	0.066645256884061	8.6895
13.125	0.0668037938341642	8.6785
13.15	0.0661626082587837	8.6985
13.175	0.065905481680646	8.712
13.2	0.0659405199670963	8.7115
13.225	0.0659596127893488	8.706
13.25	0.0660708660547118	8.7195
13.275	0.0658580613658423	8.6995
13.3	0.0657968722367606	8.697
13.325	0.0660440532818393	8.7165
13.35	0.0659347375129037	8.721
13.375	0.0660256795822801	8.7285
13.4	0.0654520125393602	8.7015
13.425	0.065640761343924	8.723
13.45	0.0659703023254117	8.712
13.475	0.065516309128684	8.718
13.5	0.0652949959570817	8.698
13.525	0.0655387932479205	8.738
13.55	0.0654693206452843	8.7135
13.575	0.0653514410539028	8.725
13.6	0.0653743417200577	8.721
13.625	0.0652461288260041	8.716
13.65	0.0652046383006111	8.7335
13.675	0.0653201385218952	8.726
13.7	0.0649277627492866	8.7325
13.725	0.0649626442585988	8.7305
13.75	0.0652409974229476	8.7595
13.775	0.0648330906855625	8.749
13.8	0.0643821654785467	8.725
13.825	0.0648125443308283	8.753
13.85	0.0650701714085449	8.736
13.875	0.0646955854878631	8.7465
13.9	0.0646185145494217	8.7375
13.925	0.0651092271295323	8.7655
13.95	0.0647515052930045	8.758
13.975	0.0646750770654311	8.741
14	0.0640312921087194	8.746
14.025	0.0644255541533799	8.758
14.05	0.0646524561335198	8.741
14.075	0.0639498342407572	8.7545
14.1	0.0642690381943529	8.735
14.125	0.0640479042140459	8.762
14.15	0.0639675117766758	8.78
14.175	0.0643143457782101	8.751
14.2	0.0640397559930721	8.7745
14.225	0.0640950922091451	8.7775
14.25	0.0638154880114262	8.7595
14.275	0.0638982391602777	8.7605
14.3	0.0638244252129217	8.7565
14.325	0.0636697203341257	8.763
14.35	0.0638935824852688	8.7735
14.375	0.0639284426134079	8.7715
14.4	0.0632715965430489	8.7665
14.425	0.0636473671381895	8.769
14.45	0.063639536734633	8.7795
14.475	0.0637724282209527	8.789
14.5	0.0632946888221598	8.7885
14.525	0.0635306414509405	8.763
14.55	0.0631235279507859	8.774
14.575	0.0636355090958803	8.7735
14.6	0.0634827997261255	8.78
14.625	0.06358431739568	8.789
14.65	0.0631778985890671	8.7825
14.675	0.0631338122345809	8.78
14.7	0.0629385434879645	8.7915
14.725	0.0631596585971699	8.7975
14.75	0.0631917508482002	8.7705
14.775	0.063413197321764	8.7845
14.8	0.0628510237580388	8.765
14.825	0.0627484721241377	8.803
14.85	0.0628082438572542	8.803
14.875	0.0626303377024011	8.7915
14.9	0.062582319982584	8.795
14.925	0.0627398651392455	8.795
14.95	0.0631354043808187	8.8125
14.975	0.0625797473042549	8.785
15	0.0625431629760116	8.804
15.025	0.0628094339860139	8.8025
15.05	0.0631245050962127	8.7815
15.075	0.0626775643215753	8.7925
15.1	0.0624253672543204	8.799
15.125	0.0622922370638296	8.814
15.15	0.062521415847912	8.7925
15.175	0.0624047943624469	8.7965
15.2	0.0622829120212985	8.806
15.225	0.0626260379773121	8.8175
15.25	0.0622828197708792	8.801
15.275	0.062366769816341	8.8075
15.3	0.0618886978343385	8.8135
15.325	0.0621296838247049	8.8145
15.35	0.0621654023907087	8.7895
15.375	0.062093149766002	8.816
15.4	0.0619777897604871	8.8045
15.425	0.0620841861926715	8.8145
15.45	0.0617474731598606	8.7975
15.475	0.0620325144975413	8.813
15.5	0.0624906605360628	8.814
15.525	0.0615759643167783	8.828
15.55	0.0617316680784574	8.809
15.575	0.0623631762301859	8.825
15.6	0.0617731904864282	8.807
15.625	0.0619508990561449	8.8275
15.65	0.061669273940019	8.816
15.675	0.0620364222817369	8.8295
15.7	0.0615118025841351	8.831
15.725	0.061598116601023	8.8185
15.75	0.0616034714992768	8.818
15.775	0.0614846231020154	8.8265
15.8	0.0613983272398848	8.8265
15.825	0.0611607992104513	8.837
15.85	0.0619774435078658	8.828
15.875	0.0612212322011771	8.829
15.9	0.0614381103396732	8.8395
15.925	0.0614064554122772	8.834
15.95	0.0611749151853221	8.8425
15.975	0.0611597049997857	8.8505
16	0.0615013645279857	8.8355
16.025	0.0612971902059511	8.821
16.05	0.0612390730711991	8.844
16.075	0.0614189041680813	8.8445
16.1	0.0609718177909669	8.842
16.125	0.0610545698625625	8.8425
16.15	0.0612185109068275	8.832
16.175	0.0609987752381046	8.8325
16.2	0.0611196863664691	8.8555
16.225	0.0610244867274018	8.8405
16.25	0.0609834457898409	8.8275
16.275	0.0608884546507216	8.825
16.3	0.06137194495384	8.8375
16.325	0.060704186187096	8.84
16.35	0.0611122046013585	8.849
16.375	0.0606284318590607	8.845
16.4	0.0608798942233367	8.848
16.425	0.0607098341795904	8.862
16.45	0.0608641969219308	8.8575
16.475	0.0608673060287961	8.831
16.5	0.0608326742737137	8.8345
16.525	0.0601278684901148	8.845
16.55	0.060563698760474	8.829
16.575	0.0602752994973407	8.849
16.6	0.0606140213351825	8.859
16.625	0.060850133833039	8.8575
16.65	0.0603620146636638	8.8615
16.675	0.0603496631269896	8.854
16.7	0.0606833487987306	8.8525
16.725	0.0601468547735788	8.855
16.75	0.0601942344219145	8.8605
16.775	0.0604795411194907	8.8665
16.8	0.0602946660852252	8.848
16.825	0.0604774464892642	8.8535
16.85	0.0601684222096944	8.8485
16.875	0.0602000250216882	8.8585
16.9	0.0606425245434062	8.861
16.925	0.0603986228305483	8.8515
16.95	0.0603385895114463	8.871
16.975	0.0602408023275621	8.854
17	0.0597485038902018	8.8675
17.025	0.0599319638426372	8.868
17.05	0.0599749653465504	8.8585
17.075	0.0600721023792904	8.852
17.1	0.0601152662203192	8.858
17.125	0.0596882400457662	8.8655
17.15	0.0596504827121722	8.875
17.175	0.0596722638915855	8.86
17.2	0.0600454748823332	8.864
17.225	0.0600025475279021	8.8745
17.25	0.0597002380006834	8.8755
17.275	0.0596790862613951	8.874
17.3	0.0599174701130978	8.879
17.325	0.0596856592552118	8.8745
17.35	0.0599890585267233	8.8735
17.375	0.0601087484466887	8.87
17.4	0.0596663500790628	8.882
17.425	0.0596186196272576	8.876
17.45	0.0597277187043772	8.879
17.475	0.0595233764953446	8.868
17.5	0.0597569438109206	8.873
17.525	0.0597203120065885	8.8735
17.55	0.0598729400095464	8.881
17.575	0.05932834080516	8.89
17.6	0.0592216490044963	8.877
17.625	0.0592663776010471	8.8775
17.65	0.0597273909436687	8.8885
17.675	0.0596209047365492	8.875
17.7	0.0593739454986357	8.8855
17.725	0.059245972185223	8.8915
17.75	0.0593234707825174	8.8865
17.775	0.0593469813346308	8.8905
17.8	0.0591651519976045	8.867
17.825	0.05916717147181	8.8735
17.85	0.0591638500829992	8.8865
17.875	0.0591011332957878	8.8905
17.9	0.0591141557676789	8.8855
17.925	0.0593110251328165	8.882
17.95	0.0590376868668212	8.8855
17.975	0.0593968432056793	8.885
18	0.059426331524092	8.8915
18.025	0.0593802054165278	8.881
18.05	0.0591395455080042	8.8935
18.075	0.0590935405351408	8.896
18.1	0.0589665143731577	8.898
18.125	0.0589044125223347	8.8905
18.15	0.0591612885944691	8.891
18.175	0.0590128178263629	8.883
18.2	0.0590644051879029	8.8775
18.225	0.0587592934901422	8.8785
18.25	0.0588974823041921	8.8925
18.275	0.0588519441774123	8.883
18.3	0.0588875435523029	8.8915
18.325	0.0588745502799926	8.9015
18.35	0.0588670179985908	8.89
18.375	0.058691973322351	8.904
18.4	0.0587710374632677	8.897
18.425	0.0585636694742941	8.904
18.45	0.0587725716547225	8.8955
18.475	0.0588085544150246	8.89
18.5	0.0586337795200703	8.902
18.525	0.0585347330620764	8.894
18.55	0.0585006038389606	8.9025
18.575	0.0589638238948583	8.892
18.6	0.0587027712228022	8.897
18.625	0.058485013007941	8.908
18.65	0.0588348731950846	8.904
18.675	0.0587793784346268	8.898
18.7	0.0584428526771167	8.8885
18.725	0.05843070095702	8.912
18.75	0.0585104904737778	8.903
18.775	0.0584984370782706	8.8925
18.8	0.0586648106782016	8.8845
18.825	0.0582744757786154	8.8955
18.85	0.0583868914818762	8.8845
18.875	0.0587263817579168	8.9055
18.9	0.0582875408496223	8.898
18.925	0.0585676657052415	8.892
18.95	0.0585721613837714	8.908
18.975	0.0582199464603418	8.898
19	0.0582731827559242	8.906
19.025	0.0581859239859602	8.8955
19.05	0.0580554671116924	8.909
19.075	0.0582385685563607	8.904
19.1	0.0583568496105875	8.9125
19.125	0.0583994991350608	8.907
19.15	0.0581773276145687	8.9025
19.175	0.0582903347255472	8.908
19.2	0.0579493309576829	8.9065
19.225	0.0582948565328126	8.914
19.25	0.0583323165400397	8.9095
19.275	0.0581319809357148	8.9035
19.3	0.0577533088677423	8.906
19.325	0.0581314351620476	8.9055
19.35	0.0581150081603968	8.9025
19.375	0.0581364599906491	8.9155
19.4	0.0580390335937655	8.8975
19.425	0.0582119178589261	8.922
19.45	0.0580064638397286	8.916
19.475	0.0577902388082249	8.908
19.5	0.0580010803089575	8.919
19.525	0.0578552042670503	8.922
19.55	0.0580066644476512	8.9005
19.575	0.057709514618077	8.911
19.6	0.0579367274667155	8.9215
19.625	0.0578450594678738	8.9215
19.65	0.0577264022331127	8.9325
19.675	0.0580023771058252	8.9165
19.7	0.0580621729990578	8.9165
19.725	0.0578355193684676	8.9165
19.75	0.0580089024285219	8.9175
19.775	0.0579552948822125	8.9235
19.8	0.0580260478129318	8.926
19.825	0.0579617014952677	8.923
19.85	0.0576703637733664	8.918
19.875	0.0579628451960525	8.907
19.9	0.0578283346924893	8.9135
19.925	0.0578614265991902	8.9215
19.95	0.0576513098491937	8.9095
19.975	0.0579060922963719	8.93
20	0.0575176655802814	8.917
20.025	0.0578373808018238	8.915
20.05	0.0574490214962044	8.9195
20.075	0.0578174522815661	8.9265
20.1	0.0577913215616783	8.929
20.125	0.0578679263907871	8.9135
20.15	0.0575824016627907	8.929
20.175	0.0574969093004145	8.9255
20.2	0.0575736112281703	8.9275
20.225	0.0576287234263966	8.927
20.25	0.0578027862015153	8.932
20.275	0.0572795831049369	8.9235
20.3	0.0573564112033176	8.9255
20.325	0.0573629999974649	8.937
20.35	0.0575804303412432	8.9285
20.375	0.057376269576696	8.929
20.4	0.0574802472097085	8.933
20.425	0.0576329035586435	8.9225
20.45	0.0576126167813554	8.94
20.475	0.0577058731454481	8.929
20.5	0.057447807568803	8.928
20.525	0.0573681495655121	8.93
20.55	0.0574668989215418	8.927
20.575	0.0574143256947203	8.9255
20.6	0.0575942134579687	8.9225
20.625	0.0572281836236137	8.93
20.65	0.0575919116595912	8.942
20.675	0.0572151270894347	8.923
20.7	0.0572762080868584	8.9355
20.725	0.0571265058000696	8.9275
20.75	0.0572957497571621	8.9275
20.775	0.0571515073255651	8.92
20.8	0.0573370215498689	8.929
20.825	0.057122562503165	8.9365
20.85	0.057081102962711	8.942
20.875	0.0572721021937027	8.927
20.9	0.0570847491925067	8.9305
20.925	0.0571622870109736	8.9345
20.95	0.0574074181618325	8.9375
20.975	0.0572850073213832	8.937
21	0.0572599191673227	8.9395
21.025	0.0571051264868436	8.9365
21.05	0.0571827912577037	8.934
21.075	0.057211832215784	8.9475
21.1	0.0571436005307534	8.93
21.125	0.0570375554817343	8.925
21.15	0.057374777970806	8.928
21.175	0.0570904029554268	8.9415
21.2	0.0570384843132892	8.9355
21.225	0.0571649678152823	8.9355
21.25	0.0569185019362935	8.946
21.275	0.0571261135308738	8.9435
21.3	0.0569823970224173	8.9455
21.325	0.0568170819707196	8.9375
21.35	0.0569112492881837	8.9415
21.375	0.0570432771857573	8.9385
21.4	0.0568888411729226	8.939
21.425	0.0569560491928225	8.9395
21.45	0.0569584145952243	8.936
21.475	0.0569067480284024	8.947
21.5	0.0568388871688585	8.941
21.525	0.056738615640232	8.9425
21.55	0.0567843116619395	8.933
21.575	0.0568408399410575	8.9365
21.6	0.0570109030236653	8.947
21.625	0.0566674737272685	8.931
21.65	0.0569456870326819	8.9345
21.675	0.0570725698137511	8.9415
21.7	0.0566481219184247	8.949
21.725	0.0568669377903675	8.945
21.75	0.0566965848473302	8.9485
21.775	0.0567911169946551	8.949
21.8	0.0565775611117536	8.9505
21.825	0.0567694305656121	8.941
21.85	0.0565505089945671	8.9415
21.875	0.0562991746326218	8.949
21.9	0.0564694813905186	8.9585
21.925	0.056845212909786	8.9465
21.95	0.0565993420221892	8.9495
21.975	0.0565480848037771	8.945
22	0.0566860357100089	8.943
22.025	0.0567969783865579	8.947
22.05	0.0566430748584924	8.947
22.075	0.0567648655302683	8.943
22.1	0.0566812691857218	8.951
22.125	0.0567868802853586	8.953
22.15	0.0566006176149956	8.9495
22.175	0.0563981567181859	8.9405
22.2	0.0564389569232382	8.944
22.225	0.0567662613432099	8.9435
22.25	0.0564179076867101	8.9505
22.275	0.0566425444741095	8.9445
22.3	0.0563644959023975	8.95
22.325	0.0564215996830131	8.947
22.35	0.0566354773121083	8.9435
22.375	0.0564385610975684	8.953
22.4	0.0566200401049503	8.9515
22.425	0.0564231574547738	8.952
22.45	0.0563938589711632	8.948
22.475	0.05658079318184	8.9485
22.5	0.056546122128928	8.9475
22.525	0.0563006565040811	8.948
22.55	0.0566443961890175	8.951
22.575	0.0565178816068643	8.952
22.6	0.056499491019449	8.9505
22.625	0.0565459810678325	8.9475
22.65	0.0564357300155472	8.9435
22.675	0.0562930620729138	8.957
22.7	0.056426085234874	8.9505
22.725	0.0563266912809832	8.9615
22.75	0.0565408260456754	8.9485
22.775	0.0561820029317702	8.95
22.8	0.0560015731807369	8.9595
22.825	0.0563616988456619	8.947
22.85	0.0564840014398906	8.947
22.875	0.0563090213964816	8.9565
22.9	0.0561772991492815	8.953
22.925	0.0560455913491354	8.953
22.95	0.0561787627557729	8.955
22.975	0.0559930294810456	8.95
23	0.0561802833132457	8.952
23.025	0.0562864700954786	8.953
23.05	0.0564088870229549	8.9515
23.075	0.0561096961564977	8.957
23.1	0.0562321406387539	8.9505
23.125	0.056349193342837	8.949
23.15	0.056158151466916	8.962
23.175	0.0563184743720486	8.9475
23.2	0.0562301619605532	8.96
23.225	0.0563040249462745	8.9495
23.25	0.0561995226924158	8.9565
23.275	0.0562788172655878	8.9545
23.3	0.0562338004628306	8.953
23.325	0.0562374451629593	8.9635
23.35	0.0562411026238568	8.9635
23.375	0.0561366646446306	8.954
23.4	0.0563133203223644	8.9495
23.425	0.0559980965926535	8.96
23.45	0.0562828852566274	8.953
23.475	0.0561028213593226	8.9555
23.5	0.0560849318383264	8.954
23.525	0.0560670544426916	8.959
23.55	0.0561627025977955	8.9545
23.575	0.0561556599999306	8.9525
23.6	0.0561432238595424	8.9595
23.625	0.0559956643606847	8.9605
23.65	0.0559886570934469	8.9655
23.675	0.0561924722431387	8.953
23.7	0.0558827854010961	8.9535
23.725	0.0559568937808936	8.9595
23.75	0.0558688513534738	8.9615
23.775	0.055802441820117	8.959
23.8	0.0559630705043276	8.959
23.825	0.0557291157031816	8.9655
23.85	0.0558465232819164	8.963
23.875	0.0558558337009539	8.9605
23.9	0.0560381279618416	8.9645
23.925	0.0556312438234647	8.957
23.95	0.0561000460723124	8.956
23.975	0.0559688589549053	8.951
24	0.0560268715831975	8.9565
24.025	0.056014624421058	8.964
24.05	0.0557861714464295	8.9645
24.075	0.0560928639351075	8.9595
24.1	0.0558860531634392	8.965
24.125	0.0557765498677786	8.9675
24.15	0.0560130026228614	8.9555
24.175	0.0560386545985569	8.9635
24.2	0.0558102624787838	8.962
24.225	0.0558089072723164	8.9675
24.25	0.0558075618803489	8.961
24.275	0.0557737937991934	8.9615
24.3	0.0559562516067634	8.957
24.325	0.0557170973950016	8.9675
24.35	0.0558401148779848	8.965
24.375	0.0556982769594874	8.956
24.4	0.0556105024897346	8.958
24.425	0.05566327788702	8.965
24.45	0.0556782247052699	8.97
24.475	0.0556337212556608	8.96
24.5	0.0556432809849946	8.9625
24.525	0.0556042011243433	8.9735
24.55	0.055711076202559	8.9655
24.575	0.0555260683165408	8.9665
24.6	0.0556275557798798	8.964
24.625	0.0561506736633959	8.9625
24.65	0.0556359624437836	8.9665
24.675	0.0560780166522565	8.9625
24.7	0.0556227821718416	8.965
24.725	0.0558540427238622	8.9625
24.75	0.0554528793273943	8.9655
24.775	0.0555111838127763	8.97
24.8	0.0555965236864708	8.971
24.825	0.0557845745634938	8.9655
24.85	0.0556320931403843	8.968
24.875	0.0554309712492551	8.962
24.9	0.0558352628848168	8.9645
24.925	0.055580103123293	8.9655
24.95	0.0558006270413367	8.9715
24.975	0.0556049426889997	8.966
25	0.0557606175762162	8.966
25.025	0.0558622462403668	8.964
25.05	0.0557584772733033	8.9635
25.075	0.0557087700781014	8.9715
25.1	0.0555833948690585	8.9705
25.125	0.0554255948338524	8.9705
25.15	0.0555272618092139	8.9785
25.175	0.0556721795241675	8.964
25.2	0.0555846722486768	8.9645
25.225	0.0555620372260741	8.9685
25.25	0.0555664365649492	8.9725
25.275	0.0554032756175253	8.967
25.3	0.0554185002769531	8.9735
25.325	0.0554769753556863	8.966
25.35	0.0556111332341278	8.967
25.375	0.0555615144011671	8.967
25.4	0.0554200106974209	8.9665
25.425	0.0555758112611763	8.971
25.45	0.0554937809067664	8.9705
25.475	0.0555198655299731	8.958
25.5	0.05562703805397	8.962
25.525	0.0552315146455366	8.9665
25.55	0.0554630249853253	8.9575
25.575	0.0555107582138049	8.9675
25.6	0.055461200769096	8.964
25.625	0.055335974224806	8.9635
25.65	0.0553621055602969	8.972
25.675	0.0553450001336559	8.974
25.7	0.0554251984384492	8.9665
25.725	0.0553810788064225	8.967
25.75	0.0553477763264175	8.97
25.775	0.0553090747362608	8.968
25.8	0.0552379469633027	8.974
25.825	0.05544250107036	8.968
25.85	0.055322737012471	8.9685
25.875	0.0553867628531087	8.97
25.9	0.0553643082776923	8.9715
25.925	0.0554661840530442	8.9685
25.95	0.0552653631084686	8.965
25.975	0.0552213048600736	8.9785
26	0.0554421173729311	8.971
26.025	0.0552845573610745	8.964
26.05	0.0553702464037123	8.973
26.075	0.0552991844587398	8.967
26.1	0.0553524525654393	8.9695
26.125	0.0553624831147481	8.976
26.15	0.0555671139033106	8.9675
26.175	0.0553771557010433	8.9715
26.2	0.0554466625214032	8.9665
26.225	0.055121580270034	8.972
26.25	0.0552127197177371	8.9695
26.275	0.0551903510950641	8.9745
26.3	0.055178798686909	8.9685
26.325	0.0552591435352093	8.9675
26.35	0.0552367910065109	8.9665
26.375	0.0552793086298041	8.9705
26.4	0.0552839936640892	8.971
26.425	0.0553211163416178	8.963
26.45	0.0551528387868091	8.9765
26.475	0.0551251069081405	8.9775
26.5	0.0552325152630101	8.9805
26.525	0.055188577328005	8.974
26.55	0.0550041038772777	8.9675
26.575	0.0550790948744362	8.9745
26.6	0.0552243610941633	8.979
26.625	0.055245307905999	8.973
26.65	0.055287881220284	8.968
26.675	0.0552980269476178	8.9695
26.7	0.0551838531610183	8.98
26.725	0.0549994138797043	8.9715
26.75	0.0552474117717962	8.968
26.775	0.0552089278840436	8.976
26.8	0.055143421641824	8.977
26.825	0.0550725146329241	8.983
26.85	0.0551421527697007	8.975
26.875	0.0549847684512408	8.9705
26.9	0.0549409021849817	8.9745
26.925	0.0550916350191413	8.983
26.95	0.0551558858400139	8.9785
26.975	0.0550525735341306	8.9745
27	0.0551384548260953	8.9755
27.025	0.0550675837380426	8.9775
27.05	0.0551318521301766	8.9655
27.075	0.0550123410521202	8.9735
27.1	0.0551252666888602	8.9715
27.125	0.0550490073877717	8.9725
27.15	0.0550592387937524	8.9795
27.175	0.05505866357895	8.973
27.2	0.0553283627941126	8.975
27.225	0.0550304985712891	8.968
27.25	0.0550137195292335	8.9725
27.275	0.0549861337463763	8.9775
27.3	0.0551369303824441	8.972
27.325	0.055039082381161	8.9775
27.35	0.0550385356594365	8.973
27.375	0.0550325874857419	8.9825
27.4	0.0551671837774061	8.9795
27.425	0.0550477299114253	8.974
27.45	0.0549553069406772	8.9755
27.475	0.0550088337560819	8.976
27.5	0.0550515535730872	8.9795
27.525	0.0548780609586933	8.9795
27.55	0.0550775450746956	8.9785
27.575	0.0550662221101149	8.9795
27.6	0.0550603082541693	8.977
27.625	0.0550003440205969	8.982
27.65	0.0550430861395466	8.9755
27.675	0.055026372422441	8.973
27.7	0.0549339866268405	8.976
27.725	0.0549010638618468	8.9775
27.75	0.0551113878853989	8.9765
27.775	0.05503522894211	8.9725
27.8	0.0549644788984006	8.978
27.825	0.0549423809722274	8.9805
27.85	0.0549094756790276	8.982
27.875	0.0549630602911774	8.9795
27.9	0.0549950266758279	8.9785
27.925	0.0548918612949044	8.976
27.95	0.0550265370969965	8.9755
27.975	0.0548909459497898	8.979
28	0.0547391418833073	8.9725
28.025	0.0548954491980163	8.979
28.05	0.0548895975999629	8.9775
28.075	0.0551432086872562	8.981
28.1	0.0548400662203384	8.984
28.125	0.0548666566625231	8.977
28.15	0.0549256826935084	8.98
28.175	0.0549684956418076	8.9815
28.2	0.0548329333225861	8.9815
28.225	0.0549946713890114	8.975
28.25	0.0548266827917113	8.984
28.275	0.0549505891301244	8.9855
28.3	0.0548799038957419	8.9805
28.325	0.0547821946342684	8.9835
28.35	0.0547871910537292	8.9815
28.375	0.0549435417812261	8.983
28.4	0.0548296251737462	8.9805
28.425	0.0548400358046483	8.985
28.45	0.054839638517715	8.9845
28.475	0.054774379237963	8.973
28.5	0.0548334471338036	8.979
28.525	0.0547844097521774	8.9815
28.55	0.0548813211266604	8.9795
28.575	0.0548322893450315	8.977
28.6	0.0548535306033247	8.985
28.625	0.0547396394760987	8.974
28.65	0.0547500754029222	8.98
28.675	0.054744297823508	8.9795
28.7	0.0549925769885227	8.9825
28.725	0.0547922101758019	8.9855
28.75	0.0548945487173765	8.975
28.775	0.0547374304319034	8.984
28.8	0.0547695039489897	8.982
28.825	0.0546880665470287	8.979
28.85	0.0546931182072535	8.974
28.875	0.0547792535056278	8.98
28.9	0.0548707967479797	8.9815
28.925	0.0547353154835149	8.979
28.95	0.0547295664507609	8.9815
28.975	0.0546535496316206	8.981
29	0.054545102845966	8.979
29.025	0.0548420639137989	8.983
29.05	0.0546741625471424	8.9845
29.075	0.0547116689986882	8.983
29.1	0.0546086373050392	8.9865
29.125	0.0547056079894111	8.979
29.15	0.0545971756291992	8.9805
29.175	0.0545049618289502	8.982
29.2	0.054510047652794	8.98
29.225	0.0546989195703888	8.9815
29.25	0.054725631619082	8.98
29.275	0.0546496432417475	8.984
29.3	0.0545574409084063	8.985
29.325	0.054621997575685	8.981
29.35	0.0546108807949232	8.983
29.375	0.0547294959554161	8.983
29.4	0.0546427079060346	8.9825
29.425	0.0546586247390088	8.9835
29.45	0.0545502194115488	8.984
29.475	0.0545553297458434	8.9835
29.5	0.0547226043750057	8.9855
29.525	0.0545817730133423	8.98
29.55	0.0545220248347308	8.9805
29.575	0.0548082246888356	8.9845
29.6	0.05449442661462	8.9835
29.625	0.0546725224889947	8.985
29.65	0.0546776474322218	8.9825
29.675	0.05449358521332	8.9835
29.7	0.0546554709527659	8.986
29.725	0.0546822235549264	8.9845
29.75	0.0546441132756247	8.9805
29.775	0.0546978968572754	8.981
29.8	0.0545841148261804	8.9825
29.825	0.0545892536546908	8.978
29.85	0.0545457457612059	8.983
29.875	0.0547400776182807	8.9805
29.9	0.0546046816445169	8.9825
29.925	0.0545611794478054	8.98
29.95	0.054528489933434	8.99
29.975	0.0547282347094917	8.98
30	0.0545712245733548	8.976
30.025	0.0543980000522264	8.9815
30.05	0.054413966538271	8.9785
30.075	0.0545380429372625	8.984
30.1	0.0545648238307457	8.982
30.125	0.0545375524490082	8.985
30.15	0.0545643368872966	8.9845
30.175	0.0546343663220314	8.9875
30.2	0.0545314245243203	8.986
30.225	0.0544771331032002	8.984
30.25	0.0545741947488806	8.9875
30.275	0.0543847716111206	8.987
30.3	0.0544494042181476	8.989
30.325	0.0544924168820616	8.985
30.35	0.054378674455592	8.985
30.375	0.0545406093591232	8.9825
30.4	0.0543187621212352	8.9775
30.425	0.0544482678651889	8.985
30.45	0.0543345319846016	8.983
30.475	0.0544694463596621	8.987
30.5	0.0546367947625362	8.9815
30.525	0.0545176582627706	8.982
30.55	0.0543336584705364	8.9915
30.575	0.0544253359150061	8.9835
30.6	0.0545926905848942	8.9875
30.625	0.0545005873338617	8.975
30.65	0.054435512637272	8.985
30.675	0.0543920610786773	8.9815
30.7	0.0545323948092775	8.9865
30.725	0.0544240813857567	8.986
30.75	0.0542779316081213	8.9855
30.775	0.0544885400602398	8.9875
30.8	0.0544613121368686	8.9835
30.825	0.0543854370166255	8.984
30.85	0.0543690227971233	8.9855
30.875	0.0544877451436184	8.984
30.9	0.0543956580998211	8.9855
30.925	0.0543738427365435	8.984
30.95	0.0544979747192664	8.989
30.975	0.0544437297135445	8.9865
31	0.0543624590606814	8.981
31.025	0.0545190276155668	8.987
31.05	0.054313435368298	8.987
31.075	0.0544429796063408	8.9865
31.1	0.0543346873469621	8.9855
31.125	0.0544480180399318	8.9885
31.15	0.0545072959999548	8.982
31.175	0.0544746833796433	8.99
31.2	0.0542853153046517	8.9865
31.225	0.0543229755493514	8.9865
31.25	0.0545173938341282	8.9855
31.275	0.0543928944740296	8.984
31.3	0.0542846125949815	8.9885
31.325	0.0542682238635166	8.987
31.35	0.054446430973261	8.988
31.375	0.0544246393206089	8.9875
31.4	0.0542298759236416	8.985
31.425	0.0543918705032075	8.984
31.45	0.05418089332076	8.988
31.475	0.0544888362594378	8.988
31.5	0.0544021857970376	8.989
31.525	0.0543912121952026	8.9925
31.55	0.0543802397696924	8.9935
31.575	0.0544989982417343	8.9885
31.6	0.0543042443596437	8.987
31.625	0.0543905727096351	8.9885
31.65	0.0543093346347404	8.9845
31.675	0.0543037733699435	8.99
31.7	0.0543468618800177	8.991
31.725	0.0543034650216875	8.9885
31.75	0.0543843935976824	8.9835
31.775	0.0541518097621415	8.984
31.8	0.0543246324260188	8.9835
31.825	0.0544217805003258	8.9845
31.85	0.0543567674907258	8.991
31.875	0.0540863501461822	8.9825
31.9	0.0541780960265255	8.9865
31.925	0.0543617348538043	8.985
31.95	0.0542534828366094	8.985
31.975	0.0541992859133161	8.986
32	0.0542477927250576	8.9855
32.025	0.0541611654265347	8.9875
32.05	0.0543123769833129	8.99
32.075	0.0542744003610115	8.988
32.1	0.0544526409577353	8.989
32.125	0.0541660176851554	8.99
32.15	0.0543280440495898	8.9845
32.175	0.0542954768006519	8.983
32.2	0.0541710186339528	8.9885
32.225	0.0542411560289385	8.987
32.25	0.054154537627268	8.987
32.275	0.0544138661247051	8.986
32.3	0.0541867090819286	8.99
32.325	0.0541919854110183	8.9875
32.35	0.0542459113214009	8.992
32.375	0.0541430814009306	8.9885
32.4	0.0541699821294022	8.99
32.425	0.0540941810677397	8.991
32.45	0.0543535160471859	8.9895
32.475	0.0542723113855174	8.9885
32.5	0.0542181346438014	8.987
32.525	0.0542288236534226	8.9865
32.55	0.0542178919214879	8.992
32.575	0.054239393495691	8.9875
32.6	0.0540771121535015	8.9855
32.625	0.0541959127535155	8.9905
32.65	0.0541903898841042	8.989
32.675	0.0542389219174679	8.99
32.7	0.0541739412799051	8.9905
32.725	0.0542116641815429	8.99
32.75	0.0542980365622819	8.9925
32.775	0.0542276530107151	8.989
32.8	0.0542924054127762	8.9895
32.825	0.0541625640328204	8.9875
32.85	0.054113804540651	8.9865
32.875	0.0542055863898975	8.9855
32.9	0.0541568284936913	8.988
32.925	0.0541188821976376	8.9895
32.95	0.0542430988473836	8.989
32.975	0.054102451410239	8.989
33	0.0542050479886898	8.9895
33.025	0.0540968345231005	8.9925
33.05	0.0542264596565784	8.9925
33.075	0.0539560855457847	8.9875
33.1	0.0540965229960688	8.9905
33.125	0.0541342584884953	8.9875
33.15	0.0541449676933573	8.988
33.175	0.0540151370917975	8.9865
33.2	0.0540799018136458	8.9855
33.225	0.0540311537455275	8.991
33.25	0.0539715955849165	8.9925
33.275	0.0540958219212165	8.9885
33.3	0.0540849138303552	8.9885
33.325	0.0541010334693787	8.985
33.35	0.054133370022397	8.9935
33.375	0.0541332748357191	8.9885
33.4	0.0542304776340688	8.9885
33.425	0.0541925459800437	8.994
33.45	0.0539059663551967	8.9905
33.475	0.0539004684843591	8.988
33.5	0.0540571334437493	8.9905
33.525	0.05404623149881	8.989
33.55	0.0542407356177214	8.9885
33.575	0.0541001052551849	8.991
33.6	0.0541108268929633	8.9895
33.625	0.0541485762020427	8.9875
33.65	0.0540620018264162	8.991
33.675	0.0540619145722724	8.988
33.7	0.0541429090296176	8.992
33.725	0.0541968770857881	8.9915
33.75	0.0540616565740993	8.9915
33.775	0.0539967069495209	8.9905
33.8	0.0542236498292171	8.991
33.825	0.0540019446682223	8.994
33.85	0.0540234833540354	8.9925
33.875	0.0542234010174299	8.9915
33.9	0.0540125084648869	8.993
33.925	0.0541151300164322	8.9925
33.95	0.0539799143164468	8.991
33.975	0.0540663208201538	8.9915
34	0.0541148900638875	8.9945
34.025	0.0539796760975264	8.9885
34.05	0.0540931113493575	8.9945
34.075	0.0540714120314816	8.9895
34.1	0.0540280916533264	8.9885
34.125	0.0540009880486736	8.9925
34.15	0.0539684795918748	8.9925
34.175	0.0540062419546077	8.9945
34.2	0.0539467075653361	8.99
34.225	0.0541466331768764	8.9895
34.25	0.0539249377042359	8.992
34.275	0.0542113508732608	8.9935
34.3	0.0538599267341499	8.992
34.325	0.0540274220398324	8.992
34.35	0.0539030259756977	8.9905
34.375	0.0539840358352707	8.9925
34.4	0.0539947759391306	8.993
34.425	0.0539676787159918	8.989
34.45	0.054086527945947	8.991
34.475	0.0539945668685749	8.99
34.5	0.0540431468315888	8.993
34.525	0.0541728083719176	8.9925
34.55	0.0540213893238135	8.991
34.575	0.0539997004945276	8.9895
34.6	0.0540158499886342	8.9905
34.625	0.0539563242891112	8.994
34.65	0.0541184206897729	8.989
34.675	0.0539075445925668	8.9915
34.7	0.0539291013994654	8.9885
34.725	0.0539722802962499	8.9925
34.75	0.0539397839822394	8.992
34.775	0.0540424232648858	8.992
34.8	0.0540315494922056	8.993
34.825	0.0539233788771046	8.9915
34.85	0.0540043979027825	8.9925
34.875	0.054031363322733	8.9905
34.9	0.0538637345931763	8.991
34.925	0.0539663765757614	8.9925
34.95	0.0539555054835116	8.992
34.975	0.0539932834754195	8.994
35	0.0539337646023925	8.992
35.025	0.0538526245369823	8.991
35.05	0.0538741876004117	8.994
35.075	0.0540741294652774	8.9915
35.1	0.0540308285069011	8.9935
35.125	0.0538740144519778	8.995
35.15	0.0540090927029003	8.9895
35.175	0.0539549821755965	8.991
35.2	0.0538846558400699	8.997
35.225	0.0537710866663458	8.9915
35.25	0.0538791395163624	8.99
35.275	0.0539709765493765	8.992
35.3	0.0538736247895306	8.9895
35.325	0.0539330301799072	8.9895
35.35	0.053878922447393	8.9905
35.375	0.0539275178053819	8.9935
35.4	0.0538626000348558	8.9905
35.425	0.0538949799438438	8.992
35.45	0.05370033320526	8.992
35.475	0.0539056868433897	8.993
35.5	0.053975905720376	8.992
35.525	0.0538353141578411	8.993
35.55	0.0539109391801293	8.9935
35.575	0.053916294298091	8.989
35.6	0.0540135416712442	8.993
35.625	0.0538837623780453	8.9945
35.65	0.0540080374969693	8.9925
35.675	0.0538350156740778	8.9915
35.7	0.0538403725824781	8.991
35.725	0.0539538379493501	8.991
35.75	0.0539051415018921	8.9935
35.775	0.0540348237781315	8.994
35.8	0.0538239658566545	8.9925
35.825	0.053910405572822	8.9925
35.85	0.0539806294106613	8.9925
35.875	0.0539373400704341	8.9935
35.9	0.0537913483605275	8.9935
35.925	0.0539048164406975	8.9915
35.95	0.0538182848490959	8.9955
35.975	0.0538506725022703	8.9945
36	0.0538992766951636	8.9895
36.025	0.0537532866146277	8.995
36.05	0.0538667563123963	8.994
36.075	0.0538829290294088	8.994
36.1	0.0538720750336487	8.9945
36.125	0.0538666267552779	8.9925
36.15	0.0537800977055558	8.993
36.175	0.0538773527471094	8.993
36.2	0.0539692026885281	8.9915
36.225	0.0539151069870657	8.9935
36.25	0.0539258764513434	8.9925
36.275	0.053969078646755	8.9925
36.3	0.0538447135711423	8.9935
36.325	0.0538879163574982	8.993
36.35	0.0538878761928846	8.997
36.375	0.0538445930751899	8.9925
36.4	0.053839148083399	8.991
36.425	0.053812081755971	8.9925
36.45	0.0538444751719209	8.991
36.475	0.0537525445454137	8.994
36.5	0.0538173709554938	8.9925
36.525	0.0537686841298694	8.9925
36.55	0.0538767543368036	8.994
36.575	0.0537199599526822	8.9925
36.6	0.0538928955701216	8.995
36.625	0.0538279936195902	8.9915
36.65	0.0537630919369761	8.995
36.675	0.05391440673656	8.992
36.7	0.0537792353137174	8.9945
36.725	0.0538332533422163	8.9955
36.75	0.0537629473066492	8.9965
36.775	0.0538007496375682	8.995
36.8	0.0538655792520255	8.997
36.825	0.0538817604724922	8.995
36.85	0.0537682122160474	8.9955
36.875	0.0537357452916754	8.995
36.9	0.0537357110489141	8.9955
36.925	0.0538005419183958	8.994
36.95	0.0537518595199548	8.991
36.975	0.0538869611491141	8.995
37	0.0537680089662745	8.994
37.025	0.0537625705372546	8.995
37.05	0.0537679431576156	8.992
37.075	0.0537787214202286	8.9925
37.1	0.0538976080260851	8.9945
37.125	0.0537354137842972	8.9955
37.15	0.0537678143688539	8.9935
37.175	0.0537948097780811	8.9965
37.2	0.0537515351454517	8.9955
37.225	0.0537190715503964	8.994
37.25	0.0538487703426284	8.995
37.275	0.0538379288178186	8.995
37.3	0.0538919523797576	8.9945
37.325	0.0538648950808965	8.9915
37.35	0.0539243244872114	8.9925
37.375	0.0537242946511764	8.9945
37.4	0.0537891298955473	8.992
37.425	0.0537134248133615	8.9945
37.45	0.053789071294965	8.997
37.475	0.0537836369063905	8.996
37.5	0.053691716240709	8.994
37.525	0.0538052011882997	8.9945
37.55	0.0537997674233364	8.9945
37.575	0.0536591987281122	8.995
37.6	0.0537402518579036	8.992
37.625	0.0538537376220521	8.998
37.65	0.0536374938569365	8.9955
37.675	0.0537131421827304	8.9915
37.7	0.0537239258412391	8.994
37.725	0.0536914664526568	8.9945
37.75	0.053675223475026	8.9965
37.775	0.0536643860961288	8.9945
37.8	0.0537724678280821	8.997
37.825	0.053821090291121	8.9945
37.85	0.0536913345649499	8.996
37.875	0.0536588763238779	8.9975
37.9	0.0536264182692509	8.9915
37.925	0.0538101766159381	8.9925
37.95	0.0536750162274671	8.9935
37.975	0.0537398560214294	8.9945
38	0.0537182095100205	8.9945
38.025	0.0536911577730129	8.995
38.05	0.0537235656739725	8.991
38.075	0.0538046224007989	8.995
38.1	0.0538045982224821	8.997
38.125	0.0537883580026158	8.9945
38.15	0.0537072530912896	8.993
38.175	0.0537883105142778	8.996
38.2	0.0537342329730392	8.9955
38.225	0.0537450204663394	8.997
38.25	0.053777429749709	8.9945
38.275	0.0537233527138233	8.9935
38.3	0.0536854920601766	8.9945
38.325	0.0537287126524345	8.9925
38.35	0.0537557171921089	8.994
38.375	0.0537070462185581	8.993
38.4	0.0537610781089871	8.995
38.425	0.0537394344838521	8.9965
38.45	0.0538313045311859	8.9905
38.475	0.053744796357948	8.997
38.5	0.0537069369900255	8.9945
38.525	0.0537717804803406	8.992
38.55	0.0537393268277697	8.9945
38.575	0.0536095760311972	8.9945
38.6	0.0536473929543806	8.997
38.625	0.0537446694881123	8.9955
38.65	0.0536041083340034	8.996
38.675	0.0537554392207	8.9955
38.7	0.0537770405255049	8.9945
38.725	0.0535662095446471	8.994
38.75	0.0537067300608502	8.9975
38.775	0.0537229263973858	8.997
38.8	0.0536796634180738	8.993
38.825	0.0536796438245793	8.9935
38.85	0.0537823270753319	8.9975
38.875	0.0536796050612009	8.995
38.9	0.0535768831865764	8.9945
38.925	0.0536092965855858	8.9975
38.95	0.0535714398518231	8.9955
38.975	0.0536795292005113	8.9945
39	0.0537605916576911	8.994
39.025	0.0536848974926539	8.996
39.05	0.0536254196774007	8.9945
39.075	0.0537605365893448	8.9945
39.1	0.053657815795096	8.995
39.125	0.0535767167531626	8.9955
39.15	0.0536739962193572	8.995
39.175	0.0537064109494992	8.995
39.2	0.0537009879696851	8.994
39.225	0.0535874570087208	8.9965
39.25	0.053684736984608	8.994
39.275	0.0537171522207605	8.9935
39.3	0.0536576756892472	8.9945
39.325	0.0535927938756573	8.994
39.35	0.0535927770493701	8.995
39.375	0.0536035711554469	8.994
39.4	0.0536197707876042	8.9955
39.425	0.053717051620646	8.9945
39.45	0.053619737978031	8.9945
39.475	0.0537872893183595	8.997
39.5	0.053652138073211	8.9915
39.525	0.0536413112687654	8.995
39.55	0.0537223764717498	8.995
39.575	0.0536196580056537	8.9975
39.6	0.0537439666804593	8.9975
39.625	0.0536358430358844	8.9935
39.65	0.0536250168008422	8.996
39.675	0.053700677163711	8.996
39.7	0.0536952565561183	8.997
39.725	0.0535655117340216	8.997
39.75	0.053662794047979	8.994
39.775	0.0535762926863921	8.998
39.8	0.0536627644052355	8.9955
39.825	0.0536897767713008	8.994
39.85	0.0536789514054386	8.9945
39.875	0.0536519099285057	8.995
39.9	0.0535491928802828	8.994
39.925	0.0537924218816376	8.9945
39.95	0.0536680834183079	8.9955
39.975	0.0536410423544153	8.994
40	0.0536410284189516	8.9955
40.025	0.0536193929625357	8.9965
40.05	0.0536139738222781	8.997
40.075	0.0537328791055649	8.997
40.1	0.0536517844873551	8.996
40.125	0.0537112305074776	8.9955
40.15	0.0536139198679287	8.993
40.175	0.0536139066220609	8.994
40.2	0.0537544340124213	8.994
40.225	0.0535976642004808	8.996
40.25	0.0536138674558234	8.9955
40.275	0.053673314048038	8.995
40.3	0.0536300580305023	8.996
40.325	0.0535868021052476	8.998
40.35	0.0535976003256611	8.994
40.375	0.0536192094478379	8.9975
40.4	0.0537110889305804	8.9975
40.425	0.0536299955299929	8.996
40.45	0.053602956272455	8.996
40.475	0.0534515927789453	8.996
40.5	0.0535975266704472	8.997
40.525	0.0537110282165973	8.9975
40.55	0.0535488541735233	8.996
40.575	0.053635328864925	8.9985
40.6	0.0535488306685607	8.9975
40.625	0.0535217920162473	8.993
40.65	0.0535488075019684	8.996
40.675	0.0536569041521442	8.9955
40.7	0.0535920279121184	8.996
40.725	0.0536406652677796	8.998
40.75	0.05354876216448	8.9975
40.775	0.0535541564394682	8.998
40.8	0.0535109021462131	8.995
40.825	0.0535379182030528	8.994
40.85	0.053532501906708	8.9975
40.875	0.0535270856890385	8.996
40.9	0.0535162641440706	8.9955
40.925	0.0536351724063753	8.9925
40.95	0.0535594861510679	8.996
40.975	0.0535648810532681	8.998
41	0.0535810868421535	8.9975
41.025	0.0536189143279867	8.997
41.05	0.0534675526994128	8.998
41.075	0.0535161911450807	8.995
41.1	0.0535269918266164	8.997
41.125	0.0535594142029467	8.997
41.15	0.0535918366519214	8.9965
41.175	0.0535377726865294	8.998
41.2	0.0536404655494928	8.998
41.225	0.0535107260511052	8.9985
41.25	0.0535377433800423	8.994
41.275	0.0535809769952537	8.9985
41.3	0.0535485350043416	8.9965
41.325	0.0535917687581547	8.995
41.35	0.0534998674453835	8.999
41.375	0.0534836418763435	8.9975
41.4	0.0536241731316243	8.9965
41.425	0.053472812562089	8.994
41.45	0.0534782088159018	8.998
41.475	0.0533754970277167	8.999
41.5	0.0535971096294886	8.9995
41.525	0.053591695269392	8.9955
41.55	0.053597091784794	8.998
41.575	0.0535862721482003	8.994
41.6	0.0534241012240119	8.9965
41.625	0.0535970654982546	8.996
41.65	0.0534781379434441	8.9975
41.675	0.0535375888293969	8.9945
41.7	0.0535375803178243	8.9985
41.725	0.0535591934893601	8.9945
41.75	0.0535375634786952	8.993
41.775	0.0534835010961994	8.9975
41.8	0.0535537630981917	8.9935
41.825	0.0535807819166699	8.9965
41.85	0.0535591521457972	8.9955
41.875	0.0534240089202803	8.997
41.9	0.0535158927802344	8.9985
41.925	0.0535158848063185	8.995
41.95	0.0534780390521674	8.9965
41.975	0.0535645176795273	8.995
42	0.0535050504177146	8.996
42.025	0.0535969345636166	8.9975
42.05	0.0535644944411505	8.998
42.075	0.0535969192391011	8.9955
42.1	0.0535158305786889	8.995
42.125	0.0534671744054613	8.997
42.15	0.0535266263946984	8.9965
42.175	0.0535104027622239	8.9965
42.2	0.0534671521562966	8.998
42.225	0.0534617394413943	8.993
42.25	0.053564434887403	8.999
42.275	0.0535265898452926	8.995
42.3	0.0535103664768467	8.9955
42.325	0.0535806296465541	8.996
42.35	0.0535319739486362	8.997
42.375	0.0535806155989386	8.9945
42.4	0.0535049329754719	8.996
42.425	0.0536022233751682	8.9965
42.45	0.0535968111219891	8.9945
42.475	0.0534724799993587	8.997
42.5	0.0534832840609734	8.9985
42.525	0.0534670611443165	8.9985
42.55	0.0534886761139005	8.9985
42.575	0.0535751559964028	8.995
42.6	0.0533913656563413	8.999
42.625	0.0535481159041819	8.9975
42.65	0.0534724337666097	8.9975
42.675	0.0534670219459877	8.999
42.7	0.0535156642257624	8.9955
42.725	0.0534832254704639	8.9985
42.75	0.0535264624365167	8.9985
42.775	0.0535264562046717	8.996
42.8	0.0533967202881151	8.9975
42.825	0.0534399573892243	8.9965
42.85	0.0535372485887574	8.9965
42.875	0.0534237290215292	8.998
42.9	0.0535426419304646	8.9965
42.925	0.0533696629909235	8.9955
42.95	0.0534993867971866	8.9975
42.975	0.0534615430786726	8.997
43	0.0535155912945316	8.997
43.025	0.0534669368498622	8.996
43.05	0.053477741906522	8.996
43.075	0.0534453037615056	8.996
43.1	0.0535155683604589	8.999
43.125	0.0534939411084891	8.9995
43.15	0.0534398814647596	8.9975
43.175	0.0534993353749227	8.9975
43.2	0.0534344650008489	8.9965
43.225	0.0534020270990051	8.9965
43.25	0.0534236432907257	8.9985
43.275	0.0534290433054549	8.9975
43.3	0.0534236325483147	8.998
43.325	0.0534776812892942	8.998
43.35	0.0535155138524383	8.9975
43.375	0.0535046978050373	8.9975
43.4	0.0534290169305999	8.9975
43.425	0.0535209036612851	8.9975
43.45	0.0534830606995244	8.997
43.475	0.0534992718288322	8.997
43.5	0.0534181856975897	8.9975
43.525	0.0534343969001262	8.9955
43.55	0.0534668243550969	8.998
43.575	0.0534506031973755	8.999
43.6	0.0535100577510264	8.9985
43.625	0.0534722150428188	8.996
43.65	0.053407345342767	8.999
43.675	0.053450583785752	8.9985
43.7	0.0536073357769268	8.998
43.725	0.0534830067214463	8.999
43.75	0.0534667858082511	8.996
43.775	0.0535154297938511	8.998
43.8	0.0534397494888118	8.997
43.825	0.0534829881361333	8.997
43.85	0.0534397403301685	8.996
43.875	0.0533910871517587	8.998
43.9	0.0534559475195847	8.996
43.925	0.0534397268388155	8.997
43.95	0.0534343170011083	8.998
43.975	0.0533802585467708	8.9965
44	0.0535694433674634	8.997
44.025	0.053434303895389	9
44.05	0.0534126779681576	8.997
44.075	0.0533802412612183	8.995
44.1	0.0533856424229952	8.9985
44.125	0.0534613138856977	9
44.15	0.0533802286220773	8.997
44.175	0.0534234677129952	8.997
44.2	0.0534342744014764	8.9975
44.225	0.0535099459846015	8.9965
44.25	0.0534288608405337	8.9975
44.275	0.0534558838339244	8.9975
44.3	0.0533802041537508	8.998
44.325	0.0533531731511536	8.996
44.35	0.0534720881232212	8.9985
44.375	0.0534234355562327	8.9965
44.4	0.0534504586932253	8.997
44.425	0.0534180223988594	8.998
44.45	0.0534288293756347	8.998
44.475	0.0534450417855118	8.9995
44.5	0.0534450380066691	8.9975
44.525	0.0534288180389079	8.9965
44.55	0.053369354855004	8.9975
44.575	0.053363945752059	8.998
44.6	0.0534990772163648	8.9965
44.625	0.0533585330315125	8.997
44.65	0.0533963672513644	8.9945
44.675	0.0534504177135682	8.996
44.7	0.0534612249584757	8.998
44.725	0.0533801403372509	8.9985
44.75	0.0534233800659237	8.9955
44.775	0.0533909441443095	8.9975
44.8	0.0533422920316843	8.999
44.825	0.053315261565704	8.9975
44.85	0.0534557986921336	8.9975
44.875	0.0533584980053883	8.998
44.9	0.0534395757215062	8.996
44.925	0.053493626434905	8.995
44.95	0.0534233528481118	8.997
44.975	0.0534611873933847	8.997
45	0.0533638868273074	8.997
45.025	0.0534557754740323	8.9985
45.05	0.053336853333389	8.998
45.075	0.0534611744592621	8.9985
45.1	0.0533422523649969	8.9985
45.125	0.0534395465098862	8.9975
45.15	0.0533476514883587	8.997
45.175	0.0534017024353851	8.9975
45.2	0.0533962939453966	8.997
45.225	0.0533476422344474	8.997
45.25	0.0534449364915657	8.998
45.275	0.0533746632030781	8.999
45.3	0.0533908764228801	8.998
45.325	0.0533962788535168	8.997
45.35	0.0533908704948319	8.996
45.375	0.0533692459412647	8.998
45.4	0.0534773511386072	8.998
45.425	0.0533151860867062	8.9985
45.45	0.0533746426773018	8.9975
45.475	0.0534016668561891	8.9985
45.5	0.0534016640286238	8.997
45.525	0.0534070666268898	8.999
45.55	0.0533530097859746	8.9955
45.575	0.0533800340462722	8.9965
45.6	0.0533854367049346	8.999
45.625	0.0533584069510065	8.9965
45.65	0.0533313772167771	8.997
45.675	0.0534340772318337	8.9985
45.7	0.0533692096987379	8.9995
45.725	0.0533854232659979	8.9995
45.75	0.0533908260415827	8.998
45.775	0.0534502828902189	8.9985
45.8	0.0533259559739314	8.998
45.825	0.0533962236709624	8.9965
45.85	0.0533313562514468	8.9975
45.875	0.0533637861476829	8.9995
45.9	0.053342162008186	8.998
45.925	0.0534016189679588	8.9975
45.95	0.053423238107951	8.996
45.975	0.0533962086172214	8.9975
46	0.0533691791442892	8.9985
46.025	0.0533691767160527	8.9975
46.05	0.0533259310621141	8.998
46.075	0.0534232259661305	9
46.1	0.0533637641306788	8.997
46.125	0.0533907887988772	8.9975
46.15	0.053385381051683	8.9975
46.175	0.0533961895376216	8.997
46.2	0.0532826737160304	8.9985
46.225	0.0533691579111123	8.9955
46.25	0.0534394259065306	8.9995
46.275	0.0533259101345982	8.997
46.3	0.053315097081683	8.998
46.325	0.053434013774694	8.998
46.35	0.0534069845378387	8.999
46.375	0.0532718472088385	8.9985
46.4	0.0533529261119027	8.9975
46.425	0.0534123834090789	8.9985
46.45	0.053352921802956	8.998
46.475	0.0533853521042322	8.9985
46.5	0.0533691337722547	8.998
46.525	0.0533042668069125	8.9985
46.55	0.0534502106675545	8.9985
46.575	0.0534231815702874	8.9985
46.6	0.0533475038393267	8.996
46.625	0.0533637180151048	8.9975
46.65	0.0533853376110281	8.9965
46.675	0.0533637139783414	8.999
46.7	0.0534177660358579	8.9975
46.725	0.053363709999689	8.997
46.75	0.053358302626487	8.999
46.775	0.0534015439161488	8.9985
46.8	0.0532934338685715	8.999
46.825	0.0533096481593288	8.997
46.85	0.0533528894910223	8.9975
46.875	0.0533907254311191	8.9995
46.9	0.0534015343578978	8.9985
46.925	0.0533042351901783	8.9985
46.95	0.0532555846846189	8.998
46.975	0.0534015287870682	8.998
47	0.0533582837136453	8.9975
47.025	0.0533204440588487	8.997
47.05	0.0533474692820423	8.9975
47.075	0.0533366566804286	8.9985
47.1	0.0533420603079675	8.9985
47.125	0.0534069234078089	8.999
47.15	0.0532934081420221	8.9985
47.175	0.0533366496456501	8.999
47.2	0.0533744857564393	8.999
47.225	0.053406916474299	8.9985
47.25	0.0533204282856256	8.998
47.275	0.0533312374065456	8.999
47.3	0.0533042087018353	8.998
47.325	0.0533852881173524	8.9995
47.35	0.0533852864638201	8.997
47.375	0.0533258253627731	8.998
47.4	0.0533312291384495	8.999
47.425	0.0533852815745474	8.999
47.45	0.0533204151034141	8.9985
47.475	0.05333122431956	8.9995
47.5	0.0533420335472253	8.996
47.525	0.0533150049484892	9
47.55	0.0534014898746202	8.998
47.575	0.0532987856228338	8.9965
47.6	0.0533258111119674	8.998
47.625	0.0532987825581564	8.9985
47.65	0.0532879702315908	8.998
47.675	0.0533798606186774	8.997
47.7	0.0533906699355533	8.9985
47.725	0.0533203981821401	8.9985
47.75	0.0533366129259272	8.998
47.775	0.0533420168695401	8.9975
47.8	0.0533636370399289	8.9975
47.825	0.0533041761397201	8.9985
47.85	0.0533095801147838	8.9995
47.875	0.0533312003163962	8.9975
47.9	0.0532771448525908	8.999
47.925	0.0534284948043745	8.999
47.95	0.0533636285500523	8.9975
47.975	0.053255519062524	8.9995
48	0.0533257879633387	8.999
48.025	0.0533474082253974	8.999
48.05	0.0532771366053855	8.9975
48.075	0.0533041622924211	9
48.1	0.0532987555567041	8.999
48.125	0.053320375857624	8.9975
48.15	0.0533419961680845	8.9975
48.175	0.0533257786501786	8.999
48.2	0.0533690206011354	8.999
48.225	0.0533149652641301	8.998
48.25	0.053293342368825	8.9975
48.275	0.0533365843475856	8.998
48.3	0.0532446912003454	8.9995
48.325	0.053331176440552	8.999
48.35	0.053385229257329	8.9985
48.375	0.0533149577587196	8.9965
48.4	0.0533311727554699	8.996
48.425	0.0533257661394078	8.9995
48.45	0.0533365757483074	8.999
48.475	0.0533041421226461	8.9985
48.5	0.0532608976947937	8.9985
48.525	0.0533581938160392	8.999
48.55	0.0533203548106451	8.998
48.575	0.0533041374353069	8.9955
48.6	0.0533203525007743	8.9995
48.625	0.0532717027096896	8.9985
48.65	0.0532987286025334	8.9985
48.675	0.0532987274765432	8.998
48.7	0.0533041317640924	8.9965
48.725	0.0533311576813383	8.9995
48.75	0.0533473727957903	8.9975
48.775	0.0532446689992822	8.9975
48.8	0.0532716949404054	8.998
48.825	0.0533257479163999	8.997
48.85	0.053325746846128	8.999
48.875	0.0533419619998038	8.9985
48.9	0.0533581771611551	8.999
48.925	0.0532879058436401	8.999
48.95	0.0532338507499064	8.999
48.975	0.0532824983663859	8.9995
49	0.053271686530862	9
49.025	0.0532770909189567	8.998
49.05	0.0533257385576435	8.999
49.075	0.0533041159333557	8.9995
49.1	0.0532608716946894	8.9985
49.125	0.0532500598956463	8.9965
49.15	0.05334735621185	8.998
49.175	0.0533095174000059	8.9985
49.2	0.0532716785951977	8.9985
49.225	0.0532987046622397	8.999
49.25	0.0532446496551352	8.997
49.275	0.0532716757359965	9
49.3	0.0532932964182873	8.9985
49.325	0.0532987008911475	8.999
49.35	0.0532608621275008	8.998
49.375	0.0532446449921637	8.9985
49.4	0.053266265701304	8.9995
49.425	0.0532716702008196	8.9995
49.45	0.0532770747068791	8.9985
49.475	0.0532608575978138	8.998
49.5	0.0532770729276306	8.999
49.525	0.0532770720476344	8.9975
49.55	0.0532878819848058	8.996
49.575	0.0532878811174775	8.999
49.6	0.0533527451212795	8.9995
49.625	0.0532608523745448	8.9975
49.65	0.0532932839583097	8.9965
49.675	0.0533149047373943	8.998
49.7	0.0532878768739166	9
49.725	0.0533094976651299	8.9995
49.75	0.05323922657045	8.999
49.775	0.053282468995239	8.999
49.8	0.0532770627772917	8.998
49.825	0.0532770619706194	8.9995
49.85	0.0532067908995041	8.998
49.875	0.0532121955098496	8.9995
