Data Source: ForteBio Octet
Station ID: Alpha03
Sensor Type: Protein A
Temperature: 30 deg C

	Sensor A x	Sensor A y	Sensor B x	Sensor B y	Sensor C x	Sensor C y	Sensor D x	Sensor D y	Sensor E x	Sensor E y	Sensor F x	Sensor F y	Sensor G x	Sensor G y	Sensor H x	Sensor H y
	conc89	conc89	conc90	conc90	conc91	conc91	conc92	conc92	conc93	conc93	conc94	conc94	conc95	conc95	conc96	conc96
Data Point# 0	0	0	0.2	0	0.4	0	0.6	0	0.8	0	1	0	1.2	0	1.4	0
Data Point# 1	1.6	0.039551	1.8	0.076172	2	0.054138	2.2	0.080566	2.4	0.107422	2.6	0.08075	2.8	0.102173	3	0.07373
Data Point# 2	3.2	0.199951	3.4	0.230713	3.6	0.195679	3.8	0.24176	4	0.229309	4.2	0.22998	4.4	0.242615	4.6	0.276001
Data Point# 3	4.8	0.34375	5	0.374695	5.2	0.370605	5.4	0.403076	5.6	0.376038	5.8	0.370911	6	0.359741	6.2	0.408813
Data Point# 4	6.4	0.49176	6.6	0.527283	6.8	0.506042	7	0.545776	7.2	0.506348	7.4	0.497437	7.6	0.515259	7.8	0.486816
Data Point# 5	8	0.619019	8.2	0.63324	8.4	0.591492	8.6	0.649292	8.8	0.603516	9	0.559631	9.2	0.587646	9.4	0.607056
Data Point# 6	9.6	0.683716	9.8	0.726501	10	0.712463	10.2	0.696899	10.4	0.669739	10.6	0.64679	10.8	0.645203	11	0.69989
Data Point# 7	11.2	0.742126	11.4	0.785889	11.6	0.766663	11.8	0.773499	12	0.773193	12.2	0.698669	12.4	0.666504	12.6	0.746338
Data Point# 8	12.8	0.752563	13	0.836792	13.2	0.812561	13.4	0.819031	13.6	0.773193	13.8	0.7547	14	0.745422	14.2	0.744202
Data Point# 9	14.4	0.823547	14.6	0.841064	14.8	0.837585	15	0.848022	15.2	0.795959	15.4	0.806641	15.6	0.747559	15.8	0.811768
Data Point# 10	16	0.867371	16.2	0.887695	16.4	0.881409	16.6	0.918457	16.8	0.841553	17	0.817017	17.2	0.764587	17.4	0.837097
Data Point# 11	17.6	0.877808	17.8	0.919556	18	0.898071	18.2	0.916382	18.4	0.876709	18.6	0.829468	18.8	0.802979	19	0.858215
Data Point# 12	19.2	0.902893	19.4	0.968323	19.6	0.923157	19.8	0.934998	20	0.878784	20.2	0.860596	20.4	0.830688	20.6	0.868774
Data Point# 13	20.8	0.925842	21	0.966248	21.2	0.946106	21.4	0.947449	21.6	0.918152	21.8	0.866821	22	0.783813	22.2	0.913086
Data Point# 14	22.4	0.911255	22.6	0.995911	22.8	0.981567	23	0.97644	23.2	0.942993	23.4	0.860596	23.6	0.849915	23.8	0.902527
Data Point# 15	24	0.95929	24.2	1.012878	24.4	0.985718	24.6	0.966064	24.8	0.932617	25	0.868896	25.2	0.890442	25.4	0.921509
Data Point# 16	25.6	0.96344	25.8	1.006531	26	0.987854	26.2	0.999268	26.4	0.957458	26.6	0.922913	26.8	0.884033	27	0.938416
Data Point# 17	27.2	0.984314	27.4	1.042603	27.6	1.027466	27.8	0.995117	28	0.951294	28.2	0.924988	28.4	0.860535	28.6	0.984924
Data Point# 18	28.8	0.973877	29	1.053223	29.2	1.044189	29.4	1.022034	29.6	0.994751	29.8	0.941589	30	0.881897	30.2	0.96167
Data Point# 19	30.4	0.998962	30.6	1.055359	30.8	1.025391	31	1.04071	31.2	1.000977	31.4	0.939514	31.6	0.909607	31.8	0.957458
Data Point# 20	32	1.007324	32.2	1.055359	32.4	1.052551	32.6	1.055176	32.8	0.98645	33	0.972717	33.2	0.894653	33.4	1.006042
Data Point# 21	33.6	0.988525	33.8	1.095703	34	1.060913	34.2	1.04895	34.4	1.005127	34.6	0.962341	34.8	0.918152	35	0.970093
Data Point# 22	35.2	1.021912	35.4	1.089294	35.6	1.0755	35.8	1.051025	36	1.034119	36.2	0.962341	36.4	0.954407	36.6	0.999695
Data Point# 23	36.8	1.049072	37	1.072327	37.2	1.060913	37.4	1.075928	37.6	1.025818	37.8	0.981079	38	0.922424	38.2	1.025024
Data Point# 24	38.4	1.009399	38.6	1.097839	38.8	1.106812	39	1.104919	39.2	1.036194	39.4	0.970642	39.6	0.935181	39.8	1.048279
Data Point# 25	40	1.04071	40.2	1.108398	40.4	1.079651	40.6	1.069702	40.8	1.05481	41	1.003906	41.2	0.943726	41.4	1.029236
Data Point# 26	41.6	1.067871	41.8	1.123291	42	1.0755	42.2	1.10907	42.4	1.036194	42.6	1.012207	42.8	0.97998	43	1.025024
Data Point# 27	43.2	1.08252	43.4	1.097839	43.6	1.104736	43.8	1.104919	44	1.05481	44.2	1.001831	44.4	0.928833	44.6	1.071472
Data Point# 28	44.8	1.074158	45	1.112671	45.2	1.131897	45.4	1.115295	45.6	1.056885	45.8	0.98938	46	0.967224	46.2	1.050354
Data Point# 29	46.4	1.092957	46.6	1.123291	46.8	1.104736	47	1.123596	47.2	1.075562	47.4	1.020508	47.6	0.986389	47.8	1.03772
Data Point# 30	48	1.08667	48.2	1.131775	48.4	1.121399	48.6	1.111145	48.8	1.069336	49	1.03717	49.2	0.984253	49.4	1.079956
Data Point# 31	49.6	1.107605	49.8	1.136047	50	1.146484	50.2	1.150513	50.4	1.096252	50.6	1.028809	50.8	0.962952	51	1.090515
Data Point# 32	51.2	1.055359	51.4	1.169983	51.6	1.167358	51.8	1.150513	52	1.087952	52.2	1.012207	52.4	0.990662	52.6	1.07782
Data Point# 33	52.8	1.090881	53	1.159363	53.2	1.156921	53.4	1.156738	53.6	1.085876	53.8	1.03717	54	0.99707	54.2	1.082031
Data Point# 34	54.4	1.111755	54.6	1.161499	54.8	1.154846	55	1.140137	55.2	1.065186	55.4	1.049622	55.6	0.950134	55.8	1.115845
Data Point# 35	56	1.084595	56.2	1.169983	56.4	1.158997	56.6	1.146362	56.8	1.096252	57	1.055847	57.2	0.992798	57.4	1.098938
Data Point# 36	57.6	1.122192	57.8	1.193359	58	1.146484	58.2	1.154663	58.4	1.108704	58.6	1.032959	58.8	1.029053	59	1.07782
Data Point# 37	59.2	1.115967	59.4	1.178467	59.6	1.138123	59.8	1.165039	60	1.110779	60.2	1.057922	60.4	0.994934	60.6	1.10321
