Data Source: ForteBio Octet
Station ID: Alpha03
Sensor Type: Protein A
Temperature: 30 deg C

	Sensor A x	Sensor A y	Sensor B x	Sensor B y	Sensor C x	Sensor C y	Sensor D x	Sensor D y	Sensor E x	Sensor E y	Sensor F x	Sensor F y	Sensor G x	Sensor G y	Sensor H x	Sensor H y
	conc25	conc25	conc26	conc26	conc27	conc27	conc28	conc28	conc29	conc29	conc30	conc30	conc31	conc31	conc32	conc32
Data Point# 0	0	0	0.2	0	0.4	0	0.6	0	0.8	0	1	0	1.2	0	1.4	0
Data Point# 1	1.6	0	1.8	-0.004211	2	-0.006226	2.2	0.061951	2.4	-0.002014	2.6	0.03064	2.8	0.101501	3	0.172363
Data Point# 2	3.2	0	3.4	0.016846	3.6	-0.010376	3.8	0.07019	4	0.047119	4.2	0.147034	4.4	0.264404	4.6	0.407166
Data Point# 3	4.8	0.010498	5	0.016846	5.2	0.008301	5.4	0.088745	5.6	0.131165	5.8	0.232788	6	0.399841	6.2	0.581848
Data Point# 4	6.4	0	6.6	0.018982	6.8	0.051819	7	0.125916	7.2	0.17627	7.4	0.326782	7.6	0.528931	7.8	0.671265
Data Point# 5	8	0.002136	8.2	0.025269	8.4	0.037292	8.6	0.150696	8.8	0.223389	9	0.404419	9.2	0.609436	9.4	0.719116
Data Point# 6	9.6	-0.004211	9.8	0.021057	10	0.078735	10.2	0.16925	10.4	0.276733	10.6	0.500488	10.8	0.704712	11	0.812744
Data Point# 7	11.2	0.006287	11.4	0.035828	11.6	0.082886	11.8	0.171326	12	0.334167	12.2	0.539368	12.4	0.717468	12.6	0.833557
Data Point# 8	12.8	0.027283	13	0.078003	13.2	0.116028	13.4	0.231201	13.6	0.401855	13.8	0.608887	14	0.802185	14.2	0.889771
Data Point# 9	14.4	0.014709	14.6	0.067505	14.8	0.128418	15	0.251831	15.2	0.428528	15.4	0.645691	15.6	0.812805	15.8	0.918884
Data Point# 10	16	0.041992	16.2	0.092773	16.4	0.142944	16.6	0.280762	16.8	0.485962	17	0.68866	17.2	0.848816	17.4	0.952209
Data Point# 11	17.6	0.018921	17.8	0.086487	18	0.132568	18.2	0.299316	18.4	0.514648	18.6	0.743896	18.8	0.886963	19	0.985474
Data Point# 12	19.2	0.041992	19.4	0.111755	19.6	0.159546	19.8	0.315857	20	0.547485	20.2	0.752075	20.4	0.886963	20.6	0.937622
Data Point# 13	20.8	0.046204	21	0.113892	21.2	0.194763	21.4	0.363342	21.6	0.580322	21.8	0.760254	22	0.937866	22.2	1.000061
Data Point# 14	22.4	0.029419	22.6	0.10968	22.8	0.186462	23	0.361267	23.2	0.615234	23.4	0.795044	23.6	0.918762	23.8	1.002136
Data Point# 15	24	0.05249	24.2	0.122314	24.4	0.20929	24.6	0.398438	24.8	0.625488	25	0.817566	25.2	0.948425	25.4	1.029236
Data Point# 16	25.6	0.058777	25.8	0.103333	26	0.236206	26.2	0.447998	26.4	0.650146	26.6	0.838013	26.8	0.971741	27	1.033386
Data Point# 17	27.2	0.050415	27.4	0.139221	27.6	0.242432	27.8	0.421143	28	0.687073	28.2	0.850281	28.4	0.980225	28.6	1.041748
Data Point# 18	28.8	0.041992	29	0.132874	29.2	0.22583	29.4	0.437683	29.6	0.695313	29.8	0.860535	30	0.978149	30.2	1.054199
Data Point# 19	30.4	0.048279	30.6	0.145508	30.8	0.22998	31	0.481079	31.2	0.711731	31.4	0.887146	31.6	1.009949	31.8	1.047974
Data Point# 20	32	0.0672	32.2	0.158203	32.4	0.281799	32.6	0.503784	32.8	0.701477	33	0.88916	33.2	1.016296	33.4	1.070862
Data Point# 21	33.6	0.077698	33.8	0.179321	34	0.2901	34.2	0.51825	34.4	0.740479	34.6	0.891235	34.8	1.033264	35	1.077148
Data Point# 22	35.2	0.0672	35.4	0.177185	35.6	0.308777	35.8	0.536865	36	0.744568	36.2	0.92395	36.4	1.009949	36.6	1.072937
Data Point# 23	36.8	0.062988	37	0.164551	37.2	0.352295	37.4	0.563721	37.6	0.760986	37.8	0.940369	38	1.009949	38.2	1.147949
Data Point# 24	38.4	0.113403	38.6	0.179321	38.8	0.321228	39	0.569946	39.2	0.767151	39.4	0.934204	39.6	1.050232	39.8	1.116699
Data Point# 25	40	0.0672	40.2	0.187744	40.4	0.331543	40.6	0.586487	40.8	0.818481	41	0.954651	41.2	1.045959	41.4	1.104187
Data Point# 26	41.6	0.10498	41.8	0.210938	42	0.339844	42.2	0.617493	42.4	0.791809	42.6	0.960815	42.8	1.048096	43	1.106262
Data Point# 27	43.2	0.10083	43.4	0.198303	43.6	0.373047	43.8	0.605042	44	0.793884	44.2	0.948547	44.4	1.050232	44.6	1.164612
Data Point# 28	44.8	0.073486	45	0.215149	45.2	0.364746	45.4	0.625732	45.6	0.808228	45.8	0.95874	46	1.090515	46.2	1.139587
Data Point# 29	46.4	0.086121	46.6	0.21936	46.8	0.416565	47	0.617493	47.2	0.828796	47.4	0.952637	47.6	1.082031	47.8	1.12085
Data Point# 30	48	0.113403	48.2	0.229919	48.4	0.400024	48.6	0.691895	48.8	0.857544	49	0.985413	49.2	1.077759	49.4	1.141663
Data Point# 31	49.6	0.079773	49.8	0.246826	50	0.429016	50.2	0.685669	50.4	0.855469	50.6	0.991516	50.8	1.075684	51	1.147949
Data Point# 32	51.2	0.098694	51.4	0.240479	51.6	0.437317	51.8	0.685669	52	0.859619	52.2	0.985413	52.4	1.092651	52.6	1.137512
Data Point# 33	52.8	0.107117	53	0.238403	53.2	0.476746	53.4	0.698059	53.6	0.867798	53.8	1.00177	54	1.111694	54.2	1.1521
Data Point# 34	54.4	0.107117	54.6	0.253174	54.8	0.462219	55	0.71875	55.2	0.869873	55.4	0.993591	55.6	1.088379	55.8	1.18335
Data Point# 35	56	0.111328	56.2	0.274231	56.4	0.464294	56.6	0.71051	56.8	0.882202	57	0.989502	57.2	1.094727	57.4	1.166687
Data Point# 36	57.6	0.090271	57.8	0.291138	58	0.493347	58.2	0.71051	58.4	0.871887	58.6	1.024292	58.8	1.128662	59	1.166687
Data Point# 37	59.2	0.132324	59.4	0.280579	59.6	0.495422	59.8	0.758057	60	0.900696	60.2	1.026306	60.4	1.135071	60.6	1.160461
