384.00	17983.33
383.95	17623.33
383.90	17946.67
383.85	17996.67
383.80	17610.00
383.75	17733.33
383.70	18023.33
383.65	17603.33
383.60	17013.33
383.55	17443.33
383.50	17886.67
383.45	17650.00
383.40	17930.00
383.35	17960.00
383.30	17933.33
383.25	17853.33
383.20	17656.67
383.15	17716.67
383.10	17473.33
383.05	17663.33
383.00	17266.67
382.95	17906.67
382.90	17816.67
382.85	17863.33
382.80	17513.33
382.75	17513.33
382.70	17593.33
382.65	17593.33
382.60	17816.67
382.55	17460.00
382.50	17600.00
382.45	17193.33
382.40	17496.67
382.35	17580.00
382.30	17703.33
382.25	17676.67
382.20	17513.33
382.15	17393.33
382.10	17743.33
382.05	17793.33
382.00	17810.00
381.95	17840.00
381.90	18080.00
381.85	17416.67
381.80	17350.00
381.75	17643.33
381.70	17710.00
381.65	17533.33
381.60	17620.00
381.55	17556.67
381.50	17540.00
381.45	17933.33
381.40	17460.00
381.35	17493.33
381.30	17593.33
381.25	17783.33
381.20	17666.67
381.15	17630.00
381.10	17386.67
381.05	17546.67
381.00	17726.67
380.95	18113.33
380.90	17603.33
380.85	17443.33
380.80	17990.00
380.75	17736.67
380.70	17250.00
380.65	17706.67
380.60	17623.33
380.55	17510.00
380.50	17430.00
380.45	17613.33
380.40	17460.00
380.35	17503.33
380.30	17203.33
380.25	17676.67
380.20	17706.67
380.15	17783.33
380.10	17733.33
380.05	17893.33
380.00	17663.33
379.95	17523.33
379.90	17353.33
379.85	17906.67
379.80	18116.67
379.75	17766.67
379.70	17556.67
379.65	17590.00
379.60	17883.33
379.55	17830.00
379.50	17803.33
379.45	17700.00
379.40	17550.00
379.35	17643.33
379.30	17436.67
379.25	18023.33
379.20	17843.33
379.15	17793.33
379.10	17766.67
379.05	18183.33
379.00	17796.67
378.95	17750.00
378.90	17533.33
378.85	17486.67
378.80	17480.00
378.75	17403.33
378.70	17600.00
378.65	17746.67
378.60	18240.00
378.55	17560.00
378.50	18336.67
378.45	17906.67
378.40	17576.67
378.35	17806.67
378.30	17733.33
378.25	17483.33
378.20	17260.00
378.15	17610.00
378.10	17566.67
378.05	17660.00
378.00	17426.67
377.95	17580.00
377.90	17693.33
377.85	17503.33
377.80	17176.67
377.75	17820.00
377.70	17853.33
377.65	17630.00
377.60	17966.67
377.55	17723.33
377.50	17830.00
377.45	17706.67
377.40	17433.33
377.35	17900.00
377.30	17830.00
377.25	18343.33
377.20	17693.33
377.15	17846.67
377.10	17856.67
377.05	17316.67
377.00	17453.33
376.95	17636.67
376.90	17450.00
376.85	17953.33
376.80	18050.00
376.75	17746.67
376.70	17556.67
376.65	17836.67
376.60	17643.33
376.55	17910.00
376.50	17326.67
376.45	17556.67
376.40	17973.33
376.35	17953.33
376.30	17350.00
376.25	17846.67
376.20	17780.00
376.15	17726.67
376.10	17836.67
376.05	17896.67
376.00	17603.33
375.95	17763.33
375.90	17746.67
375.85	17423.33
375.80	17980.00
375.75	17683.33
375.70	17810.00
375.65	17513.33
375.60	17936.67
375.55	17856.67
375.50	17363.33
375.45	17916.67
375.40	18093.33
375.35	17403.33
375.30	17523.33
375.25	17746.67
375.20	17923.33
375.15	17776.67
375.10	17610.00
375.05	18510.00
375.00	18063.33
374.95	18016.67
374.90	18253.33
374.85	18160.00
374.80	18456.67
374.75	17833.33
374.70	17820.00
374.65	17886.67
374.60	17750.00
374.55	18023.33
374.50	17663.33
374.45	18066.67
374.40	18190.00
374.35	18086.67
374.30	18356.67
374.25	18166.67
374.20	18390.00
374.15	18333.33
374.10	18133.33
374.05	18226.67
374.00	18556.67
373.95	18236.67
373.90	18060.00
373.85	18533.33
373.80	18210.00
373.75	18606.67
373.70	18143.33
373.65	18170.00
373.60	18206.67
373.55	18496.67
373.50	18313.33
373.45	18473.33
373.40	17990.00
373.35	18180.00
373.30	18190.00
373.25	17953.33
373.20	18113.33
373.15	18656.67
373.10	17950.00
373.05	18180.00
373.00	18003.33
372.95	17983.33
372.90	17863.33
372.85	18326.67
372.80	17946.67
372.75	17433.33
372.70	17750.00
372.65	18460.00
372.60	17346.67
372.55	17963.33
372.50	17726.67
372.45	17556.67
372.40	18273.33
372.35	17680.00
372.30	18086.67
372.25	17780.00
372.20	18070.00
372.15	17946.67
372.10	17313.33
372.05	18023.33
372.00	17940.00
371.95	17656.67
371.90	17866.67
371.85	17630.00
371.80	18043.33
371.75	17816.67
371.70	17686.67
371.65	17806.67
371.60	17850.00
371.55	17876.67
371.50	18016.67
371.45	17546.67
371.40	17340.00
371.35	17453.33
371.30	17843.33
371.25	17800.00
371.20	17820.00
371.15	17936.67
371.10	17860.00
371.05	17746.67
371.00	17513.33
370.95	17823.33
370.90	17943.33
370.85	17446.67
370.80	17763.33
370.75	17803.33
370.70	17503.33
370.65	17633.33
370.60	17733.33
370.55	17756.67
370.50	18060.00
370.45	17680.00
370.40	17966.67
370.35	17463.33
370.30	18030.00
370.25	17926.67
370.20	17520.00
370.15	17680.00
370.10	17966.67
370.05	18016.67
370.00	17773.33
369.95	17836.67
369.90	18296.67
369.85	17993.33
369.80	17950.00
369.75	17746.67
369.70	17620.00
369.65	17943.33
369.60	17806.67
369.55	17663.33
369.50	17600.00
369.45	17710.00
369.40	17860.00
369.35	18026.67
369.30	17850.00
369.25	17923.33
369.20	17976.67
369.15	17580.00
369.10	17936.67
369.05	18043.33
369.00	18506.67
368.95	17726.67
368.90	17903.33
368.85	18576.67
368.80	18453.33
368.75	17910.00
368.70	17873.33
368.65	18266.67
368.60	18520.00
368.55	18443.33
368.50	18183.33
368.45	18596.67
368.40	18976.67
368.35	17946.67
368.30	18853.33
368.25	18033.33
368.20	18936.67
368.15	18096.67
368.10	18603.33
368.05	18596.67
368.00	18856.67
367.95	18370.00
367.90	19036.67
367.85	18820.00
367.80	18440.00
367.75	18673.33
367.70	19036.67
367.65	18906.67
367.60	18703.33
367.55	19040.00
367.50	18670.00
367.45	18783.33
367.40	18263.33
367.35	18273.33
367.30	18240.00
367.25	18793.33
367.20	19236.67
367.15	19190.00
367.10	18036.67
367.05	18466.67
367.00	18123.33
366.95	18060.00
366.90	18770.00
366.85	18333.33
366.80	17896.67
366.75	17843.33
366.70	18303.33
366.65	18076.67
366.60	18366.67
366.55	18413.33
366.50	17566.67
366.45	18203.33
366.40	17863.33
366.35	18106.67
366.30	17840.00
366.25	17216.67
366.20	17920.00
366.15	17476.67
366.10	17826.67
366.05	18170.00
366.00	18293.33
365.95	18036.67
365.90	17680.00
365.85	18073.33
365.80	17606.67
365.75	17996.67
365.70	17636.67
365.65	18043.33
365.60	17770.00
365.55	17470.00
365.50	17756.67
365.45	18006.67
365.40	17970.00
365.35	17923.33
365.30	17663.33
365.25	17973.33
365.20	17926.67
365.15	17390.00
365.10	17553.33
365.05	17936.67
365.00	17853.33
364.95	17830.00
364.90	17553.33
364.85	17730.00
364.80	17686.67
364.75	17696.67
364.70	17996.67
364.65	18113.33
364.60	18106.67
364.55	18086.67
364.50	17803.33
364.45	17476.67
364.40	17970.00
364.35	18076.67
364.30	17850.00
364.25	17570.00
364.20	17943.33
364.15	18023.33
364.10	17436.67
364.05	17460.00
364.00	17820.00
363.95	17770.00
363.90	17640.00
363.85	17693.33
363.80	17973.33
363.75	18263.33
363.70	17556.67
363.65	17876.67
363.60	17766.67
363.55	17766.67
363.50	18136.67
363.45	17860.00
363.40	17710.00
363.35	17840.00
363.30	17710.00
363.25	18066.67
363.20	17236.67
363.15	17553.33
363.10	17666.67
363.05	18086.67
363.00	18100.00
362.95	17596.67
362.90	17650.00
362.85	18056.67
362.80	18220.00
362.75	17756.67
362.70	17930.00
362.65	18010.00
362.60	17796.67
362.55	17843.33
362.50	17636.67
362.45	18030.00
362.40	17903.33
362.35	17600.00
362.30	17523.33
362.25	17863.33
362.20	18073.33
362.15	18030.00
362.10	17433.33
362.05	17583.33
362.00	17840.00
361.95	17773.33
361.90	17956.67
361.85	17343.33
361.80	17286.67
361.75	17986.67
361.70	17613.33
361.65	18130.00
361.60	17703.33
361.55	17433.33
361.50	17803.33
361.45	18123.33
361.40	17733.33
361.35	17830.00
361.30	17936.67
361.25	17563.33
361.20	17463.33
361.15	18296.67
361.10	18093.33
361.05	17270.00
361.00	17890.00
360.95	17933.33
360.90	17800.00
360.85	17623.33
360.80	17996.67
360.75	17403.33
360.70	17663.33
360.65	17806.67
360.60	18053.33
360.55	17950.00
360.50	18253.33
360.45	17643.33
360.40	17790.00
360.35	17533.33
360.30	18213.33
360.25	17986.67
360.20	17826.67
360.15	18030.00
360.10	17910.00
360.05	17430.00
360.00	17640.00
359.95	18050.00
359.90	17936.67
359.85	17813.33
359.80	17990.00
359.75	17790.00
359.70	17836.67
359.65	17836.67
359.60	18116.67
359.55	17740.00
359.50	17790.00
359.45	17976.67
359.40	17943.33
359.35	18160.00
359.30	17630.00
359.25	17626.67
359.20	17543.33
359.15	17660.00
359.10	17856.67
359.05	17923.33
359.00	17610.00
