File Name,OLIG.001
File Type,GPC Single Channel Chromatogram
Version,2
Size,5570
Date,Wed Jul 01 07:04:00 1998
Number of Points,1320
Numerator,1
Denominator,12288
Offset,0
Start Delay (Mins),0
Logging Frequency,1
Sample Name,043/96
Method Number,27
Run Type,Unknown
Kvalue * 10e5,    14.1
Alpha,     0.7
Number of timed events,0
Data Values Table
Time (Mins),Normalized Value
    0.0000,  2.1851
    0.0167,  2.1851
    0.0333,  2.1847
    0.0500,  2.1845
    0.0667,  2.1847
    0.0833,  2.1844
    0.1000,  2.1838
    0.1167,  2.1837
    0.1333,  2.1840
    0.1500,  2.1844
    0.1667,  2.1847
    0.1833,  2.1848
    0.2000,  2.1849
    0.2167,  2.1847
    0.2333,  2.1843
    0.2500,  2.1839
    0.2667,  2.1839
    0.2833,  2.1848
    0.3000,  2.1849
    0.3167,  2.1842
    0.3333,  2.1843
    0.3500,  2.1847
    0.3667,  2.1847
    0.3833,  2.1847
    0.4000,  2.1851
    0.4167,  2.1850
    0.4333,  2.1842
    0.4500,  2.1842
    0.4667,  2.1840
    0.4833,  2.1841
    0.5000,  2.1841
    0.5167,  2.1833
    0.5333,  2.1832
    0.5500,  2.1838
    0.5667,  2.1839
    0.5833,  2.1839
    0.6000,  2.1842
    0.6167,  2.1840
    0.6333,  2.1837
    0.6500,  2.1837
    0.6667,  2.1840
    0.6833,  2.1840
    0.7000,  2.1842
    0.7167,  2.1849
    0.7333,  2.1855
    0.7500,  2.1860
    0.7667,  2.1860
    0.7833,  2.1856
    0.8000,  2.1857
    0.8167,  2.1858
    0.8333,  2.1864
    0.8500,  2.1868
    0.8667,  2.1864
    0.8833,  2.1862
    0.9000,  2.1861
    0.9167,  2.1860
    0.9333,  2.1854
    0.9500,  2.1843
    0.9667,  2.1838
    0.9833,  2.1840
    1.0000,  2.1836
    1.0167,  2.1829
    1.0333,  2.1831
    1.0500,  2.1833
    1.0667,  2.1829
    1.0833,  2.1827
    1.1000,  2.1826
    1.1167,  2.1826
    1.1333,  2.1829
    1.1500,  2.1825
    1.1667,  2.1819
    1.1833,  2.1818
    1.2000,  2.1823
    1.2167,  2.1826
    1.2333,  2.1827
    1.2500,  2.1831
    1.2667,  2.1830
    1.2833,  2.1826
    1.3000,  2.1828
    1.3167,  2.1830
    1.3333,  2.1827
    1.3500,  2.1826
    1.3667,  2.1832
    1.3833,  2.1832
    1.4000,  2.1830
    1.4167,  2.1836
    1.4333,  2.1840
    1.4500,  2.1839
    1.4667,  2.1837
    1.4833,  2.1836
    1.5000,  2.1838
    1.5167,  2.1841
    1.5333,  2.1841
    1.5500,  2.1833
    1.5667,  2.1833
    1.5833,  2.1839
    1.6000,  2.1839
    1.6167,  2.1840
    1.6333,  2.1843
    1.6500,  2.1845
    1.6667,  2.1845
    1.6833,  2.1844
    1.7000,  2.1845
    1.7167,  2.1847
    1.7333,  2.1847
    1.7500,  2.1851
    1.7667,  2.1852
    1.7833,  2.1851
    1.8000,  2.1851
    1.8167,  2.1846
    1.8333,  2.1841
    1.8500,  2.1840
    1.8667,  2.1847
    1.8833,  2.1853
    1.9000,  2.1850
    1.9167,  2.1845
    1.9333,  2.1840
    1.9500,  2.1842
    1.9667,  2.1851
    1.9833,  2.1848
    2.0000,  2.1845
    2.0167,  2.1847
    2.0333,  2.1848
    2.0500,  2.1847
    2.0667,  2.1850
    2.0833,  2.1857
    2.1000,  2.1859
    2.1167,  2.1860
    2.1333,  2.1866
    2.1500,  2.1863
    2.1667,  2.1858
    2.1833,  2.1857
    2.2000,  2.1854
    2.2167,  2.1853
    2.2333,  2.1855
    2.2500,  2.1856
    2.2667,  2.1854
    2.2833,  2.1855
    2.3000,  2.1860
    2.3167,  2.1865
    2.3333,  2.1868
    2.3500,  2.1866
    2.3667,  2.1863
    2.3833,  2.1865
    2.4000,  2.1867
    2.4167,  2.1865
    2.4333,  2.1868
    2.4500,  2.1871
    2.4667,  2.1872
    2.4833,  2.1873
    2.5000,  2.1872
    2.5167,  2.1867
    2.5333,  2.1867
    2.5500,  2.1877
    2.5667,  2.1881
    2.5833,  2.1876
    2.6000,  2.1880
    2.6167,  2.1886
    2.6333,  2.1884
    2.6500,  2.1883
    2.6667,  2.1880
    2.6833,  2.1872
    2.7000,  2.1871
    2.7167,  2.1878
    2.7333,  2.1883
    2.7500,  2.1883
    2.7667,  2.1879
    2.7833,  2.1877
    2.8000,  2.1880
    2.8167,  2.1878
    2.8333,  2.1882
    2.8500,  2.1884
    2.8667,  2.1882
    2.8833,  2.1882
    2.9000,  2.1883
    2.9167,  2.1881
    2.9333,  2.1882
    2.9500,  2.1885
    2.9667,  2.1882
    2.9833,  2.1877
    3.0000,  2.1879
    3.0167,  2.1882
    3.0333,  2.1881
    3.0500,  2.1881
    3.0667,  2.1882
    3.0833,  2.1881
    3.1000,  2.1881
    3.1167,  2.1882
    3.1333,  2.1880
    3.1500,  2.1881
    3.1667,  2.1882
    3.1833,  2.1882
    3.2000,  2.1878
    3.2167,  2.1875
    3.2333,  2.1876
    3.2500,  2.1874
    3.2667,  2.1873
    3.2833,  2.1867
    3.3000,  2.1860
    3.3167,  2.1868
    3.3333,  2.1879
    3.3500,  2.1881
    3.3667,  2.1886
    3.3833,  2.1886
    3.4000,  2.1880
    3.4167,  2.1877
    3.4333,  2.1877
    3.4500,  2.1875
    3.4667,  2.1876
    3.4833,  2.1876
    3.5000,  2.1870
    3.5167,  2.1870
    3.5333,  2.1870
    3.5500,  2.1875
    3.5667,  2.1886
    3.5833,  2.1886
    3.6000,  2.1882
    3.6167,  2.1882
    3.6333,  2.1883
    3.6500,  2.1882
    3.6667,  2.1878
    3.6833,  2.1877
    3.7000,  2.1880
    3.7167,  2.1880
    3.7333,  2.1878
    3.7500,  2.1878
    3.7667,  2.1882
    3.7833,  2.1883
    3.8000,  2.1887
    3.8167,  2.1886
    3.8333,  2.1882
    3.8500,  2.1884
    3.8667,  2.1884
    3.8833,  2.1888
    3.9000,  2.1891
    3.9167,  2.1891
    3.9333,  2.1892
    3.9500,  2.1890
    3.9667,  2.1888
    3.9833,  2.1887
    4.0000,  2.1886
    4.0167,  2.1883
    4.0333,  2.1886
    4.0500,  2.1890
    4.0667,  2.1890
    4.0833,  2.1892
    4.1000,  2.1891
    4.1167,  2.1889
    4.1333,  2.1888
    4.1500,  2.1886
    4.1667,  2.1887
    4.1833,  2.1888
    4.2000,  2.1888
    4.2167,  2.1889
    4.2333,  2.1887
    4.2500,  2.1886
    4.2667,  2.1887
    4.2833,  2.1886
    4.3000,  2.1886
    4.3167,  2.1890
    4.3333,  2.1890
    4.3500,  2.1885
    4.3667,  2.1882
    4.3833,  2.1882
    4.4000,  2.1877
    4.4167,  2.1876
    4.4333,  2.1878
    4.4500,  2.1879
    4.4667,  2.1882
    4.4833,  2.1883
    4.5000,  2.1877
    4.5167,  2.1873
    4.5333,  2.1873
    4.5500,  2.1872
    4.5667,  2.1874
    4.5833,  2.1873
    4.6000,  2.1872
    4.6167,  2.1870
    4.6333,  2.1870
    4.6500,  2.1869
    4.6667,  2.1867
    4.6833,  2.1866
    4.7000,  2.1867
    4.7167,  2.1868
    4.7333,  2.1868
    4.7500,  2.1864
    4.7667,  2.1863
    4.7833,  2.1864
    4.8000,  2.1863
    4.8167,  2.1866
    4.8333,  2.1868
    4.8500,  2.1865
    4.8667,  2.1860
    4.8833,  2.1857
    4.9000,  2.1857
    4.9167,  2.1857
    4.9333,  2.1860
    4.9500,  2.1862
    4.9667,  2.1862
    4.9833,  2.1863
    5.0000,  2.1867
    5.0167,  2.1868
    5.0333,  2.1868
    5.0500,  2.1866
    5.0667,  2.1864
    5.0833,  2.1864
    5.1000,  2.1868
    5.1167,  2.1871
    5.1333,  2.1868
    5.1500,  2.1867
    5.1667,  2.1870
    5.1833,  2.1871
    5.2000,  2.1872
    5.2167,  2.1873
    5.2333,  2.1875
    5.2500,  2.1875
    5.2667,  2.1876
    5.2833,  2.1878
    5.3000,  2.1878
    5.3167,  2.1875
    5.3333,  2.1876
    5.3500,  2.1877
    5.3667,  2.1884
    5.3833,  2.1891
    5.4000,  2.1882
    5.4167,  2.1877
    5.4333,  2.1880
    5.4500,  2.1881
    5.4667,  2.1882
    5.4833,  2.1881
    5.5000,  2.1879
    5.5167,  2.1879
    5.5333,  2.1878
    5.5500,  2.1879
    5.5667,  2.1879
    5.5833,  2.1882
    5.6000,  2.1890
    5.6167,  2.1891
    5.6333,  2.1886
    5.6500,  2.1881
    5.6667,  2.1882
    5.6833,  2.1887
    5.7000,  2.1887
    5.7167,  2.1885
    5.7333,  2.1884
    5.7500,  2.1881
    5.7667,  2.1877
    5.7833,  2.1879
    5.8000,  2.1879
    5.8167,  2.1880
    5.8333,  2.1896
    5.8500,  2.1908
    5.8667,  2.1898
    5.8833,  2.1882
    5.9000,  2.1878
    5.9167,  2.1877
    5.9333,  2.1875
    5.9500,  2.1882
    5.9667,  2.1890
    5.9833,  2.1895
    6.0000,  2.1896
    6.0167,  2.1894
    6.0333,  2.1891
    6.0500,  2.1884
    6.0667,  2.1876
    6.0833,  2.1875
    6.1000,  2.1877
    6.1167,  2.1882
    6.1333,  2.1884
    6.1500,  2.1883
    6.1667,  2.1882
    6.1833,  2.1884
    6.2000,  2.1884
    6.2167,  2.1889
    6.2333,  2.1894
    6.2500,  2.1888
    6.2667,  2.1886
    6.2833,  2.1894
    6.3000,  2.1894
    6.3167,  2.1891
    6.3333,  2.1895
    6.3500,  2.1899
    6.3667,  2.1899
    6.3833,  2.1897
    6.4000,  2.1897
    6.4167,  2.1898
    6.4333,  2.1901
    6.4500,  2.1903
    6.4667,  2.1907
    6.4833,  2.1906
    6.5000,  2.1905
    6.5167,  2.1909
    6.5333,  2.1909
    6.5500,  2.1907
    6.5667,  2.1912
    6.5833,  2.1919
    6.6000,  2.1923
    6.6167,  2.1921
    6.6333,  2.1916
    6.6500,  2.1919
    6.6667,  2.1923
    6.6833,  2.1925
    6.7000,  2.1926
    6.7167,  2.1927
    6.7333,  2.1925
    6.7500,  2.1925
    6.7667,  2.1927
    6.7833,  2.1932
    6.8000,  2.1938
    6.8167,  2.1937
    6.8333,  2.1937
    6.8500,  2.1947
    6.8667,  2.1951
    6.8833,  2.1944
    6.9000,  2.1938
    6.9167,  2.1938
    6.9333,  2.1939
    6.9500,  2.1935
    6.9667,  2.1940
    6.9833,  2.1945
    7.0000,  2.1937
    7.0167,  2.1933
    7.0333,  2.1938
    7.0500,  2.1939
    7.0667,  2.1938
    7.0833,  2.1944
    7.1000,  2.1957
    7.1167,  2.1956
    7.1333,  2.1945
    7.1500,  2.1943
    7.1667,  2.1946
    7.1833,  2.1951
    7.2000,  2.1956
    7.2167,  2.1958
    7.2333,  2.1954
    7.2500,  2.1950
    7.2667,  2.1949
    7.2833,  2.1946
    7.3000,  2.1945
    7.3167,  2.1950
    7.3333,  2.1952
    7.3500,  2.1947
    7.3667,  2.1950
    7.3833,  2.1956
    7.4000,  2.1958
    7.4167,  2.1957
    7.4333,  2.1956
    7.4500,  2.1957
    7.4667,  2.1962
    7.4833,  2.1962
    7.5000,  2.1965
    7.5167,  2.1966
    7.5333,  2.1965
    7.5500,  2.1967
    7.5667,  2.1968
    7.5833,  2.1968
    7.6000,  2.1969
    7.6167,  2.1972
    7.6333,  2.1967
    7.6500,  2.1963
    7.6667,  2.1977
    7.6833,  2.1988
    7.7000,  2.1980
    7.7167,  2.1971
    7.7333,  2.1973
    7.7500,  2.1977
    7.7667,  2.1980
    7.7833,  2.1986
    7.8000,  2.1986
    7.8167,  2.1978
    7.8333,  2.1976
    7.8500,  2.1980
    7.8667,  2.1982
    7.8833,  2.1982
    7.9000,  2.1986
    7.9167,  2.1986
    7.9333,  2.1988
    7.9500,  2.1994
    7.9667,  2.1999
    7.9833,  2.1995
    8.0000,  2.1992
    8.0167,  2.1997
    8.0333,  2.1999
    8.0500,  2.1996
    8.0667,  2.1992
    8.0833,  2.1999
    8.1000,  2.2009
    8.1167,  2.2008
    8.1333,  2.2006
    8.1500,  2.2011
    8.1667,  2.2011
    8.1833,  2.2010
    8.2000,  2.2013
    8.2167,  2.2013
    8.2333,  2.2016
    8.2500,  2.2022
    8.2667,  2.2023
    8.2833,  2.2024
    8.3000,  2.2025
    8.3167,  2.2024
    8.3333,  2.2021
    8.3500,  2.2021
    8.3667,  2.2026
    8.3833,  2.2026
    8.4000,  2.2021
    8.4167,  2.2025
    8.4333,  2.2028
    8.4500,  2.2027
    8.4667,  2.2028
    8.4833,  2.2031
    8.5000,  2.2034
    8.5167,  2.2036
    8.5333,  2.2039
    8.5500,  2.2047
    8.5667,  2.2049
    8.5833,  2.2045
    8.6000,  2.2048
    8.6167,  2.2051
    8.6333,  2.2051
    8.6500,  2.2053
    8.6667,  2.2056
    8.6833,  2.2054
    8.7000,  2.2055
    8.7167,  2.2061
    8.7333,  2.2065
    8.7500,  2.2065
    8.7667,  2.2065
    8.7833,  2.2072
    8.8000,  2.2077
    8.8167,  2.2072
    8.8333,  2.2072
    8.8500,  2.2076
    8.8667,  2.2077
    8.8833,  2.2077
    8.9000,  2.2078
    8.9167,  2.2079
    8.9333,  2.2079
    8.9500,  2.2082
    8.9667,  2.2085
    8.9833,  2.2089
    9.0000,  2.2087
    9.0167,  2.2085
    9.0333,  2.2086
    9.0500,  2.2087
    9.0667,  2.2087
    9.0833,  2.2081
    9.1000,  2.2086
    9.1167,  2.2104
    9.1333,  2.2105
    9.1500,  2.2098
    9.1667,  2.2096
    9.1833,  2.2097
    9.2000,  2.2099
    9.2167,  2.2099
    9.2333,  2.2099
    9.2500,  2.2100
    9.2667,  2.2100
    9.2833,  2.2098
    9.3000,  2.2099
    9.3167,  2.2104
    9.3333,  2.2103
    9.3500,  2.2101
    9.3667,  2.2105
    9.3833,  2.2104
    9.4000,  2.2103
    9.4167,  2.2108
    9.4333,  2.2112
    9.4500,  2.2109
    9.4667,  2.2109
    9.4833,  2.2113
    9.5000,  2.2113
    9.5167,  2.2109
    9.5333,  2.2109
    9.5500,  2.2112
    9.5667,  2.2109
    9.5833,  2.2103
    9.6000,  2.2107
    9.6167,  2.2107
    9.6333,  2.2103
    9.6500,  2.2104
    9.6667,  2.2108
    9.6833,  2.2109
    9.7000,  2.2103
    9.7167,  2.2101
    9.7333,  2.2105
    9.7500,  2.2106
    9.7667,  2.2104
    9.7833,  2.2109
    9.8000,  2.2109
    9.8167,  2.2104
    9.8333,  2.2107
    9.8500,  2.2109
    9.8667,  2.2105
    9.8833,  2.2102
    9.9000,  2.2104
    9.9167,  2.2107
    9.9333,  2.2104
    9.9500,  2.2100
    9.9667,  2.2104
    9.9833,  2.2104
   10.0000,  2.2102
   10.0167,  2.2104
   10.0333,  2.2106
   10.0500,  2.2105
   10.0667,  2.2108
   10.0833,  2.2107
   10.1000,  2.2104
   10.1167,  2.2103
   10.1333,  2.2103
   10.1500,  2.2108
   10.1667,  2.2109
   10.1833,  2.2106
   10.2000,  2.2107
   10.2167,  2.2102
   10.2333,  2.2100
   10.2500,  2.2105
   10.2667,  2.2109
   10.2833,  2.2117
   10.3000,  2.2120
   10.3167,  2.2116
   10.3333,  2.2116
   10.3500,  2.2113
   10.3667,  2.2107
   10.3833,  2.2109
   10.4000,  2.2112
   10.4167,  2.2109
   10.4333,  2.2109
   10.4500,  2.2110
   10.4667,  2.2106
   10.4833,  2.2100
   10.5000,  2.2099
   10.5167,  2.2096
   10.5333,  2.2096
   10.5500,  2.2100
   10.5667,  2.2097
   10.5833,  2.2093
   10.6000,  2.2096
   10.6167,  2.2099
   10.6333,  2.2099
   10.6500,  2.2099
   10.6667,  2.2099
   10.6833,  2.2103
   10.7000,  2.2104
   10.7167,  2.2099
   10.7333,  2.2094
   10.7500,  2.2095
   10.7667,  2.2099
   10.7833,  2.2102
   10.8000,  2.2103
   10.8167,  2.2102
   10.8333,  2.2098
   10.8500,  2.2093
   10.8667,  2.2092
   10.8833,  2.2090
   10.9000,  2.2089
   10.9167,  2.2091
   10.9333,  2.2093
   10.9500,  2.2091
   10.9667,  2.2090
   10.9833,  2.2090
   11.0000,  2.2087
   11.0167,  2.2085
   11.0333,  2.2087
   11.0500,  2.2088
   11.0667,  2.2083
   11.0833,  2.2083
   11.1000,  2.2083
   11.1167,  2.2087
   11.1333,  2.2089
   11.1500,  2.2086
   11.1667,  2.2081
   11.1833,  2.2078
   11.2000,  2.2075
   11.2167,  2.2073
   11.2333,  2.2069
   11.2500,  2.2068
   11.2667,  2.2069
   11.2833,  2.2076
   11.3000,  2.2075
   11.3167,  2.2072
   11.3333,  2.2075
   11.3500,  2.2077
   11.3667,  2.2075
   11.3833,  2.2069
   11.4000,  2.2068
   11.4167,  2.2069
   11.4333,  2.2068
   11.4500,  2.2065
   11.4667,  2.2068
   11.4833,  2.2071
   11.5000,  2.2070
   11.5167,  2.2069
   11.5333,  2.2072
   11.5500,  2.2077
   11.5667,  2.2078
   11.5833,  2.2081
   11.6000,  2.2084
   11.6167,  2.2086
   11.6333,  2.2094
   11.6500,  2.2096
   11.6667,  2.2098
   11.6833,  2.2104
   11.7000,  2.2111
   11.7167,  2.2118
   11.7333,  2.2127
   11.7500,  2.2135
   11.7667,  2.2144
   11.7833,  2.2153
   11.8000,  2.2163
   11.8167,  2.2174
   11.8333,  2.2190
   11.8500,  2.2205
   11.8667,  2.2217
   11.8833,  2.2228
   11.9000,  2.2244
   11.9167,  2.2263
   11.9333,  2.2279
   11.9500,  2.2297
   11.9667,  2.2319
   11.9833,  2.2342
   12.0000,  2.2369
   12.0167,  2.2400
   12.0333,  2.2426
   12.0500,  2.2446
   12.0667,  2.2474
   12.0833,  2.2508
   12.1000,  2.2537
   12.1167,  2.2568
   12.1333,  2.2601
   12.1500,  2.2637
   12.1667,  2.2672
   12.1833,  2.2707
   12.2000,  2.2747
   12.2167,  2.2789
   12.2333,  2.2830
   12.2500,  2.2876
   12.2667,  2.2926
   12.2833,  2.2975
   12.3000,  2.3025
   12.3167,  2.3078
   12.3333,  2.3132
   12.3500,  2.3188
   12.3667,  2.3245
   12.3833,  2.3306
   12.4000,  2.3368
   12.4167,  2.3429
   12.4333,  2.3492
   12.4500,  2.3560
   12.4667,  2.3630
   12.4833,  2.3705
   12.5000,  2.3787
   12.5167,  2.3863
   12.5333,  2.3937
   12.5500,  2.4011
   12.5667,  2.4089
   12.5833,  2.4173
   12.6000,  2.4260
   12.6167,  2.4350
   12.6333,  2.4447
   12.6500,  2.4545
   12.6667,  2.4647
   12.6833,  2.4736
   12.7000,  2.4822
   12.7167,  2.4916
   12.7333,  2.5010
   12.7500,  2.5115
   12.7667,  2.5231
   12.7833,  2.5353
   12.8000,  2.5478
   12.8167,  2.5594
   12.8333,  2.5698
   12.8500,  2.5793
   12.8667,  2.5885
   12.8833,  2.5983
   12.9000,  2.6094
   12.9167,  2.6219
   12.9333,  2.6369
   12.9500,  2.6536
   12.9667,  2.6705
   12.9833,  2.6860
   13.0000,  2.6988
   13.0167,  2.7088
   13.0333,  2.7161
   13.0500,  2.7227
   13.0667,  2.7303
   13.0833,  2.7406
   13.1000,  2.7553
   13.1167,  2.7744
   13.1333,  2.7970
   13.1500,  2.8214
   13.1667,  2.8444
   13.1833,  2.8627
   13.2000,  2.8750
   13.2167,  2.8807
   13.2333,  2.8812
   13.2500,  2.8798
   13.2667,  2.8800
   13.2833,  2.8845
   13.3000,  2.8965
   13.3167,  2.9176
   13.3333,  2.9467
   13.3500,  2.9815
   13.3667,  3.0190
   13.3833,  3.0536
   13.4000,  3.0801
   13.4167,  3.0942
   13.4333,  3.0950
   13.4500,  3.0860
   13.4667,  3.0703
   13.4833,  3.0531
   13.5000,  3.0408
   13.5167,  3.0369
   13.5333,  3.0442
   13.5500,  3.0640
   13.5667,  3.0971
   13.5833,  3.1435
   13.6000,  3.1991
   13.6167,  3.2579
   13.6333,  3.3118
   13.6500,  3.3517
   13.6667,  3.3700
   13.6833,  3.3640
   13.7000,  3.3371
   13.7167,  3.2969
   13.7333,  3.2528
   13.7500,  3.2138
   13.7667,  3.1860
   13.7833,  3.1704
   13.8000,  3.1667
   13.8167,  3.1757
   13.8333,  3.2004
   13.8500,  3.2425
   13.8667,  3.3027
   13.8833,  3.3815
   13.9000,  3.4744
   13.9167,  3.5690
   13.9333,  3.6488
   13.9500,  3.6980
   13.9667,  3.7056
   13.9833,  3.6714
   14.0000,  3.6047
   14.0167,  3.5202
   14.0333,  3.4320
   14.0500,  3.3538
   14.0667,  3.2975
   14.0833,  3.2633
   14.1000,  3.2454
   14.1167,  3.2369
   14.1333,  3.2337
   14.1500,  3.2366
   14.1667,  3.2489
   14.1833,  3.2802
   14.2000,  3.3412
   14.2167,  3.4394
   14.2333,  3.5741
   14.2500,  3.7327
   14.2667,  3.8927
   14.2833,  4.0248
   14.3000,  4.1003
   14.3167,  4.1024
   14.3333,  4.0302
   14.3500,  3.9000
   14.3667,  3.7384
   14.3833,  3.5752
   14.4000,  3.4346
   14.4167,  3.3306
   14.4333,  3.2673
   14.4500,  3.2390
   14.4667,  3.2332
   14.4833,  3.2357
   14.5000,  3.2345
   14.5167,  3.2231
   14.5333,  3.2013
   14.5500,  3.1742
   14.5667,  3.1529
   14.5833,  3.1506
   14.6000,  3.1812
   14.6167,  3.2581
   14.6333,  3.3901
   14.6500,  3.5777
   14.6667,  3.8084
   14.6833,  4.0553
   14.7000,  4.2806
   14.7167,  4.4434
   14.7333,  4.5099
   14.7500,  4.4660
   14.7667,  4.3197
   14.7833,  4.0996
   14.8000,  3.8448
   14.8167,  3.5937
   14.8333,  3.3761
   14.8500,  3.2087
   14.8667,  3.0964
   14.8833,  3.0360
   14.9000,  3.0189
   14.9167,  3.0339
   14.9333,  3.0668
   14.9500,  3.1038
   14.9667,  3.1348
   14.9833,  3.1497
   15.0000,  3.1423
   15.0167,  3.1136
   15.0333,  3.0696
   15.0500,  3.0186
   15.0667,  2.9695
   15.0833,  2.9312
   15.1000,  2.9118
   15.1167,  2.9189
   15.1333,  2.9604
   15.1500,  3.0464
   15.1667,  3.1851
   15.1833,  3.3796
   15.2000,  3.6263
   15.2167,  3.9077
   15.2333,  4.1926
   15.2500,  4.4381
   15.2667,  4.5996
   15.2833,  4.6456
   15.3000,  4.5646
   15.3167,  4.3704
   15.3333,  4.0982
   15.3500,  3.7926
   15.3667,  3.4930
   15.3833,  3.2287
   15.4000,  3.0151
   15.4167,  2.8534
   15.4333,  2.7380
   15.4500,  2.6615
   15.4667,  2.6172
   15.4833,  2.6009
   15.5000,  2.6103
   15.5167,  2.6436
   15.5333,  2.7002
   15.5500,  2.7767
   15.5667,  2.8655
   15.5833,  2.9553
   15.6000,  3.0330
   15.6167,  3.0857
   15.6333,  3.1042
   15.6500,  3.0850
   15.6667,  3.0330
   15.6833,  2.9591
   15.7000,  2.8754
   15.7167,  2.7931
   15.7333,  2.7200
   15.7500,  2.6601
   15.7667,  2.6139
   15.7833,  2.5813
   15.8000,  2.5620
   15.8167,  2.5550
   15.8333,  2.5613
   15.8500,  2.5832
   15.8667,  2.6243
   15.8833,  2.6882
   15.9000,  2.7773
   15.9167,  2.8962
   15.9333,  3.0470
   15.9500,  3.2274
   15.9667,  3.4288
   15.9833,  3.6334
   16.0000,  3.8149
   16.0167,  3.9437
   16.0333,  3.9932
   16.0500,  3.9515
   16.0667,  3.8245
   16.0833,  3.6325
   16.1000,  3.4057
   16.1167,  3.1751
   16.1333,  2.9648
   16.1500,  2.7873
   16.1667,  2.6463
   16.1833,  2.5401
   16.2000,  2.4625
   16.2167,  2.4069
   16.2333,  2.3681
   16.2500,  2.3412
   16.2667,  2.3227
   16.2833,  2.3110
   16.3000,  2.3049
   16.3167,  2.3025
   16.3333,  2.3044
   16.3500,  2.3098
   16.3667,  2.3184
   16.3833,  2.3311
   16.4000,  2.3477
   16.4167,  2.3682
   16.4333,  2.3937
   16.4500,  2.4256
   16.4667,  2.4648
   16.4833,  2.5132
   16.5000,  2.5721
   16.5167,  2.6417
   16.5333,  2.7201
   16.5500,  2.8006
   16.5667,  2.8729
   16.5833,  2.9264
   16.6000,  2.9512
   16.6167,  2.9416
   16.6333,  2.8982
   16.6500,  2.8286
   16.6667,  2.7444
   16.6833,  2.6555
   16.7000,  2.5718
   16.7167,  2.5004
   16.7333,  2.4433
   16.7500,  2.3991
   16.7667,  2.3658
   16.7833,  2.3416
   16.8000,  2.3251
   16.8167,  2.3140
   16.8333,  2.3063
   16.8500,  2.3014
   16.8667,  2.2997
   16.8833,  2.2997
   16.9000,  2.3009
   16.9167,  2.3035
   16.9333,  2.3059
   16.9500,  2.3066
   16.9667,  2.3048
   16.9833,  2.3009
   17.0000,  2.2954
   17.0167,  2.2886
   17.0333,  2.2810
   17.0500,  2.2735
   17.0667,  2.2666
   17.0833,  2.2608
   17.1000,  2.2559
   17.1167,  2.2520
   17.1333,  2.2493
   17.1500,  2.2472
   17.1667,  2.2459
   17.1833,  2.2452
   17.2000,  2.2443
   17.2167,  2.2438
   17.2333,  2.2437
   17.2500,  2.2437
   17.2667,  2.2437
   17.2833,  2.2436
   17.3000,  2.2441
   17.3167,  2.2451
   17.3333,  2.2456
   17.3500,  2.2463
   17.3667,  2.2475
   17.3833,  2.2492
   17.4000,  2.2512
   17.4167,  2.2532
   17.4333,  2.2549
   17.4500,  2.2563
   17.4667,  2.2567
   17.4833,  2.2566
   17.5000,  2.2555
   17.5167,  2.2532
   17.5333,  2.2508
   17.5500,  2.2483
   17.5667,  2.2459
   17.5833,  2.2440
   17.6000,  2.2419
   17.6167,  2.2400
   17.6333,  2.2386
   17.6500,  2.2376
   17.6667,  2.2374
   17.6833,  2.2370
   17.7000,  2.2363
   17.7167,  2.2362
   17.7333,  2.2362
   17.7500,  2.2363
   17.7667,  2.2369
   17.7833,  2.2379
   17.8000,  2.2389
   17.8167,  2.2408
   17.8333,  2.2441
   17.8500,  2.2480
   17.8667,  2.2520
   17.8833,  2.2574
   17.9000,  2.2633
   17.9167,  2.2686
   17.9333,  2.2732
   17.9500,  2.2763
   17.9667,  2.2781
   17.9833,  2.2778
   18.0000,  2.2747
   18.0167,  2.2704
   18.0333,  2.2653
   18.0500,  2.2599
   18.0667,  2.2544
   18.0833,  2.2489
   18.1000,  2.2441
   18.1167,  2.2404
   18.1333,  2.2371
   18.1500,  2.2345
   18.1667,  2.2327
   18.1833,  2.2311
   18.2000,  2.2298
   18.2167,  2.2290
   18.2333,  2.2284
   18.2500,  2.2280
   18.2667,  2.2276
   18.2833,  2.2269
   18.3000,  2.2268
   18.3167,  2.2265
   18.3333,  2.2257
   18.3500,  2.2254
   18.3667,  2.2253
   18.3833,  2.2258
   18.4000,  2.2266
   18.4167,  2.2273
   18.4333,  2.2289
   18.4500,  2.2306
   18.4667,  2.2327
   18.4833,  2.2354
   18.5000,  2.2388
   18.5167,  2.2428
   18.5333,  2.2472
   18.5500,  2.2516
   18.5667,  2.2555
   18.5833,  2.2580
   18.6000,  2.2594
   18.6167,  2.2597
   18.6333,  2.2583
   18.6500,  2.2550
   18.6667,  2.2508
   18.6833,  2.2459
   18.7000,  2.2411
   18.7167,  2.2364
   18.7333,  2.2322
   18.7500,  2.2284
   18.7667,  2.2242
   18.7833,  2.2198
   18.8000,  2.2148
   18.8167,  2.2094
   18.8333,  2.2032
   18.8500,  2.1952
   18.8667,  2.1854
   18.8833,  2.1736
   18.9000,  2.1597
   18.9167,  2.1448
   18.9333,  2.1287
   18.9500,  2.1130
   18.9667,  2.0985
   18.9833,  2.0851
   19.0000,  2.0749
   19.0167,  2.0683
   19.0333,  2.0657
   19.0500,  2.0669
   19.0667,  2.0719
   19.0833,  2.0807
   19.1000,  2.0925
   19.1167,  2.1058
   19.1333,  2.1191
   19.1500,  2.1322
   19.1667,  2.1458
   19.1833,  2.1586
   19.2000,  2.1698
   19.2167,  2.1794
   19.2333,  2.1881
   19.2500,  2.1951
   19.2667,  2.2000
   19.2833,  2.2041
   19.3000,  2.2084
   19.3167,  2.2122
   19.3333,  2.2150
   19.3500,  2.2178
   19.3667,  2.2208
   19.3833,  2.2243
   19.4000,  2.2285
   19.4167,  2.2333
   19.4333,  2.2398
   19.4500,  2.2477
   19.4667,  2.2578
   19.4833,  2.2718
   19.5000,  2.2909
   19.5167,  2.3165
   19.5333,  2.3509
   19.5500,  2.3969
   19.5667,  2.4578
   19.5833,  2.5365
   19.6000,  2.6360
   19.6167,  2.7591
   19.6333,  2.9062
   19.6500,  3.0743
   19.6667,  3.2578
   19.6833,  3.4477
   19.7000,  3.6318
   19.7167,  3.7943
   19.7333,  3.9184
   19.7500,  3.9937
   19.7667,  4.0129
   19.7833,  3.9728
   19.8000,  3.8777
   19.8167,  3.7377
   19.8333,  3.5667
   19.8500,  3.3795
   19.8667,  3.1901
   19.8833,  3.0100
   19.9000,  2.8481
   19.9167,  2.7091
   19.9333,  2.5947
   19.9500,  2.5035
   19.9667,  2.4330
   19.9833,  2.3805
   20.0000,  2.3415
   20.0167,  2.3128
   20.0333,  2.2931
   20.0500,  2.2794
   20.0667,  2.2692
   20.0833,  2.2621
   20.1000,  2.2572
   20.1167,  2.2535
   20.1333,  2.2505
   20.1500,  2.2480
   20.1667,  2.2466
   20.1833,  2.2465
   20.2000,  2.2476
   20.2167,  2.2475
   20.2333,  2.2436
   20.2500,  2.2395
   20.2667,  2.2370
   20.2833,  2.2343
   20.3000,  2.2324
   20.3167,  2.2307
   20.3333,  2.2279
   20.3500,  2.2242
   20.3667,  2.2205
   20.3833,  2.2165
   20.4000,  2.2118
   20.4167,  2.2074
   20.4333,  2.2035
   20.4500,  2.2004
   20.4667,  2.2007
   20.4833,  2.1978
   20.5000,  2.1916
   20.5167,  2.1883
   20.5333,  2.1848
   20.5500,  2.1825
   20.5667,  2.1843
   20.5833,  2.1925
   20.6000,  2.2006
   20.6167,  2.2010
   20.6333,  2.1995
   20.6500,  2.2009
   20.6667,  2.2038
   20.6833,  2.2074
   20.7000,  2.2119
   20.7167,  2.2158
   20.7333,  2.2195
   20.7500,  2.2227
   20.7667,  2.2254
   20.7833,  2.2275
   20.8000,  2.2289
   20.8167,  2.2303
   20.8333,  2.2318
   20.8500,  2.2331
   20.8667,  2.2342
   20.8833,  2.2352
   20.9000,  2.2357
   20.9167,  2.2357
   20.9333,  2.2356
   20.9500,  2.2356
   20.9667,  2.2358
   20.9833,  2.2357
   21.0000,  2.2358
   21.0167,  2.2363
   21.0333,  2.2369
   21.0500,  2.2378
   21.0667,  2.2380
   21.0833,  2.2385
   21.1000,  2.2386
   21.1167,  2.2378
   21.1333,  2.2376
   21.1500,  2.2373
   21.1667,  2.2369
   21.1833,  2.2367
   21.2000,  2.2365
   21.2167,  2.2362
   21.2333,  2.2354
   21.2500,  2.2344
   21.2667,  2.2336
   21.2833,  2.2325
   21.3000,  2.2312
   21.3167,  2.2304
   21.3333,  2.2335
   21.3500,  2.2393
   21.3667,  2.2367
   21.3833,  2.2276
   21.4000,  2.2227
   21.4167,  2.2203
   21.4333,  2.2183
   21.4500,  2.2159
   21.4667,  2.2143
   21.4833,  2.2145
   21.5000,  2.2156
   21.5167,  2.2176
   21.5333,  2.2192
   21.5500,  2.2200
   21.5667,  2.2214
   21.5833,  2.2238
   21.6000,  2.2257
   21.6167,  2.2270
   21.6333,  2.2289
   21.6500,  2.2313
   21.6667,  2.2332
   21.6833,  2.2351
   21.7000,  2.2370
   21.7167,  2.2388
   21.7333,  2.2405
   21.7500,  2.2415
   21.7667,  2.2421
   21.7833,  2.2428
   21.8000,  2.2435
   21.8167,  2.2440
   21.8333,  2.2447
   21.8500,  2.2453
   21.8667,  2.2454
   21.8833,  2.2455
   21.9000,  2.2457
   21.9167,  2.2459
   21.9333,  2.2466
   21.9500,  2.2466
   21.9667,  2.2461
   21.9833,  2.2463
Min Normalized Response,  2.0657
Max Normalized Response,  4.6456
