Time	Amplitude
(sec)	(a.u.)
0.01	6.1359E-5
0.02	2.4544E-4
0.03	5.5223E-4
0.04	9.8175E-4
0.05	1.5340E-3
0.06	2.2089E-3
0.07	3.0066E-3
0.08	3.9270E-3
0.09	4.9701E-3
0.10	6.1359E-3
0.11	7.4244E-3
0.12	8.8356E-3
0.13	1.0370E-2
0.14	1.2026E-2
0.15	1.3805E-2
0.16	1.5707E-2
0.17	1.7732E-2
0.18	1.9879E-2
0.19	2.2149E-2
0.20	2.4541E-2
0.21	2.7056E-2
0.22	2.9694E-2
0.23	3.2453E-2
0.24	3.5336E-2
0.25	3.8340E-2
0.26	4.1467E-2
0.27	4.4716E-2
0.28	4.8087E-2
0.29	5.1580E-2
0.30	5.5195E-2
0.31	5.8932E-2
0.32	6.2791E-2
0.33	6.6770E-2
0.34	7.0872E-2
0.35	7.5094E-2
0.36	7.9438E-2
0.37	8.3902E-2
0.38	8.8487E-2
0.39	9.3192E-2
0.40	9.8017E-2
0.41	1.0296E-1
0.42	1.0803E-1
0.43	1.1321E-1
0.44	1.1851E-1
0.45	1.2393E-1
0.46	1.2947E-1
0.47	1.3513E-1
0.48	1.4090E-1
0.49	1.4679E-1
0.50	1.5280E-1
0.51	1.5892E-1
0.52	1.6516E-1
0.53	1.7151E-1
0.54	1.7797E-1
0.55	1.8455E-1
0.56	1.9124E-1
0.57	1.9804E-1
0.58	2.0495E-1
0.59	2.1197E-1
0.60	2.1910E-1
0.61	2.2634E-1
0.62	2.3368E-1
0.63	2.4113E-1
0.64	2.4869E-1
0.65	2.5635E-1
0.66	2.6411E-1
0.67	2.7197E-1
0.68	2.7993E-1
0.69	2.8799E-1
0.70	2.9615E-1
0.71	3.0440E-1
0.72	3.1275E-1
0.73	3.2119E-1
0.74	3.2972E-1
0.75	3.3833E-1
0.76	3.4704E-1
0.77	3.5583E-1
0.78	3.6470E-1
0.79	3.7365E-1
0.80	3.8268E-1
0.81	3.9179E-1
0.82	4.0097E-1
0.83	4.1023E-1
0.84	4.1955E-1
0.85	4.2894E-1
0.86	4.3840E-1
0.87	4.4791E-1
0.88	4.5749E-1
0.89	4.6712E-1
0.90	4.7680E-1
0.91	4.8653E-1
0.92	4.9631E-1
0.93	5.0613E-1
0.94	5.1600E-1
0.95	5.2590E-1
0.96	5.3583E-1
0.97	5.4579E-1
0.98	5.5577E-1
0.99	5.6578E-1
1.00	5.7581E-1
1.01	5.8585E-1
1.02	5.9590E-1
1.03	6.0595E-1
1.04	6.1601E-1
1.05	6.2606E-1
1.06	6.3610E-1
1.07	6.4613E-1
1.08	6.5614E-1
1.09	6.6613E-1
1.10	6.7609E-1
1.11	6.8602E-1
1.12	6.9591E-1
1.13	7.0576E-1
1.14	7.1556E-1
1.15	7.2530E-1
1.16	7.3499E-1
1.17	7.4461E-1
1.18	7.5415E-1
1.19	7.6362E-1
1.20	7.7301E-1
1.21	7.8231E-1
1.22	7.9151E-1
1.23	8.0060E-1
1.24	8.0959E-1
1.25	8.1847E-1
1.26	8.2722E-1
1.27	8.3584E-1
1.28	8.4433E-1
1.29	8.5267E-1
1.30	8.6087E-1
1.31	8.6890E-1
1.32	8.7678E-1
1.33	8.8448E-1
1.34	8.9201E-1
1.35	8.9935E-1
1.36	9.0649E-1
1.37	9.1344E-1
1.38	9.2017E-1
1.39	9.2670E-1
1.40	9.3299E-1
1.41	9.3906E-1
1.42	9.4489E-1
1.43	9.5047E-1
1.44	9.5579E-1
1.45	9.6086E-1
1.46	9.6565E-1
1.47	9.7017E-1
1.48	9.7439E-1
1.49	9.7833E-1
1.50	9.8196E-1
1.51	9.8529E-1
1.52	9.8830E-1
1.53	9.9098E-1
1.54	9.9333E-1
1.55	9.9533E-1
1.56	9.9699E-1
1.57	9.9830E-1
1.58	9.9924E-1
1.59	9.9981E-1
1.60	1.0000E0
1.61	9.9981E-1
1.62	9.9922E-1
1.63	9.9823E-1
1.64	9.9684E-1
1.65	9.9503E-1
1.66	9.9281E-1
1.67	9.9015E-1
1.68	9.8707E-1
1.69	9.8354E-1
1.70	9.7957E-1
1.71	9.7515E-1
1.72	9.7027E-1
1.73	9.6493E-1
1.74	9.5912E-1
1.75	9.5284E-1
1.76	9.4609E-1
1.77	9.3885E-1
1.78	9.3113E-1
1.79	9.2291E-1
1.80	9.1421E-1
1.81	9.0501E-1
1.82	8.9531E-1
1.83	8.8511E-1
1.84	8.7441E-1
1.85	8.6320E-1
1.86	8.5148E-1
1.87	8.3926E-1
1.88	8.2653E-1
1.89	8.1329E-1
1.90	7.9954E-1
1.91	7.8528E-1
1.92	7.7051E-1
1.93	7.5524E-1
1.94	7.3947E-1
1.95	7.2319E-1
1.96	7.0641E-1
1.97	6.8914E-1
1.98	6.7138E-1
1.99	6.5313E-1
2.00	6.3439E-1
2.01	6.1518E-1
2.02	5.9550E-1
2.03	5.7536E-1
2.04	5.5475E-1
2.05	5.3370E-1
2.06	5.1221E-1
2.07	4.9028E-1
2.08	4.6793E-1
2.09	4.4517E-1
2.10	4.2200E-1
2.11	3.9844E-1
2.12	3.7451E-1
2.13	3.5020E-1
2.14	3.2554E-1
2.15	3.0054E-1
2.16	2.7522E-1
2.17	2.4958E-1
2.18	2.2365E-1
2.19	1.9744E-1
2.20	1.7096E-1
2.21	1.4424E-1
2.22	1.1729E-1
2.23	9.0137E-2
2.24	6.2791E-2
2.25	3.5274E-2
2.26	7.6085E-3
2.27	-2.0186E-2
2.28	-4.8087E-2
2.29	-7.6073E-2
2.30	-1.0412E-1
2.31	-1.3221E-1
2.32	-1.6031E-1
2.33	-1.8841E-1
2.34	-2.1647E-1
2.35	-2.4447E-1
2.36	-2.7239E-1
2.37	-3.0019E-1
2.38	-3.2786E-1
2.39	-3.5537E-1
2.40	-3.8268E-1
2.41	-4.0978E-1
2.42	-4.3663E-1
2.43	-4.6321E-1
2.44	-4.8948E-1
2.45	-5.1542E-1
2.46	-5.4100E-1
2.47	-5.6619E-1
2.48	-5.9096E-1
2.49	-6.1528E-1
2.50	-6.3912E-1
2.51	-6.6246E-1
2.52	-6.8526E-1
2.53	-7.0750E-1
2.54	-7.2914E-1
2.55	-7.5015E-1
2.56	-7.7051E-1
2.57	-7.9019E-1
2.58	-8.0916E-1
2.59	-8.2739E-1
2.60	-8.4485E-1
2.61	-8.6152E-1
2.62	-8.7737E-1
2.63	-8.9237E-1
2.64	-9.0649E-1
2.65	-9.1972E-1
2.66	-9.3202E-1
2.67	-9.4337E-1
2.68	-9.5375E-1
2.69	-9.6314E-1
2.70	-9.7150E-1
2.71	-9.7884E-1
2.72	-9.8511E-1
2.73	-9.9031E-1
2.74	-9.9441E-1
2.75	-9.9740E-1
2.76	-9.9927E-1
2.77	-9.9999E-1
2.78	-9.9956E-1
2.79	-9.9796E-1
2.80	-9.9518E-1
2.81	-9.9122E-1
2.82	-9.8606E-1
2.83	-9.7971E-1
2.84	-9.7214E-1
2.85	-9.6337E-1
2.86	-9.5338E-1
2.87	-9.4218E-1
2.88	-9.2978E-1
2.89	-9.1616E-1
2.90	-9.0135E-1
2.91	-8.8534E-1
2.92	-8.6814E-1
2.93	-8.4977E-1
2.94	-8.3024E-1
2.95	-8.0956E-1
2.96	-7.8774E-1
2.97	-7.6481E-1
2.98	-7.4079E-1
2.99	-7.1569E-1
3.00	-6.8954E-1
3.01	-6.6237E-1
3.02	-6.3420E-1
3.03	-6.0507E-1
3.04	-5.7501E-1
3.05	-5.4404E-1
3.06	-5.1221E-1
3.07	-4.7955E-1
3.08	-4.4610E-1
3.09	-4.1191E-1
3.10	-3.7701E-1
3.11	-3.4145E-1
3.12	-3.0528E-1
3.13	-2.6855E-1
3.14	-2.3130E-1
3.15	-1.9359E-1
3.16	-1.5546E-1
3.17	-1.1699E-1
3.18	-7.8214E-2
3.19	-3.9199E-2
3.20	-2.4492E-16
3.21	3.9321E-2
3.22	7.8704E-2
3.23	1.1809E-1
3.24	1.5740E-1
3.25	1.9659E-1
3.26	2.3559E-1
3.27	2.7433E-1
3.28	3.1275E-1
3.29	3.5078E-1
3.30	3.8835E-1
3.31	4.2539E-1
3.32	4.6185E-1
3.33	4.9764E-1
3.34	5.3271E-1
3.35	5.6700E-1
3.36	6.0042E-1
3.37	6.3292E-1
3.38	6.6444E-1
3.39	6.9490E-1
3.40	7.2425E-1
3.41	7.5242E-1
3.42	7.7936E-1
3.43	8.0499E-1
3.44	8.2928E-1
3.45	8.5216E-1
3.46	8.7357E-1
3.47	8.9347E-1
3.48	9.1181E-1
3.49	9.2853E-1
3.50	9.4359E-1
3.51	9.5696E-1
3.52	9.6858E-1
3.53	9.7843E-1
3.54	9.8647E-1
3.55	9.9267E-1
3.56	9.9699E-1
3.57	9.9943E-1
3.58	9.9995E-1
3.59	9.9854E-1
3.60	9.9518E-1
3.61	9.8988E-1
3.62	9.8261E-1
3.63	9.7338E-1
3.64	9.6219E-1
3.65	9.4905E-1
3.66	9.3396E-1
3.67	9.1695E-1
3.68	8.9803E-1
3.69	8.7722E-1
3.70	8.5456E-1
3.71	8.3007E-1
3.72	8.0379E-1
3.73	7.7577E-1
3.74	7.4604E-1
3.75	7.1466E-1
3.76	6.8168E-1
3.77	6.4716E-1
3.78	6.1116E-1
3.79	5.7375E-1
3.80	5.3500E-1
3.81	4.9498E-1
3.82	4.5377E-1
3.83	4.1146E-1
3.84	3.6812E-1
3.85	3.2386E-1
3.86	2.7876E-1
3.87	2.3291E-1
3.88	1.8642E-1
3.89	1.3938E-1
3.90	9.1909E-2
3.91	4.4103E-2
3.92	-3.9270E-3
3.93	-5.2070E-2
3.94	-1.0022E-1
3.95	-1.4825E-1
3.96	-1.9605E-1
3.97	-2.4352E-1
3.98	-2.9052E-1
3.99	-3.3695E-1
4.00	-3.8268E-1
4.01	-4.2761E-1
4.02	-4.7161E-1
4.03	-5.1458E-1
4.04	-5.5639E-1
4.05	-5.9693E-1
4.06	-6.3610E-1
4.07	-6.7378E-1
4.08	-7.0988E-1
4.09	-7.4428E-1
4.10	-7.7689E-1
4.11	-8.0761E-1
4.12	-8.3635E-1
4.13	-8.6301E-1
4.14	-8.8753E-1
4.15	-9.0981E-1
4.16	-9.2978E-1
4.17	-9.4737E-1
4.18	-9.6252E-1
4.19	-9.7518E-1
4.20	-9.8528E-1
4.21	-9.9278E-1
4.22	-9.9766E-1
4.23	-9.9986E-1
4.24	-9.9938E-1
4.25	-9.9618E-1
4.26	-9.9026E-1
4.27	-9.8163E-1
4.28	-9.7027E-1
4.29	-9.5621E-1
4.30	-9.3946E-1
4.31	-9.2005E-1
4.32	-8.9803E-1
4.33	-8.7342E-1
4.34	-8.4629E-1
4.35	-8.1670E-1
4.36	-7.8471E-1
4.37	-7.5040E-1
4.38	-7.1384E-1
4.39	-6.7514E-1
4.40	-6.3439E-1
4.41	-5.9170E-1
4.42	-5.4718E-1
4.43	-5.0094E-1
4.44	-4.5312E-1
4.45	-4.0384E-1
4.46	-3.5325E-1
4.47	-3.0148E-1
4.48	-2.4869E-1
4.49	-1.9503E-1
4.50	-1.4066E-1
4.51	-8.5736E-2
4.52	-3.0429E-2
4.53	2.5093E-2
4.54	8.0661E-2
4.55	1.3610E-1
4.56	1.9124E-1
4.57	2.4590E-1
4.58	2.9990E-1
4.59	3.5307E-1
4.60	4.0524E-1
4.61	4.5623E-1
4.62	5.0587E-1
4.63	5.5399E-1
4.64	6.0042E-1
4.65	6.4500E-1
4.66	6.8758E-1
4.67	7.2800E-1
4.68	7.6611E-1
4.69	8.0178E-1
4.70	8.3486E-1
4.71	8.6524E-1
4.72	8.9278E-1
4.73	9.1739E-1
4.74	9.3895E-1
4.75	9.5738E-1
4.76	9.7260E-1
4.77	9.8452E-1
4.78	9.9310E-1
4.79	9.9827E-1
4.80	1.0000E0
4.81	9.9826E-1
4.82	9.9304E-1
4.83	9.8433E-1
4.84	9.7214E-1
4.85	9.5649E-1
4.86	9.3742E-1
4.87	9.1498E-1
4.88	8.8922E-1
4.89	8.6021E-1
4.90	8.2805E-1
4.91	7.9282E-1
4.92	7.5464E-1
4.93	7.1363E-1
4.94	6.6992E-1
4.95	6.2366E-1
4.96	5.7501E-1
4.97	5.2412E-1
4.98	4.7118E-1
4.99	4.1637E-1
5.00	3.5990E-1
5.01	3.0195E-1
5.02	2.4274E-1
5.03	1.8250E-1
5.04	1.2144E-1
5.05	5.9790E-2
5.06	-2.2089E-3
5.07	-6.4321E-2
5.08	-1.2631E-1
5.09	-1.8792E-1
5.10	-2.4893E-1
5.11	-3.0908E-1
5.12	-3.6812E-1
5.13	-4.2583E-1
5.14	-4.8197E-1
5.15	-5.3629E-1
5.16	-5.8858E-1
5.17	-6.3861E-1
5.18	-6.8616E-1
5.19	-7.3102E-1
5.20	-7.7301E-1
5.21	-8.1193E-1
5.22	-8.4760E-1
5.23	-8.7986E-1
5.24	-9.0855E-1
5.25	-9.3354E-1
5.26	-9.5470E-1
5.27	-9.7192E-1
5.28	-9.8511E-1
5.29	-9.9418E-1
5.30	-9.9908E-1
5.31	-9.9975E-1
5.32	-9.9619E-1
5.33	-9.8836E-1
5.34	-9.7629E-1
5.35	-9.6000E-1
5.36	-9.3954E-1
5.37	-9.1498E-1
5.38	-8.8639E-1
5.39	-8.5389E-1
5.40	-8.1758E-1
5.41	-7.7762E-1
5.42	-7.3416E-1
5.43	-6.8736E-1
5.44	-6.3742E-1
5.45	-5.8455E-1
5.46	-5.2897E-1
5.47	-4.7091E-1
5.48	-4.1062E-1
5.49	-3.4836E-1
5.50	-2.8441E-1
5.51	-2.1904E-1
5.52	-1.5255E-1
5.53	-8.5247E-2
5.54	-1.7425E-2
5.55	5.0600E-2
5.56	1.1851E-1
5.57	1.8599E-1
5.58	2.5273E-1
5.59	3.1840E-1
5.60	3.8268E-1
5.61	4.4528E-1
5.62	5.0587E-1
5.63	5.6416E-1
5.64	6.1986E-1
5.65	6.7269E-1
5.66	7.2238E-1
5.67	7.6867E-1
5.68	8.1132E-1
5.69	8.5010E-1
5.70	8.8480E-1
5.71	9.1523E-1
5.72	9.4121E-1
5.73	9.6260E-1
5.74	9.7927E-1
5.75	9.9111E-1
5.76	9.9803E-1
5.77	9.9997E-1
5.78	9.9690E-1
5.79	9.8880E-1
5.80	9.7570E-1
5.81	9.5763E-1
5.82	9.3466E-1
5.83	9.0688E-1
5.84	8.7441E-1
5.85	8.3739E-1
5.86	7.9599E-1
5.87	7.5040E-1
5.88	7.0083E-1
5.89	6.4753E-1
5.90	5.9076E-1
5.91	5.3079E-1
5.92	4.6793E-1
5.93	4.0249E-1
5.94	3.3481E-1
5.95	2.6523E-1
5.96	1.9413E-1
5.97	1.2186E-1
5.98	4.8823E-2
5.99	-2.4603E-2
6.00	-9.8017E-2
6.01	-1.7102E-1
6.02	-2.4322E-1
6.03	-3.1421E-1
6.04	-3.8359E-1
6.05	-4.5098E-1
6.06	-5.1600E-1
6.07	-5.7826E-1
6.08	-6.3742E-1
6.09	-6.9313E-1
6.10	-7.4506E-1
6.11	-7.9289E-1
6.12	-8.3635E-1
6.13	-8.7515E-1
6.14	-9.0907E-1
6.15	-9.3787E-1
6.16	-9.6138E-1
6.17	-9.7943E-1
6.18	-9.9190E-1
6.19	-9.9868E-1
6.20	-9.9970E-1
6.21	-9.9493E-1
6.22	-9.8438E-1
6.23	-9.6808E-1
6.24	-9.4609E-1
6.25	-9.1851E-1
6.26	-8.8548E-1
6.27	-8.4718E-1
6.28	-8.0379E-1
6.29	-7.5556E-1
6.30	-7.0275E-1
6.31	-6.4566E-1
6.32	-5.8460E-1
6.33	-5.1993E-1
6.34	-4.5202E-1
6.35	-3.8127E-1
6.36	-3.0808E-1
6.37	-2.3291E-1
6.38	-1.5619E-1
6.39	-7.8398E-2
6.40	-9.7969E-16
6.41	7.8520E-2
6.42	1.5668E-1
6.43	2.3398E-1
6.44	3.0995E-1
6.45	3.8410E-1
6.46	4.5596E-1
6.47	5.2506E-1
6.48	5.9096E-1
6.49	6.5322E-1
6.50	7.1143E-1
6.51	7.6521E-1
6.52	8.1418E-1
6.53	8.5801E-1
6.54	8.9640E-1
6.55	9.2907E-1
6.56	9.5579E-1
6.57	9.7636E-1
6.58	9.9060E-1
6.59	9.9841E-1
6.60	9.9970E-1
6.61	9.9443E-1
6.62	9.8261E-1
6.63	9.6428E-1
6.64	9.3954E-1
6.65	9.0853E-1
6.66	8.7141E-1
6.67	8.2842E-1
6.68	7.7982E-1
6.69	7.2590E-1
6.70	6.6700E-1
6.71	6.0351E-1
6.72	5.3583E-1
6.73	4.6440E-1
6.74	3.8970E-1
6.75	3.1222E-1
6.76	2.3249E-1
6.77	1.5104E-1
6.78	6.8423E-2
6.79	-1.4787E-2
6.80	-9.8017E-2
6.81	-1.8069E-1
6.82	-2.6222E-1
6.83	-3.4203E-1
6.84	-4.1955E-1
6.85	-4.9423E-1
6.86	-5.6553E-1
6.87	-6.3292E-1
6.88	-6.9591E-1
6.89	-7.5403E-1
6.90	-8.0685E-1
6.91	-8.5395E-1
6.92	-8.9498E-1
6.93	-9.2962E-1
6.94	-9.5758E-1
6.95	-9.7863E-1
6.96	-9.9260E-1
6.97	-9.9934E-1
6.98	-9.9878E-1
6.99	-9.9089E-1
7.00	-9.7570E-1
7.01	-9.5329E-1
7.02	-9.2379E-1
7.03	-8.8739E-1
7.04	-8.4433E-1
7.05	-7.9491E-1
7.06	-7.3947E-1
7.07	-6.7840E-1
7.08	-6.1213E-1
7.09	-5.4115E-1
7.10	-4.6598E-1
7.11	-3.8716E-1
7.12	-3.0528E-1
7.13	-2.2096E-1
7.14	-1.3482E-1
7.15	-4.7535E-2
7.16	4.0241E-2
7.17	1.2783E-1
7.18	2.1455E-1
7.19	2.9972E-1
7.20	3.8268E-1
7.21	4.6277E-1
7.22	5.3935E-1
7.23	6.1179E-1
7.24	6.7952E-1
7.25	7.4198E-1
7.26	7.9865E-1
7.27	8.4906E-1
7.28	8.9278E-1
7.29	9.2944E-1
7.30	9.5870E-1
7.31	9.8032E-1
7.32	9.9407E-1
7.33	9.9982E-1
7.34	9.9749E-1
7.35	9.8706E-1
7.36	9.6858E-1
7.37	9.4218E-1
7.38	9.0804E-1
7.39	8.6640E-1
7.40	8.1758E-1
7.41	7.6196E-1
7.42	6.9996E-1
7.43	6.3207E-1
7.44	5.5883E-1
7.45	4.8084E-1
7.46	3.9872E-1
7.47	3.1316E-1
7.48	2.2484E-1
7.49	1.3452E-1
7.50	4.2938E-2
7.51	-4.9129E-2
7.52	-1.4090E-1
7.53	-2.3160E-1
7.54	-3.2043E-1
7.55	-4.0664E-1
7.56	-4.8948E-1
7.57	-5.6821E-1
7.58	-6.4214E-1
7.59	-7.1061E-1
7.60	-7.7301E-1
7.61	-8.2877E-1
7.62	-8.7737E-1
7.63	-9.1836E-1
7.64	-9.5136E-1
7.65	-9.7604E-1
7.66	-9.9215E-1
7.67	-9.9951E-1
7.68	-9.9803E-1
7.69	-9.8768E-1
7.70	-9.6852E-1
7.71	-9.4069E-1
7.72	-9.0441E-1
7.73	-8.5996E-1
7.74	-8.0772E-1
7.75	-7.4812E-1
7.76	-6.8168E-1
7.77	-6.0897E-1
7.78	-5.3064E-1
7.79	-4.4736E-1
7.80	-3.5990E-1
7.81	-2.6902E-1
7.82	-1.7555E-1
7.83	-8.0355E-2
7.84	1.5707E-2
7.85	1.1175E-1
7.86	2.0687E-1
7.87	3.0019E-1
7.88	3.9083E-1
7.89	4.7793E-1
7.90	5.6066E-1
7.91	6.3823E-1
7.92	7.0988E-1
7.93	7.7491E-1
7.94	8.3269E-1
7.95	8.8264E-1
7.96	9.2425E-1
7.97	9.5710E-1
7.98	9.8083E-1
7.99	9.9519E-1
8.00	1.0000E0
8.01	9.9518E-1
8.02	9.8074E-1
8.03	9.5678E-1
8.04	9.2350E-1
8.05	8.8120E-1
8.06	8.3024E-1
8.07	7.7110E-1
8.08	7.0432E-1
8.09	6.3054E-1
8.10	5.5046E-1
8.11	4.6484E-1
8.12	3.7451E-1
8.13	2.8035E-1
8.14	1.8328E-1
8.15	8.4269E-2
8.16	-1.5707E-2
8.17	-1.1565E-1
8.18	-2.1455E-1
8.19	-3.1141E-1
8.20	-4.0524E-1
8.21	-4.9509E-1
8.22	-5.8001E-1
8.23	-6.5915E-1
8.24	-7.3165E-1
8.25	-7.9676E-1
8.26	-8.5379E-1
8.27	-9.0212E-1
8.28	-9.4121E-1
8.29	-9.7064E-1
8.30	-9.9006E-1
8.31	-9.9923E-1
8.32	-9.9803E-1
8.33	-9.8642E-1
8.34	-9.6449E-1
8.35	-9.3244E-1
8.36	-8.9056E-1
8.37	-8.3926E-1
8.38	-7.7905E-1
8.39	-7.1053E-1
8.40	-6.3439E-1
8.41	-5.5143E-1
8.42	-4.6250E-1
8.43	-3.6852E-1
8.44	-2.7050E-1
8.45	-1.6945E-1
8.46	-6.6464E-2
8.47	3.7359E-2
8.48	1.4090E-1
8.49	2.4304E-1
8.50	3.4266E-1
8.51	4.3867E-1
8.52	5.3001E-1
8.53	6.1567E-1
8.54	6.9468E-1
8.55	7.6615E-1
8.56	8.2928E-1
8.57	8.8333E-1
8.58	9.2768E-1
8.59	9.6180E-1
8.60	9.8528E-1
8.61	9.9781E-1
8.62	9.9922E-1
8.63	9.8945E-1
8.64	9.6858E-1
8.65	9.3680E-1
8.66	8.9443E-1
8.67	8.4192E-1
8.68	7.7982E-1
8.69	7.0880E-1
8.70	6.2964E-1
8.71	5.4321E-1
8.72	4.5049E-1
8.73	3.5250E-1
8.74	2.5035E-1
8.75	1.4521E-1
8.76	3.8279E-2
8.77	-6.9219E-2
8.78	-1.7604E-1
8.79	-2.8093E-1
8.80	-3.8268E-1
8.81	-4.8009E-1
8.82	-5.7199E-1
8.83	-6.5730E-1
8.84	-7.3499E-1
8.85	-8.0412E-1
8.86	-8.6385E-1
8.87	-9.1344E-1
8.88	-9.5226E-1
8.89	-9.7983E-1
8.90	-9.9577E-1
8.91	-9.9985E-1
8.92	-9.9199E-1
8.93	-9.7224E-1
8.94	-9.4080E-1
8.95	-8.9800E-1
8.96	-8.4433E-1
8.97	-7.8039E-1
8.98	-7.0693E-1
8.99	-6.2481E-1
9.00	-5.3500E-1
9.01	-4.3856E-1
9.02	-3.3666E-1
9.03	-2.3052E-1
9.04	-1.2144E-1
9.05	-1.0738E-2
9.06	1.0022E-1
9.07	2.1005E-1
9.08	3.1741E-1
9.09	4.2094E-1
9.10	5.1936E-1
9.11	6.1140E-1
9.12	6.9591E-1
9.13	7.7180E-1
9.14	8.3809E-1
9.15	8.9391E-1
9.16	9.3853E-1
9.17	9.7134E-1
9.18	9.9190E-1
9.19	9.9989E-1
9.20	9.9518E-1
9.21	9.7779E-1
9.22	9.4790E-1
9.23	9.0584E-1
9.24	8.5213E-1
9.25	7.8740E-1
9.26	7.1247E-1
9.27	6.2825E-1
9.28	5.3583E-1
9.29	4.3635E-1
9.30	3.3111E-1
9.31	2.2144E-1
9.32	1.0876E-1
9.33	-5.4609E-3
9.34	-1.1973E-1
9.35	-2.3255E-1
9.36	-3.4243E-1
9.37	-4.4791E-1
9.38	-5.4759E-1
9.39	-6.4011E-1
9.40	-7.2425E-1
9.41	-7.9884E-1
9.42	-8.6286E-1
9.43	-9.1542E-1
9.44	-9.5579E-1
9.45	-9.8339E-1
9.46	-9.9779E-1
9.47	-9.9877E-1
9.48	-9.8627E-1
9.49	-9.6041E-1
9.50	-9.2151E-1
9.51	-8.7006E-1
9.52	-8.0670E-1
9.53	-7.3228E-1
9.54	-6.4777E-1
9.55	-5.5429E-1
9.56	-4.5312E-1
9.57	-3.4560E-1
9.58	-2.3321E-1
9.59	-1.1748E-1
9.60	-2.2043E-15
9.61	1.1760E-1
9.62	2.3368E-1
9.63	3.4664E-1
9.64	4.5487E-1
9.65	5.5685E-1
9.66	6.5113E-1
9.67	7.3636E-1
9.68	8.1132E-1
9.69	8.7491E-1
9.70	9.2621E-1
9.71	9.6444E-1
9.72	9.8903E-1
9.73	9.9958E-1
9.74	9.9590E-1
9.75	9.7800E-1
9.76	9.4609E-1
9.77	9.0058E-1
9.78	8.4208E-1
9.79	7.7141E-1
9.80	6.8954E-1
9.81	5.9762E-1
9.82	4.9695E-1
9.83	3.8897E-1
9.84	2.7522E-1
9.85	1.5734E-1
9.86	3.7052E-2
9.87	-8.3902E-2
9.88	-2.0375E-1
9.89	-3.2072E-1
9.90	-4.3309E-1
9.91	-5.3919E-1
9.92	-6.3742E-1
9.93	-7.2632E-1
9.94	-8.0452E-1
9.95	-8.7084E-1
9.96	-9.2425E-1
9.97	-9.6392E-1
9.98	-9.8921E-1
9.99	-9.9970E-1
10.00	-9.9518E-1
10.01	-9.7569E-1
10.02	-9.4146E-1
10.03	-8.9298E-1
10.04	-8.3092E-1
10.05	-7.5621E-1
10.06	-6.6992E-1
10.07	-5.7335E-1
10.08	-4.6793E-1
10.09	-3.5525E-1
10.10	-2.3702E-1
10.11	-1.1504E-1
10.12	8.8356E-3
10.13	1.3270E-1
10.14	2.5463E-1
10.15	3.7274E-1
10.16	4.8519E-1
10.17	5.9021E-1
10.18	6.8616E-1
10.19	7.7149E-1
10.20	8.4485E-1
10.21	9.0506E-1
10.22	9.5113E-1
10.23	9.8230E-1
10.24	9.9803E-1
10.25	9.9802E-1
10.26	9.8224E-1
10.27	9.5089E-1
10.28	9.0441E-1
10.29	8.4350E-1
10.30	7.6910E-1
10.31	6.8235E-1
10.32	5.8460E-1
10.33	4.7739E-1
10.34	3.6241E-1
10.35	2.4149E-1
10.36	1.1656E-1
10.37	-1.0370E-2
10.38	-1.3726E-1
10.39	-2.6204E-1
10.40	-3.8268E-1
10.41	-4.9722E-1
10.42	-6.0375E-1
10.43	-7.0053E-1
10.44	-7.8592E-1
10.45	-8.5852E-1
10.46	-9.1707E-1
10.47	-9.6058E-1
10.48	-9.8830E-1
10.49	-9.9970E-1
10.50	-9.9456E-1
10.51	-9.7293E-1
10.52	-9.3510E-1
10.53	-8.8166E-1
10.54	-8.1347E-1
10.55	-7.3161E-1
10.56	-6.3742E-1
10.57	-5.3246E-1
10.58	-4.1844E-1
10.59	-2.9726E-1
10.60	-1.7096E-1
10.61	-4.1651E-2
10.62	8.8487E-2
10.63	2.1724E-1
10.64	3.4243E-1
10.65	4.6190E-1
10.66	5.7360E-1
10.67	6.7560E-1
10.68	7.6611E-1
10.69	8.4357E-1
10.70	9.0660E-1
10.71	9.5406E-1
10.72	9.8511E-1
10.73	9.9915E-1
10.74	9.9590E-1
10.75	9.7536E-1
10.76	9.3785E-1
10.77	8.8397E-1
10.78	8.1461E-1
10.79	7.3094E-1
10.80	6.3439E-1
10.81	5.2663E-1
10.82	4.0950E-1
10.83	2.8505E-1
10.84	1.5546E-1
10.85	2.3008E-2
10.86	-1.0998E-1
10.87	-2.4113E-1
10.88	-3.6812E-1
10.89	-4.8867E-1
10.90	-6.0062E-1
10.91	-7.0192E-1
10.92	-7.9076E-1
10.93	-8.6548E-1
10.94	-9.2472E-1
10.95	-9.6737E-1
10.96	-9.9260E-1
10.97	-9.9992E-1
10.98	-9.8914E-1
10.99	-9.6041E-1
11.00	-9.1421E-1
11.01	-8.5132E-1
11.02	-7.7285E-1
11.03	-6.8020E-1
11.04	-5.7501E-1
11.05	-4.5918E-1
11.06	-3.3481E-1
11.07	-2.0417E-1
11.08	-6.9648E-2
11.09	6.6281E-2
11.10	2.0110E-1
11.11	3.3232E-1
11.12	4.5749E-1
11.13	5.7425E-1
11.14	6.8042E-1
11.15	7.7398E-1
11.16	8.5315E-1
11.17	9.1641E-1
11.18	9.6252E-1
11.19	9.9058E-1
11.20	1.0000E0
11.21	9.9056E-1
11.22	9.6239E-1
11.23	9.1597E-1
11.24	8.5213E-1
11.25	7.7204E-1
11.26	6.7718E-1
11.27	5.6932E-1
11.28	4.5049E-1
11.29	3.2293E-1
11.30	1.8907E-1
11.31	5.1458E-2
11.32	-8.7264E-2
11.33	-2.2443E-1
11.34	-3.5737E-1
11.35	-4.8353E-1
11.36	-6.0042E-1
11.37	-7.0576E-1
11.38	-7.9747E-1
11.39	-8.7372E-1
11.40	-9.3299E-1
11.41	-9.7408E-1
11.42	-9.9612E-1
11.43	-9.9864E-1
11.44	-9.8154E-1
11.45	-9.4511E-1
11.46	-8.9000E-1
11.47	-8.1727E-1
11.48	-7.2830E-1
11.49	-6.2481E-1
11.50	-5.0883E-1
11.51	-3.8263E-1
11.52	-2.4869E-1
11.53	-1.0967E-1
11.54	3.1656E-2
11.55	1.7247E-1
11.56	3.0995E-1
11.57	4.4132E-1
11.58	5.6391E-1
11.59	6.7523E-1
11.60	7.7301E-1
11.61	8.5523E-1
11.62	9.2017E-1
11.63	9.6649E-1
11.64	9.9318E-1
11.65	9.9966E-1
11.66	9.8574E-1
11.67	9.5164E-1
11.68	8.9803E-1
11.69	8.2594E-1
11.70	7.3682E-1
11.71	6.3245E-1
11.72	5.1494E-1
11.73	3.8670E-1
11.74	2.5035E-1
11.75	1.0870E-1
11.76	-3.5336E-2
11.77	-1.7876E-1
11.78	-3.1857E-1
11.79	-4.5186E-1
11.80	-5.7581E-1
11.81	-6.8781E-1
11.82	-7.8547E-1
11.83	-8.6671E-1
11.84	-9.2978E-1
11.85	-9.7329E-1
11.86	-9.9629E-1
11.87	-9.9823E-1
11.88	-9.7902E-1
11.89	-9.3902E-1
11.90	-8.7901E-1
11.91	-8.0024E-1
11.92	-7.0432E-1
11.93	-5.9328E-1
11.94	-4.6945E-1
11.95	-3.3545E-1
11.96	-1.9413E-1
11.97	-4.8516E-2
11.98	9.8261E-2
11.99	2.4304E-1
12.00	3.8268E-1
12.01	5.1416E-1
12.02	6.3458E-1
12.03	7.4132E-1
12.04	8.3201E-1
12.05	9.0464E-1
12.06	9.5758E-1
12.07	9.8961E-1
12.08	9.9999E-1
12.09	9.8844E-1
12.10	9.5514E-1
12.11	9.0079E-1
12.12	8.2653E-1
12.13	7.3395E-1
12.14	6.2505E-1
12.15	5.0221E-1
12.16	3.6812E-1
12.17	2.2574E-1
12.18	7.8214E-2
12.19	-7.1178E-2
12.20	-2.1910E-1
12.21	-3.6224E-1
12.22	-4.9738E-1
12.23	-6.2145E-1
12.24	-7.3165E-1
12.25	-8.2546E-1
12.26	-9.0071E-1
12.27	-9.5567E-1
12.28	-9.8903E-1
12.29	-1.0000E0
12.30	-9.8826E-1
12.31	-9.5403E-1
12.32	-8.9803E-1
12.33	-8.2149E-1
12.34	-7.2611E-1
12.35	-6.1402E-1
12.36	-4.8776E-1
12.37	-3.5020E-1
12.38	-2.0447E-1
12.39	-5.3909E-2
12.40	9.8017E-2
12.41	2.4780E-1
12.42	3.9196E-1
12.43	5.2715E-1
12.44	6.5019E-1
12.45	7.5821E-1
12.46	8.4864E-1
12.47	9.1933E-1
12.48	9.6858E-1
12.49	9.9519E-1
12.50	9.9848E-1
12.51	9.7830E-1
12.52	9.3510E-1
12.53	8.6981E-1
12.54	7.8395E-1
12.55	6.7948E-1
12.56	5.5883E-1
12.57	4.2484E-1
12.58	2.8064E-1
12.59	1.2965E-1
12.60	-2.4541E-2
12.61	-1.7827E-1
12.62	-3.2786E-1
12.63	-4.6972E-1
12.64	-6.0042E-1
12.65	-7.1680E-1
12.66	-8.1603E-1
12.67	-8.9567E-1
12.68	-9.5375E-1
12.69	-9.8882E-1
12.70	-9.9998E-1
12.71	-9.8690E-1
12.72	-9.4984E-1
12.73	-8.8964E-1
12.74	-8.0772E-1
12.75	-7.0602E-1
12.76	-5.8699E-1
12.77	-4.5350E-1
12.78	-3.0878E-1
12.79	-1.5637E-1
12.80	-3.9187E-15
12.81	1.5650E-1
12.82	3.0925E-1
12.83	4.5448E-1
12.84	5.8858E-1
12.85	7.0819E-1
12.86	8.1031E-1
12.87	8.9237E-1
12.88	9.5226E-1
12.89	9.8845E-1
12.90	9.9998E-1
12.91	9.8650E-1
12.92	9.4829E-1
12.93	8.8625E-1
12.94	8.0189E-1
12.95	6.9728E-1
12.96	5.7501E-1
12.97	4.3812E-1
12.98	2.9005E-1
12.99	1.3452E-1
13.00	-2.4541E-2
13.01	-1.8310E-1
13.02	-3.3712E-1
13.03	-4.8267E-1
13.04	-6.1601E-1
13.05	-7.3370E-1
13.06	-8.3269E-1
13.07	-9.1042E-1
13.08	-9.6482E-1
13.09	-9.9444E-1
13.10	-9.9848E-1
13.11	-9.7675E-1
13.12	-9.2978E-1
13.13	-8.5870E-1
13.14	-7.6533E-1
13.15	-6.5201E-1
13.16	-5.2166E-1
13.17	-3.7763E-1
13.18	-2.2365E-1
13.19	-6.3709E-2
13.20	9.8017E-2
13.21	2.5730E-1
13.22	4.0995E-1
13.23	5.5194E-1
13.24	6.7952E-1
13.25	7.8929E-1
13.26	8.7831E-1
13.27	9.4418E-1
13.28	9.8511E-1
13.29	9.9995E-1
13.30	9.8826E-1
13.31	9.5028E-1
13.32	8.8696E-1
13.33	7.9994E-1
13.34	6.9149E-1
13.35	5.6447E-1
13.36	4.2222E-1
13.37	2.6855E-1
13.38	1.0754E-1
13.39	-5.6482E-2
13.40	-2.1910E-1
13.41	-3.7593E-1
13.42	-5.2271E-1
13.43	-6.5545E-1
13.44	-7.7051E-1
13.45	-8.6474E-1
13.46	-9.3553E-1
13.47	-9.8089E-1
13.48	-9.9954E-1
13.49	-9.9089E-1
13.50	-9.5514E-1
13.51	-8.9320E-1
13.52	-8.0670E-1
13.53	-6.9798E-1
13.54	-5.6997E-1
13.55	-4.2617E-1
13.56	-2.7050E-1
13.57	-1.0723E-1
13.58	5.9116E-2
13.59	2.2395E-1
13.60	3.8268E-1
13.61	5.3090E-1
13.62	6.6444E-1
13.63	7.7955E-1
13.64	8.7298E-1
13.65	9.4206E-1
13.66	9.8481E-1
13.67	9.9998E-1
13.68	9.8707E-1
13.69	9.4638E-1
13.70	8.7901E-1
13.71	7.8680E-1
13.72	6.7229E-1
13.73	5.3867E-1
13.74	3.8970E-1
13.75	2.2957E-1
13.76	6.2791E-2
13.77	-1.0589E-1
13.78	-2.7168E-1
13.79	-4.2983E-1
13.80	-5.7581E-1
13.81	-7.0541E-1
13.82	-8.1489E-1
13.83	-9.0106E-1
13.84	-9.6138E-1
13.85	-9.9407E-1
13.86	-9.9813E-1
13.87	-9.7338E-1
13.88	-9.2046E-1
13.89	-8.4086E-1
13.90	-7.3682E-1
13.91	-6.1131E-1
13.92	-4.6793E-1
13.93	-3.1083E-1
13.94	-1.4455E-1
13.95	2.6075E-2
13.96	1.9605E-1
13.97	3.6041E-1
13.98	5.1431E-1
13.99	6.5322E-1
14.00	7.7301E-1
14.01	8.7012E-1
14.02	9.4163E-1
14.03	9.8537E-1
14.04	1.0000E0
14.05	9.8501E-1
14.06	9.4080E-1
14.07	8.6860E-1
14.08	7.7051E-1
14.09	6.4940E-1
14.10	5.0883E-1
14.11	3.5296E-1
14.12	1.8642E-1
14.13	1.4174E-2
14.14	-1.5862E-1
14.15	-3.2676E-1
14.16	-4.8519E-1
14.17	-6.2911E-1
14.18	-7.5415E-1
14.19	-8.5650E-1
14.20	-9.3299E-1
14.21	-9.8127E-1
14.22	-9.9981E-1
14.23	-9.8798E-1
14.24	-9.4609E-1
14.25	-8.7533E-1
14.26	-7.7781E-1
14.27	-6.5647E-1
14.28	-5.1494E-1
14.29	-3.5755E-1
14.30	-1.8907E-1
14.31	-1.4664E-2
14.32	1.6031E-1
14.33	3.3047E-1
14.34	4.9055E-1
14.35	6.3558E-1
14.36	7.6104E-1
14.37	8.6301E-1
14.38	9.3828E-1
14.39	9.8444E-1
14.40	1.0000E0
14.41	9.8442E-1
14.42	9.3811E-1
14.43	8.6246E-1
14.44	7.5977E-1
14.45	6.3321E-1
14.46	4.8669E-1
14.47	3.2479E-1
14.48	1.5255E-1
14.49	-2.4603E-2
14.50	-2.0110E-1
14.51	-3.7137E-1
14.52	-5.3001E-1
14.53	-6.7197E-1
14.54	-7.9271E-1
14.55	-8.8835E-1
14.56	-9.5579E-1
14.57	-9.9284E-1
14.58	-9.9825E-1
14.59	-9.7178E-1
14.60	-9.1421E-1
14.61	-8.2732E-1
14.62	-7.1384E-1
14.63	-5.7736E-1
14.64	-4.2222E-1
14.65	-2.5338E-1
14.66	-7.6257E-2
14.67	1.0345E-1
14.68	2.7993E-1
14.69	4.4747E-1
14.70	6.0062E-1
14.71	7.3436E-1
14.72	8.4433E-1
14.73	9.2688E-1
14.74	9.7927E-1
14.75	9.9974E-1
14.76	9.8753E-1
14.77	9.4300E-1
14.78	8.6753E-1
14.79	7.6355E-1
14.80	6.3439E-1
14.81	4.8428E-1
14.82	3.1811E-1
14.83	1.4133E-1
14.84	-4.0241E-2
14.85	-2.2060E-1
14.86	-3.9377E-1
14.87	-5.5399E-1
14.88	-6.9591E-1
14.89	-8.1478E-1
14.90	-9.0660E-1
14.91	-9.6823E-1
14.92	-9.9757E-1
14.93	-9.9357E-1
14.94	-9.5630E-1
14.95	-8.8693E-1
14.96	-7.8774E-1
14.97	-6.6200E-1
14.98	-5.1389E-1
14.99	-3.4836E-1
15.00	-1.7096E-1
15.01	1.2333E-2
15.02	1.9533E-1
15.03	3.7183E-1
15.04	5.3583E-1
15.05	6.8172E-1
15.06	8.0452E-1
15.07	8.9999E-1
15.08	9.6482E-1
15.09	9.9673E-1
15.10	9.9456E-1
15.11	9.5834E-1
15.12	8.8922E-1
15.13	7.8952E-1
15.14	6.6260E-1
15.15	5.1279E-1
15.16	3.4520E-1
15.17	1.6558E-1
15.18	-1.9879E-2
15.19	-2.0477E-1
15.20	-3.8268E-1
15.21	-5.4743E-1
15.22	-6.9326E-1
15.23	-8.1507E-1
15.24	-9.0855E-1
15.25	-9.7040E-1
15.26	-9.9839E-1
15.27	-9.9148E-1
15.28	-9.4984E-1
15.29	-8.7485E-1
15.30	-7.6910E-1
15.31	-6.3624E-1
15.32	-4.8089E-1
15.33	-3.0849E-1
15.34	-1.2509E-1
15.35	6.2852E-2
15.36	2.4869E-1
15.37	4.2583E-1
15.38	5.8798E-1
15.39	7.2935E-1
15.40	8.4485E-1
15.41	9.3034E-1
15.42	9.8270E-1
15.43	1.0000E0
15.44	9.8154E-1
15.45	9.2794E-1
15.46	8.4102E-1
15.47	7.2387E-1
15.48	5.8061E-1
15.49	4.1637E-1
15.50	2.3702E-1
15.51	4.9006E-2
15.52	-1.4090E-1
15.53	-3.2583E-1
15.54	-4.9908E-1
15.55	-6.5433E-1
15.56	-7.8592E-1
15.57	-8.8902E-1
15.58	-9.5981E-1
15.59	-9.9566E-1
15.60	-9.9518E-1
15.61	-9.5834E-1
15.62	-8.8639E-1
15.63	-7.8192E-1
15.64	-6.4870E-1
15.65	-4.9156E-1
15.66	-3.1624E-1
15.67	-1.2917E-1
15.68	6.2791E-2
15.69	2.5255E-1
15.70	4.3309E-1
15.71	5.9772E-1
15.72	7.4029E-1
15.73	8.5548E-1
15.74	9.3895E-1
15.75	9.8754E-1
15.76	9.9938E-1
15.77	9.7394E-1
15.78	9.1211E-1
15.79	8.1613E-1
15.80	6.8954E-1
15.81	5.3702E-1
15.82	3.6424E-1
15.83	1.7767E-1
15.84	-1.5707E-2
15.85	-2.0861E-1
15.86	-3.9377E-1
15.87	-5.6416E-1
15.88	-7.1333E-1
15.89	-8.3557E-1
15.90	-9.2621E-1
15.91	-9.8174E-1
15.92	-9.9999E-1
15.93	-9.8019E-1
15.94	-9.2303E-1
15.95	-8.3062E-1
15.96	-7.0641E-1
15.97	-5.5511E-1
15.98	-3.8246E-1
15.99	-1.9503E-1
16.00	9.8240E-16
16.01	1.9515E-1
16.02	3.8291E-1
16.03	5.5603E-1
16.04	7.0780E-1
16.05	8.3232E-1
16.06	9.2472E-1
16.07	9.8137E-1
16.08	9.9999E-1
16.09	9.7980E-1
16.10	9.2151E-1
16.11	8.2732E-1
16.12	7.0083E-1
16.13	5.4692E-1
16.14	3.7155E-1
16.15	1.8153E-1
16.16	-1.5707E-2
16.17	-2.1245E-1
16.18	-4.0097E-1
16.19	-5.7385E-1
16.20	-7.2425E-1
16.21	-8.4620E-1
16.22	-9.3484E-1
16.23	-9.8660E-1
16.24	-9.9938E-1
16.25	-9.7258E-1
16.26	-9.0722E-1
16.27	-8.0580E-1
16.28	-6.7229E-1
16.29	-5.1194E-1
16.30	-3.3111E-1
16.31	-1.3695E-1
16.32	6.2791E-2
16.33	2.6014E-1
16.34	4.4720E-1
16.35	6.1644E-1
16.36	7.6104E-1
16.37	8.7515E-1
16.38	9.5412E-1
16.39	9.9470E-1
16.40	9.9518E-1
16.41	9.5549E-1
16.42	8.7713E-1
16.43	7.6323E-1
16.44	6.1832E-1
16.45	4.4824E-1
16.46	2.5985E-1
16.47	6.0770E-2
16.48	-1.4090E-1
16.49	-3.3695E-1
16.50	-5.1936E-1
16.51	-6.8065E-1
16.52	-8.1418E-1
16.53	-9.1443E-1
16.54	-9.7724E-1
16.55	-9.9994E-1
16.56	-9.8154E-1
16.57	-9.2272E-1
16.58	-8.2584E-1
16.59	-6.9481E-1
16.60	-5.3500E-1
16.61	-3.5296E-1
16.62	-1.5619E-1
16.63	4.7168E-2
16.64	2.4869E-1
16.65	4.3999E-1
16.66	6.1310E-1
16.67	7.6076E-1
16.68	8.7678E-1
16.69	9.5624E-1
16.70	9.9577E-1
16.71	9.9363E-1
16.72	9.4984E-1
16.73	8.6616E-1
16.74	7.4604E-1
16.75	5.9447E-1
16.76	4.1777E-1
16.77	2.2335E-1
16.78	1.9388E-2
16.79	-1.8551E-1
16.80	-3.8268E-1
16.81	-5.6376E-1
16.82	-7.2102E-1
16.83	-8.4776E-1
16.84	-9.3853E-1
16.85	-9.8940E-1
16.86	-9.9813E-1
16.87	-9.6428E-1
16.88	-8.8922E-1
16.89	-7.7608E-1
16.90	-6.2964E-1
16.91	-4.5612E-1
16.92	-2.6293E-1
16.93	-5.8320E-2
16.94	1.4892E-1
16.95	3.4986E-1
16.96	5.3583E-1
16.97	6.9877E-1
16.98	8.3161E-1
16.99	9.2853E-1
17.00	9.8528E-1
17.01	9.9932E-1
17.02	9.6997E-1
17.03	8.9843E-1
17.04	7.8774E-1
17.05	6.4266E-1
17.06	4.6945E-1
17.07	2.7563E-1
17.08	6.9648E-2
17.09	-1.3950E-1
17.10	-3.4266E-1
17.11	-5.3090E-1
17.12	-6.9591E-1
17.13	-8.3041E-1
17.14	-9.2841E-1
17.15	-9.8554E-1
17.16	-9.9919E-1
17.17	-9.6869E-1
17.18	-8.9531E-1
17.19	-7.8223E-1
17.20	-6.3439E-1
17.21	-4.5830E-1
17.22	-2.6174E-1
17.23	-5.3418E-2
17.24	1.5740E-1
17.25	3.6133E-1
17.26	5.4923E-1
17.27	7.1268E-1
17.28	8.4433E-1
17.29	9.3821E-1
17.30	9.9006E-1
17.31	9.9746E-1
17.32	9.6002E-1
17.33	8.7933E-1
17.34	7.5897E-1
17.35	6.0429E-1
17.36	4.2222E-1
17.37	2.2096E-1
17.38	9.5719E-3
17.39	-2.0237E-1
17.40	-4.0524E-1
17.41	-5.8982E-1
17.42	-7.4767E-1
17.43	-8.7157E-1
17.44	-9.5579E-1
17.45	-9.9644E-1
17.46	-9.9158E-1
17.47	-9.4136E-1
17.48	-8.4799E-1
17.49	-7.1569E-1
17.50	-5.5046E-1
17.51	-3.5984E-1
17.52	-1.5255E-1
17.53	6.1872E-2
17.54	2.7357E-1
17.55	4.7275E-1
17.56	6.5019E-1
17.57	7.9765E-1
17.58	9.0825E-1
17.59	9.7678E-1
17.60	1.0000E0
17.61	9.7675E-1
17.62	9.0804E-1
17.63	7.9699E-1
17.64	6.4870E-1
17.65	4.7004E-1
17.66	2.6931E-1
17.67	5.5869E-2
17.68	-1.6031E-1
17.69	-3.6909E-1
17.70	-5.6066E-1
17.71	-7.2598E-1
17.72	-8.5722E-1
17.73	-9.4815E-1
17.74	-9.9441E-1
17.75	-9.9374E-1
17.76	-9.4609E-1
17.77	-8.5363E-1
17.78	-7.2068E-1
17.79	-5.5348E-1
17.80	-3.5990E-1
17.81	-1.4910E-1
17.82	6.8913E-2
17.83	2.8376E-1
17.84	4.8519E-1
17.85	6.6356E-1
17.86	8.1031E-1
17.87	9.1836E-1
17.88	9.8247E-1
17.89	9.9949E-1
17.90	9.6852E-1
17.91	8.9098E-1
17.92	7.7051E-1
17.93	6.1286E-1
17.94	4.2556E-1
17.95	2.1760E-1
17.96	-9.8175E-4
17.97	-2.1964E-1
17.98	-4.2778E-1
17.99	-6.1528E-1
18.00	-7.7301E-1
18.01	-8.9325E-1
18.02	-9.7009E-1
18.03	-9.9971E-1
18.04	-9.8059E-1
18.05	-9.1359E-1
18.06	-8.0189E-1
18.07	-6.5089E-1
18.08	-4.6793E-1
18.09	-2.6192E-1
18.10	-4.2938E-2
18.11	1.7827E-1
18.12	3.9083E-1
18.13	5.8426E-1
18.14	7.4897E-1
18.15	8.7681E-1
18.16	9.6138E-1
18.17	9.9844E-1
18.18	9.8606E-1
18.19	9.2479E-1
18.20	8.1758E-1
18.21	6.6969E-1
18.22	4.8841E-1
18.23	2.8270E-1
18.24	6.2791E-2
18.25	-1.6037E-1
18.26	-3.7564E-1
18.27	-5.7224E-1
18.28	-7.4029E-1
18.29	-8.7132E-1
18.30	-9.5870E-1
18.31	-9.9797E-1
18.32	-9.8707E-1
18.33	-9.2646E-1
18.34	-8.1914E-1
18.35	-6.7042E-1
18.36	-4.8776E-1
18.37	-2.8035E-1
18.38	-5.8626E-2
18.39	1.6618E-1
18.40	3.8268E-1
18.41	5.7986E-1
18.42	7.4767E-1
18.43	8.7752E-1
18.44	9.6272E-1
18.45	9.9887E-1
18.46	9.8404E-1
18.47	9.1890E-1
18.48	8.0670E-1
18.49	6.5313E-1
18.50	4.6598E-1
18.51	2.5481E-1
18.52	3.0429E-2
18.53	-1.9563E-1
18.54	-4.1174E-1
18.55	-6.0673E-1
18.56	-7.7051E-1
18.57	-8.9457E-1
18.58	-9.7243E-1
18.59	-9.9997E-1
18.60	-9.7570E-1
18.61	-9.0079E-1
18.62	-7.7905E-1
18.63	-6.1673E-1
18.64	-4.2222E-1
18.65	-2.0561E-1
18.66	2.1842E-2
18.67	2.4827E-1
18.68	4.6185E-1
18.69	6.5136E-1
18.70	8.0685E-1
18.71	9.2010E-1
18.72	9.8511E-1
18.73	9.9838E-1
18.74	9.5912E-1
18.75	8.6933E-1
18.76	7.3366E-1
18.77	5.5919E-1
18.78	3.5508E-1
18.79	1.3209E-1
18.80	-9.8017E-2
18.81	-3.2305E-1
18.82	-5.3105E-1
18.83	-7.1096E-1
18.84	-8.5315E-1
18.85	-9.5001E-1
18.86	-9.9629E-1
18.87	-9.8945E-1
18.88	-9.2978E-1
18.89	-8.2037E-1
18.90	-6.6700E-1
18.91	-4.7782E-1
18.92	-2.6293E-1
18.93	-3.3802E-2
18.94	1.9726E-1
18.95	4.1782E-1
18.96	6.1601E-1
18.97	7.8108E-1
18.98	9.0409E-1
18.99	9.7833E-1
19.00	9.9970E-1
19.01	9.6696E-1
19.02	8.8181E-1
19.03	7.4877E-1
19.04	5.7501E-1
19.05	3.6989E-1
19.06	1.4455E-1
19.07	-8.8792E-2
19.08	-3.1741E-1
19.09	-5.2881E-1
19.10	-7.1143E-1
19.11	-8.5523E-1
19.12	-9.5226E-1
19.13	-9.9715E-1
19.14	-9.8734E-1
19.15	-9.2329E-1
19.16	-8.0844E-1
19.17	-6.4903E-1
19.18	-4.5377E-1
19.19	-2.3339E-1
19.20	-8.8172E-15
19.21	2.3351E-1
19.22	4.5421E-1
19.23	6.4987E-1
19.24	8.0959E-1
19.25	9.2447E-1
19.26	9.8803E-1
19.27	9.9668E-1
19.28	9.4984E-1
19.29	8.5003E-1
19.30	7.0275E-1
19.31	5.1615E-1
19.32	3.0060E-1
19.33	6.8117E-2
19.34	-1.6830E-1
19.35	-3.9540E-1
19.36	-6.0042E-1
19.37	-7.7180E-1
19.38	-8.9986E-1
19.39	-9.7730E-1
19.40	-9.9970E-1
19.41	-9.6570E-1
19.42	-8.7713E-1
19.43	-7.3893E-1
19.44	-5.5883E-1
19.45	-3.4698E-1
19.46	-1.1534E-1
19.47	1.2296E-1
19.48	3.5439E-1
19.49	5.6578E-1
19.50	7.4506E-1
19.51	8.8195E-1
19.52	9.6858E-1
19.53	9.9993E-1
19.54	9.7412E-1
19.55	8.9253E-1
19.56	7.5977E-1
19.57	5.8336E-1
19.58	3.7337E-1
19.59	1.4181E-1
19.60	-9.8017E-2
19.61	-3.3232E-1
19.62	-5.4759E-1
19.63	-7.3136E-1
19.64	-8.7298E-1
19.65	-9.6418E-1
19.66	-9.9963E-1
19.67	-9.7717E-1
19.68	-8.9803E-1
19.69	-7.6671E-1
19.70	-5.9076E-1
19.71	-3.8036E-1
19.72	-1.4770E-1
19.73	9.3681E-2
19.74	3.2972E-1
19.75	5.4661E-1
19.76	7.3165E-1
19.77	8.7396E-1
19.78	9.6514E-1
19.79	9.9976E-1
19.80	9.7570E-1
19.81	8.9430E-1
19.82	7.6025E-1
19.83	5.8136E-1
19.84	3.6812E-1
19.85	1.3306E-1
19.86	-1.0998E-1
19.87	-3.4664E-1
19.88	-5.6290E-1
19.89	-7.4592E-1
19.90	-8.8480E-1
19.91	-9.7123E-1
19.92	-9.9999E-1
19.93	-9.6930E-1
19.94	-8.8088E-1
19.95	-7.3992E-1
19.96	-5.5475E-1
19.97	-3.3637E-1
19.98	-9.7773E-2
19.99	1.4679E-1
20.00	3.8268E-1
20.01	5.9575E-1
20.02	7.7317E-1
20.03	9.0423E-1
20.04	9.8098E-1
20.05	9.9872E-1
20.06	9.5630E-1
20.07	8.5618E-1
20.08	7.0432E-1
20.09	5.0983E-1
20.10	2.8441E-1
20.11	4.1651E-2
20.12	-2.0375E-1
20.13	-4.3691E-1
20.14	-6.4364E-1
20.15	-8.1135E-1
20.16	-9.2978E-1
20.17	-9.9162E-1
20.18	-9.9304E-1
20.19	-9.3385E-1
20.20	-8.1758E-1
20.21	-6.5127E-1
20.22	-4.4500E-1
20.23	-2.1137E-1
20.24	3.5336E-2
20.25	2.7999E-1
20.26	5.0756E-1
20.27	7.0402E-1
20.28	8.5722E-1
20.29	9.5767E-1
20.30	9.9908E-1
20.31	9.7881E-1
20.32	8.9803E-1
20.33	7.6164E-1
20.34	5.7801E-1
20.35	3.5846E-1
20.36	1.1656E-1
20.37	-1.3270E-1
20.38	-3.7382E-1
20.39	-5.9180E-1
20.40	-7.7301E-1
20.41	-9.0610E-1
20.42	-9.8270E-1
20.43	-9.9793E-1
20.44	-9.5075E-1
20.45	-8.4403E-1
20.46	-6.8437E-1
20.47	-4.8170E-1
20.48	-2.4869E-1
