1	-1.3483
1.01905	-0.27967
1.0381	0.85976
1.05716	1.9451
1.07621	2.80651
1.09526	3.15696
1.11431	2.99905
1.13337	2.63606
1.15242	2.21618
1.17147	1.81566
1.19052	1.41205
1.20957	0.89674
1.22863	0.1285
1.24768	-0.81126
1.26673	-1.60034
1.28578	-1.81482
1.30484	-1.25293
1.32389	-0.15121
1.34294	1.15388
1.36199	2.49356
1.38105	3.57193
1.4001	4.13992
1.41915	4.12484
1.4382	3.65773
1.45725	3.0454
1.47631	2.44446
1.49536	1.8405
1.51441	1.18323
1.53346	0.42421
1.55252	-0.44572
1.57157	-1.24038
1.59062	-1.54981
1.60967	-1.1431
1.62872	-0.18034
1.64778	1.02843
1.66683	2.25644
1.68588	3.37453
1.70493	4.11868
1.72399	4.29255
1.74304	4.0034
1.76209	3.52778
1.78114	3.06223
1.8002	2.62343
1.81925	2.12364
1.8383	1.43506
1.85735	0.5062
1.8764	-0.46374
1.89546	-1.10413
1.91451	-1.06669
1.93356	-0.32049
1.95261	0.81534
1.97167	2.0602
1.99072	3.32156
2.00977	4.31795
2.02882	4.73178
2.04787	4.54539
2.06693	4.0291
2.08598	3.45287
2.10503	2.94712
2.12408	2.42477
2.14314	1.78708
2.16219	0.97553
2.18124	0.06818
2.20029	-0.63085
2.21935	-0.72991
2.2384	-0.11511
2.25745	0.92748
2.2765	2.14197
2.29555	3.34954
2.31461	4.37202
2.33366	4.94797
2.35271	4.95438
2.37176	4.59074
2.39082	4.12719
2.40987	3.6933
2.42892	3.25607
2.44797	2.6861
2.46702	1.86077
2.48608	0.8711
2.50513	-0.02646
2.52418	-0.45458
2.54323	-0.12669
2.56229	0.80374
2.58134	2.00222
2.60039	3.31259
2.61944	4.54584
2.6385	5.34566
2.65755	5.4834
2.6766	5.07223
2.69565	4.48058
2.7147	3.91742
2.73376	3.41667
2.75281	2.87
2.77186	2.17855
2.79091	1.31029
2.80997	0.42941
2.82902	-0.09289
2.84807	0.03752
2.86712	0.79483
2.88617	1.88296
2.90523	3.06598
2.92428	4.26409
2.94333	5.20447
2.96238	5.60508
2.98144	5.46393
3.00049	5.0619
3.01954	4.62936
3.03859	4.20289
3.05765	3.70169
3.0767	2.99417
3.09575	2.06208
3.1148	1.03151
3.13385	0.2208
3.15291	0.01616
3.17196	0.53374
3.19101	1.49948
3.21006	2.70935
3.22912	3.99325
3.24817	5.06405
3.26722	5.58385
3.28627	5.45477
3.30532	4.93594
3.32438	4.35703
3.34343	3.87166
3.36248	3.41072
3.38153	2.826
3.40059	2.05593
3.41964	1.17457
3.43869	0.40375
3.45774	0.08745
3.4768	0.40962
3.49585	1.28452
3.5149	2.42692
3.53395	3.65674
3.553	4.83102
3.57206	5.628
3.59111	5.83541
3.61016	5.55445
3.62921	5.10576
3.64827	4.65579
3.66732	4.18352
3.68637	3.5775
3.70542	2.78958
3.72447	1.85579
3.74353	0.93461
3.76258	0.38217
3.78163	0.49455
3.80068	1.23774
3.81974	2.38637
3.83879	3.68686
3.85784	4.94737
3.87689	5.87629
3.89595	6.1917
3.915	5.9497
3.93405	5.4968
3.9531	5.06874
3.97215	4.69204
3.99121	4.27504
4.01026	3.71373
4.02931	2.97379
4.04836	2.1733
4.06742	1.56779
4.08647	1.45278
4.10552	2.01103
4.12457	3.04177
4.14362	4.3106
4.16268	5.64257
4.18173	6.79388
4.20078	7.46923
4.21983	7.56602
4.23889	7.30143
4.25794	6.92706
4.27699	6.51897
4.29604	6.05321
4.3151	5.45684
4.33415	4.69167
4.3532	3.82378
4.37225	3.08491
4.3913	2.81685
4.41036	3.22809
4.42941	4.25695
4.44846	5.57276
4.46751	6.94655
4.48657	8.15429
4.50562	8.92635
4.52467	9.08734
4.54372	8.80211
4.56277	8.40708
4.58183	8.05246
4.60088	7.68395
4.61993	7.24555
4.63898	6.64406
4.65804	5.88522
4.67709	5.06578
4.69614	4.49248
4.71519	4.52723
4.73425	5.2285
4.7533	6.33241
4.77235	7.62431
4.7914	8.92017
4.81045	9.94532
4.82951	10.41681
4.84856	10.36153
4.86761	9.98127
4.88666	9.49221
4.90572	8.97031
4.92477	8.38262
4.94382	7.68095
4.96287	6.82127
4.98192	5.89541
5.00098	5.16519
5.02003	4.97914
5.03908	5.48952
5.05813	6.51118
5.07719	7.71783
5.09624	8.89714
5.11529	9.85378
5.13434	10.31561
5.1534	10.21045
5.17245	9.77009
5.1915	9.23811
5.21055	8.73257
5.2296	8.2022
5.24866	7.56823
5.26771	6.76865
5.28676	5.77477
5.30581	4.78793
5.32487	4.19752
5.34392	4.35154
5.36297	5.13428
5.38202	6.24279
5.40107	7.43647
5.42013	8.53097
5.43918	9.25385
5.45823	9.41299
5.47728	9.06336
5.49634	8.45112
5.51539	7.77506
5.53444	7.10141
5.55349	6.38596
5.57255	5.55761
5.5916	4.592
5.61065	3.58479
5.6297	2.86923
5.64875	2.77635
5.66781	3.36276
5.68686	4.32259
5.70591	5.38626
5.72496	6.43862
5.74402	7.22247
5.76307	7.49014
5.78212	7.25709
5.80117	6.74901
5.82022	6.19661
5.83928	5.66332
5.85833	5.1242
5.87738	4.42992
5.89643	3.4956
5.91549	2.41635
5.93454	1.46901
5.95359	1.12666
5.97264	1.52943
5.9917	2.45239
6.01075	3.63331
6.0298	4.84507
6.04885	5.87131
6.0679	6.43644
6.08696	6.3906
6.10601	5.87637
6.12506	5.2104
6.14411	4.59448
6.16317	3.99994
6.18222	3.37359
6.20127	2.61656
6.22032	1.73001
6.23937	0.9098
6.25843	0.44921
6.27748	0.67157
6.29653	1.48329
6.31558	2.51873
6.33464	3.6269
6.35369	4.65798
6.37274	5.35105
6.39179	5.51008
6.41085	5.22499
6.4299	4.76123
6.44895	4.28135
6.468	3.83784
6.48705	3.30596
6.50611	2.55845
6.52516	1.57803
6.54421	0.53591
6.56326	-0.09079
6.58232	-0.00133
6.60137	0.7825
6.62042	1.98978
6.63947	3.30643
6.65852	4.61456
6.67758	5.66756
6.69663	6.11952
6.71568	5.87419
6.73473	5.28968
6.75379	4.676
6.77284	4.09854
6.79189	3.54559
6.81094	2.89232
6.83	2.05392
6.84905	1.12033
6.8681	0.31386
6.88715	0.04072
6.9062	0.45411
6.92526	1.3178
6.94431	2.37441
6.96336	3.48252
6.98241	4.44983
7.00147	5.00447
7.02052	5.06344
7.03957	4.77033
7.05862	4.3733
7.07767	4.02092
7.09673	3.63687
7.11578	3.10965
7.13483	2.36779
7.15388	1.46553
7.17294	0.55783
7.19199	0.06844
7.21104	0.29201
7.23009	1.11404
7.24915	2.23573
7.2682	3.46604
7.28725	4.5833
7.3063	5.30223
7.32535	5.40794
7.34441	5.01874
7.36346	4.44964
7.38251	3.9316
7.40156	3.44239
7.42062	2.90365
7.43967	2.20691
7.45872	1.35435
7.47777	0.44839
7.49682	-0.16276
7.51588	-0.17755
7.53493	0.40869
7.55398	1.34313
7.57303	2.43183
7.59209	3.54058
7.61114	4.42905
7.63019	4.82806
7.64924	4.70468
7.6683	4.29011
7.68735	3.85082
7.7064	3.42341
7.72545	2.89493
7.7445	2.18232
7.76356	1.26089
7.78261	0.27277
7.80166	-0.50995
7.82071	-0.72278
7.83977	-0.23488
7.85882	0.69795
7.87787	1.86367
7.89692	3.11079
7.91597	4.15362
7.93503	4.63465
7.95408	4.48457
7.97313	3.96107
7.99218	3.37864
8.01124	2.87801
8.03029	2.39362
8.04934	1.77989
8.06839	0.98061
8.08745	0.15577
8.1065	-0.58249
8.12555	-0.96069
8.1446	-0.68598
8.16365	0.10773
8.18271	1.17791
8.20176	2.37303
8.22081	3.5138
8.23986	4.25209
8.25892	4.39757
8.27797	4.07092
8.29702	3.57709
8.31607	3.08635
8.33512	2.5529
8.35418	1.90106
8.37323	1.08149
8.39228	0.11754
8.41133	-0.82961
8.43039	-1.45517
8.44944	-1.42523
8.46849	-0.75952
8.48754	0.29712
8.5066	1.51962
8.52565	2.71458
8.5447	3.58912
8.56375	3.87524
8.5828	3.62395
8.60186	3.13444
8.62091	2.64907
8.63996	2.21654
8.65901	1.73567
8.67807	1.11726
8.69712	0.33755
8.71617	-0.53714
8.73522	-1.28968
8.75427	-1.56805
8.77333	-1.18576
8.79238	-0.31103
8.81143	0.82798
8.83048	2.06001
8.84954	3.11224
8.86859	3.68641
8.88764	3.68371
8.90669	3.29325
8.92574	2.76681
8.9448	2.22345
8.96385	1.64224
8.9829	0.95379
9.00195	0.12982
9.02101	-0.79498
9.04006	-1.64667
9.05911	-2.07799
9.07816	-1.82469
9.09722	-0.9689
9.11627	0.17714
9.13532	1.39499
9.15437	2.47895
9.17342	3.17641
9.19248	3.29552
9.21153	2.95764
9.23058	2.44013
9.24963	1.95439
9.26869	1.47182
9.28774	0.92148
9.30679	0.22365
9.32584	-0.66597
9.34489	-1.62287
9.36395	-2.33021
9.383	-2.40258
9.40205	-1.79273
9.4211	-0.73348
9.44016	0.5071
9.45921	1.77353
9.47826	2.77304
9.49731	3.20373
9.51637	3.067
9.53542	2.59002
9.55447	2.0143
9.57352	1.42132
9.59257	0.7901
9.61163	0.0418
9.63068	-0.85262
9.64973	-1.80442
9.66878	-2.58975
9.68784	-2.83837
9.70689	-2.36549
9.72594	-1.38649
9.74499	-0.22769
9.76404	0.92988
9.7831	1.89071
9.80215	2.41096
9.8212	2.39344
9.84025	2.00252
9.85931	1.52116
9.87836	1.0723
9.89741	0.64398
9.91646	0.12181
9.93552	-0.5772
9.95457	-1.48586
9.97362	-2.38221
9.99267	-2.86871
10.01172	-2.65414
10.03078	-1.78714
10.04983	-0.60862
10.06888	0.65792
10.08793	1.84456
10.10699	2.66283
10.12604	2.87162
10.14509	2.53298
10.16414	1.93581
10.18319	1.32905
10.20225	0.7634
10.2213	0.11193
10.24035	-0.69126
10.2594	-1.63005
10.27846	-2.61989
10.29751	-3.27025
10.31656	-3.26173
10.33561	-2.56584
10.35467	-1.50806
10.37372	-0.33011
10.39277	0.84446
10.41182	1.76911
10.43087	2.17581
10.44993	2.04068
10.46898	1.63614
10.48803	1.21456
10.50708	0.84749
10.52614	0.45991
10.54519	-0.07443
10.56424	-0.87401
10.58329	-1.85011
10.60234	-2.66799
10.6214	-2.91027
10.64045	-2.40931
10.6595	-1.36349
10.67855	-0.11329
10.69761	1.15137
10.71666	2.23086
10.73571	2.82493
10.75476	2.78343
10.77382	2.27644
10.79287	1.62401
10.81192	1.02608
10.83097	0.44329
10.85002	-0.19751
10.86908	-1.00258
10.88813	-1.98161
10.90718	-2.88907
10.92623	-3.32287
10.94529	-3.02127
10.96434	-2.12872
10.98339	-0.9607
11.00244	0.27382
11.02149	1.45861
11.04055	2.29817
11.0596	2.54345
11.07865	2.28916
11.0977	1.82998
11.11676	1.40271
11.13581	0.99327
11.15486	0.49584
11.17391	-0.24865
11.19297	-1.248
11.21202	-2.29868
11.23107	-2.99765
11.25012	-2.97203
11.26917	-2.21699
11.28823	-1.04178
11.30728	0.28689
11.32633	1.60445
11.34538	2.61422
11.36444	2.93929
11.38349	2.60326
11.40254	1.90969
11.42159	1.17614
11.44064	0.69796
11.4597	0.29465
11.47875	-0.28621
11.4978	-1.06663
11.51685	-2.01886
11.53591	-2.76606
11.55496	-2.87934
11.57401	-2.27176
11.59306	-1.27088
11.61212	-0.07292
11.63117	1.20992
11.65022	2.30021
11.66927	2.91253
11.68832	2.85841
11.70738	2.32959
11.72643	1.6753
11.74548	1.15282
11.76453	0.6557
11.78359	-0.02039
11.80264	-0.91082
11.82169	-1.9913
11.84074	-2.9782
11.85979	-3.41768
11.87885	-3.02596
11.8979	-1.99453
11.91695	-0.64358
11.936	0.83004
11.95506	2.17665
11.97411	3.04695
11.99316	3.20006
12.01221	2.77533
12.03127	2.14002
12.05032	1.47631
12.06937	0.84111
12.08842	0.15037
12.10747	-0.76513
12.12653	-1.8248
12.14558	-2.8793
12.16463	-3.61085
12.18368	-3.66768
12.20274	-2.94898
12.22179	-1.782
12.24084	-0.41308
12.25989	1.01686
12.27894	2.13022
12.298	2.59658
12.31705	2.45545
12.3361	1.98355
12.35515	1.48571
12.37421	0.98908
12.39326	0.39073
12.41231	-0.39055
12.43136	-1.3946
12.45042	-2.47669
12.46947	-3.31135
12.48852	-3.50221
12.50757	-2.92619
12.52662	-1.81318
12.54568	-0.45561
12.56473	0.89111
12.58378	1.93683
12.60283	2.37649
12.62189	2.11491
12.64094	1.40561
12.65999	0.81688
12.67904	0.37442
12.69809	-0.09433
12.71715	-0.66408
12.7362	-1.49068
12.75525	-2.48022
12.7743	-3.36672
12.79336	-3.82803
12.81241	-3.64099
12.83146	-2.79595
12.85051	-1.56125
12.86957	-0.21714
12.88862	1.10707
12.90767	2.02973
12.92672	2.26943
12.94577	1.97758
12.96483	1.34895
12.98388	0.62747
13.00293	-0.11075
13.02198	-0.99472
13.04104	-1.99875
13.06009	-3.1407
13.07914	-4.24051
13.09819	-4.94802
13.11724	-4.8488
13.1363	-3.982
13.15535	-2.64587
13.1744	-1.15004
13.19345	0.24634
13.21251	1.2736
13.23156	1.69207
13.25061	1.53791
13.26966	0.95507
13.28872	0.31041
13.30777	-0.26962
13.32682	-0.93921
13.34587	-1.68703
13.36492	-2.6298
13.38398	-3.75566
13.40303	-4.76201
13.42208	-5.14159
13.44113	-4.68226
13.46019	-3.62702
13.47924	-2.26186
13.49829	-0.86577
13.51734	0.30683
13.53639	0.97127
13.55545	1.00029
13.5745	0.55256
13.59355	-0.08934
13.6126	-0.77649
13.63166	-1.48854
13.65071	-2.29052
13.66976	-3.25533
13.68881	-4.30527
13.70787	-5.27873
13.72692	-5.7911
13.74597	-5.52945
13.76502	-4.5811
13.78407	-3.31793
13.80313	-1.99747
13.82218	-0.81095
13.84123	-0.0297
13.86028	0.15718
13.87934	-0.20007
13.89839	-0.75722
13.91744	-1.31619
13.93649	-1.87675
13.95554	-2.4675
13.9746	-3.22439
13.99365	-4.22408
14.0127	-5.36531
14.03175	-6.20821
14.05081	-6.34105
14.06986	-5.72667
14.08891	-4.64566
14.10796	-3.40656
14.12702	-2.16963
14.14607	-1.22517
14.16512	-0.86969
14.18417	-0.98244
14.20322	-1.43647
14.22228	-2.02704
14.24133	-2.56417
14.26038	-3.17184
14.27943	-3.9023
14.29849	-4.76557
14.31754	-5.74533
14.33659	-6.65316
14.35564	-7.01279
14.37469	-6.58451
14.39375	-5.647
14.4128	-4.45329
14.43185	-3.24299
14.4509	-2.2455
14.46996	-1.7007
14.48901	-1.72067
14.50806	-2.14199
14.52711	-2.70633
14.54617	-3.24193
14.56522	-3.78791
14.58427	-4.42911
14.60332	-5.29102
14.62237	-6.35669
14.64143	-7.40293
14.66048	-7.99115
14.67953	-7.79307
14.69858	-6.89745
14.71764	-5.64513
14.73669	-4.28567
14.75574	-2.99847
14.77479	-2.08383
14.79384	-1.85075
14.8129	-2.23244
14.83195	-2.90527
14.851	-3.58874
14.87005	-4.20734
14.88911	-4.84887
14.90816	-5.64147
14.92721	-6.60954
14.94626	-7.59878
14.96532	-8.2579
14.98437	-8.21298
15.00342	-7.42952
15.02247	-6.2664
15.04152	-4.98902
15.06058	-3.69282
15.07963	-2.61101
15.09868	-2.18347
15.11773	-2.34683
15.13679	-2.80999
15.15584	-3.3291
15.17489	-3.74529
15.19394	-4.18866
15.21299	-4.87042
15.23205	-5.82953
15.2511	-6.87285
15.27015	-7.71324
15.2892	-7.94362
15.30826	-7.37744
15.32731	-6.27816
15.34636	-4.96842
15.36541	-3.62098
15.38447	-2.42767
15.40352	-1.75388
15.42257	-1.7696
15.44162	-2.25888
15.46067	-2.88629
15.47973	-3.42085
15.49878	-3.90849
15.51783	-4.46487
15.53688	-5.19621
15.55594	-6.0891
15.57499	-6.90599
15.59404	-7.2482
15.61309	-6.86479
15.63214	-5.89863
15.6512	-4.69826
15.67025	-3.42234
15.6893	-2.1819
15.70835	-1.31253
15.72741	-1.04801
15.74646	-1.29717
15.76551	-1.75505
15.78456	-2.15735
15.80362	-2.52653
15.82267	-3.02553
15.84172	-3.7757
15.86077	-4.7049
15.87982	-5.67687
15.89888	-6.3212
15.91793	-6.28101
15.93698	-5.55028
15.95603	-4.4018
15.97509	-3.08844
15.99414	-1.74516
16.01319	-0.67416
16.03224	-0.2367
16.05129	-0.42096
16.07035	-0.91425
16.0894	-1.41536
16.10845	-1.83484
16.1275	-2.23261
16.14656	-2.77545
16.16561	-3.57378
16.18466	-4.47514
16.20371	-5.21063
16.22277	-5.42666
16.24182	-4.99075
16.26087	-4.05938
16.27992	-2.90903
16.29897	-1.69529
16.31803	-0.55844
16.33708	0.16377
16.35613	0.29507
16.37518	0.05815
16.39424	-0.29086
16.41329	-0.62446
16.43234	-0.99419
16.45139	-1.5293
16.47044	-2.33756
16.4895	-3.33947
16.50855	-4.27454
16.5276	-4.77766
16.54665	-4.56876
16.56571	-3.75351
16.58476	-2.65748
16.60381	-1.46006
16.62286	-0.21015
16.64191	0.66431
16.66097	0.89358
16.68002	0.63706
16.69907	0.17211
16.71812	-0.23902
16.73718	-0.57276
16.75623	-0.9886
16.77528	-1.64755
16.79433	-2.51569
16.81339	-3.39262
16.83244	-4.04044
16.85149	-4.08424
16.87054	-3.47746
16.88959	-2.47333
16.90865	-1.27601
16.9277	-0.03811
16.94675	0.9702
16.9658	1.4617
16.98486	1.41482
17.00391	1.07701
17.02296	0.6699
17.04201	0.22454
17.06106	-0.31985
17.08012	-1.01645
17.09917	-1.89911
17.11822	-2.8611
17.13727	-3.63014
17.15633	-3.81965
17.17538	-3.25792
17.19443	-2.16313
17.21348	-0.81651
17.23254	0.42876
17.25159	1.39931
17.27064	1.88743
17.28969	1.75921
17.30874	1.31547
17.3278	0.80016
17.34685	0.3358
17.3659	-0.13227
17.38495	-0.65863
17.40401	-1.31355
17.42306	-2.11521
17.44211	-2.90317
17.46116	-3.36837
17.48021	-3.16946
17.49927	-2.33527
17.51832	-1.15021
17.53737	0.12109
17.55642	1.33004
17.57548	2.20144
17.59453	2.48451
17.61358	2.28116
17.63263	1.82994
17.65169	1.29951
17.67074	0.7076
17.68979	0.04625
17.70884	-0.74227
17.72789	-1.66288
17.74695	-2.58194
17.766	-3.20777
17.78505	-3.17597
17.8041	-2.42232
17.82316	-1.20971
17.84221	0.07112
17.86126	1.27684
17.88031	2.165
17.89936	2.47909
17.91842	2.30257
17.93747	1.87326
17.95652	1.3982
17.97557	0.93292
17.99463	0.47633
18.01368	-0.10558
18.03273	-0.86951
18.05178	-1.8033
18.07084	-2.6514
18.08989	-2.98104
18.10894	-2.57955
18.12799	-1.60553
18.14704	-0.36579
18.1661	0.92728
18.18515	2.03198
18.2042	2.67637
18.22325	2.71032
18.24231	2.30882
18.26136	1.73742
18.28041	1.16241
18.29946	0.55935
18.31851	-0.11306
18.33757	-0.90837
18.35662	-1.80119
18.37567	-2.61291
18.39472	-2.99796
18.41378	-2.65082
18.43283	-1.66842
18.45188	-0.48775
18.47093	0.69362
18.48999	1.75271
18.50904	2.4506
18.52809	2.61671
18.54714	2.30617
18.56619	1.78333
18.58525	1.24879
18.6043	0.76179
18.62335	0.24444
18.6424	-0.40593
18.66146	-1.28013
18.68051	-2.27625
18.69956	-3.01486
18.71861	-3.07655
18.73766	-2.41769
18.75672	-1.29439
18.77577	0.01458
18.79482	1.32271
18.81387	2.3515
18.83293	2.81461
18.85198	2.69022
18.87103	2.20714
18.89008	1.63946
18.90914	1.07821
18.92819	0.53494
18.94724	-0.10203
18.96629	-0.90868
18.98534	-1.83346
19.0044	-2.63236
19.02345	-2.92136
19.0425	-2.48638
19.06155	-1.55249
19.08061	-0.4387
19.09966	0.66836
19.11871	1.61345
19.13776	2.15764
19.15681	2.18553
19.17587	1.86179
19.19492	1.43324
19.21397	1.0339
19.23302	0.66755
19.25208	0.19665
19.27113	-0.52062
19.29018	-1.48033
19.30923	-2.44455
19.32829	-3.01532
19.34734	-2.88126
19.36639	-2.03581
19.38544	-0.85609
19.40449	0.36341
19.42355	1.53109
19.4426	2.33489
19.46165	2.57639
19.4807	2.32843
19.49976	1.85879
19.51881	1.3703
19.53786	0.91816
19.55691	0.44696
19.57596	-0.20116
19.59502	-1.05044
19.61407	-1.99953
19.63312	-2.71696
19.65217	-2.85013
19.67123	-2.26258
19.69028	-1.30681
19.70933	-0.23148
19.72838	0.89798
19.74744	1.79205
19.76649	2.21126
19.78554	2.17687
19.80459	1.85768
19.82364	1.43545
19.8427	1.06012
19.86175	0.66223
19.8808	0.05679
19.89985	-0.76539
19.91891	-1.72042
19.93796	-2.55423
19.95701	-2.84596
19.97606	-2.43148
19.99511	-1.51582
20.01417	-0.39923
20.03322	0.78577
20.05227	1.80371
20.07132	2.36271
20.09038	2.33075
20.10943	1.8924
20.12848	1.34952
20.14753	0.88738
20.16659	0.47928
20.18564	-0.01724
20.20469	-0.69648
20.22374	-1.54143
20.24279	-2.32499
20.26185	-2.68517
20.2809	-2.49356
20.29995	-1.78624
20.319	-0.79072
20.33806	0.2861
20.35711	1.37281
20.37616	2.15968
20.39521	2.38563
20.41426	2.12168
20.43332	1.68372
20.45237	1.28743
20.47142	0.89869
20.49047	0.395
20.50953	-0.33843
20.52858	-1.26345
20.54763	-2.21203
20.56668	-2.84643
20.58574	-2.89064
20.60479	-2.27083
20.62384	-1.25354
20.64289	-0.08261
20.66194	1.15418
20.681	2.10511
20.70005	2.45806
20.7191	2.22807
20.73815	1.73742
20.75721	1.24598
20.77626	0.84011
20.79531	0.41979
20.81436	-0.1758
20.83341	-0.98574
20.85247	-1.86928
20.87152	-2.62374
20.89057	-2.8932
20.90962	-2.51026
20.92868	-1.60841
20.94773	-0.47536
20.96678	0.72759
20.98583	1.79097
21.00489	2.43561
21.02394	2.51097
21.04299	2.18155
21.06204	1.75052
21.08109	1.32038
21.10015	0.83929
21.1192	0.21029
21.13825	-0.61823
21.1573	-1.58789
21.17636	-2.49764
21.19541	-2.98479
21.21446	-2.76383
21.23351	-1.91187
21.25256	-0.73801
21.27162	0.54191
21.29067	1.72067
21.30972	2.49071
21.32877	2.62708
21.34783	2.27364
21.36688	1.75184
21.38593	1.27564
21.40498	0.82938
21.42404	0.3044
21.44309	-0.35483
21.46214	-1.16389
21.48119	-2.01583
21.50024	-2.64883
21.5193	-2.72365
21.53835	-2.14152
21.5574	-1.13169
21.57645	0.07556
21.59551	1.32025
21.61456	2.33255
21.63361	2.83232
21.65266	2.78752
21.67171	2.4193
21.69077	1.96853
21.70982	1.47454
21.72887	0.88839
21.74792	0.13948
21.76698	-0.80278
21.78603	-1.80804
21.80508	-2.64309
21.82413	-2.94986
21.84319	-2.54986
21.86224	-1.62207
21.88129	-0.43832
21.90034	0.76228
21.91939	1.76066
21.93845	2.28613
21.9575	2.23722
21.97655	1.83479
21.9956	1.35944
22.01466	0.95069
22.03371	0.53959
22.05276	0.02579
22.07181	-0.66104
22.09086	-1.52041
22.10992	-2.41879
22.12897	-2.99226
22.14802	-2.89754
22.16707	-2.17667
22.18613	-1.09609
22.20518	0.13261
22.22423	1.31779
22.24328	2.18082
22.26234	2.49522
22.28139	2.27908
22.30044	1.80109
22.31949	1.23245
22.33854	0.62123
22.3576	-0.05134
22.37665	-0.85401
22.3957	-1.80738
22.41475	-2.74431
22.43381	-3.40007
22.45286	-3.43722
22.47191	-2.77669
22.49096	-1.70241
22.51001	-0.51709
22.52907	0.62692
22.54812	1.50471
22.56717	1.87282
22.58622	1.71977
22.60528	1.31157
22.62433	0.89412
22.64338	0.51603
22.66243	0.11304
22.68149	-0.38908
22.70054	-1.08719
22.71959	-1.96211
22.73864	-2.76344
22.75769	-3.06029
22.77675	-2.63296
22.7958	-1.63154
22.81485	-0.34568
22.8339	1.00482
22.85296	2.22006
22.87201	3.01171
22.89106	3.22906
22.91011	2.95155
22.92916	2.47981
22.94822	2.00323
22.96727	1.51234
22.98632	0.95772
23.00537	0.28924
23.02443	-0.47766
23.04348	-1.22064
23.06253	-1.58792
23.08158	-1.27132
23.10064	-0.31868
23.11969	0.9284
23.13874	2.23829
23.15779	3.49154
23.17684	4.45998
23.1959	4.91196
23.21495	4.89622
23.234	4.68311
23.25305	4.44094
23.27211	4.2201
23.29116	3.95096
23.31021	3.49272
23.32926	2.79412
23.34831	1.97968
23.36737	1.40477
23.38642	1.48207
23.40547	2.28658
23.42452	3.56034
23.44358	5.01552
23.46263	6.5101
23.48168	7.7591
23.50073	8.47505
23.51979	8.56964
23.53884	8.25108
23.55789	7.83192
23.57694	7.45035
23.59599	7.05453
23.61505	6.55516
23.6341	5.88703
23.65315	5.10675
23.6722	4.46172
23.69126	4.34323
23.71031	4.94802
23.72936	6.02727
23.74841	7.28221
23.76746	8.56145
23.78652	9.70251
23.80557	10.44641
23.82462	10.65374
23.84367	10.45351
23.86273	10.11679
23.88178	9.81252
23.90083	9.50965
23.91988	9.05835
23.93894	8.33861
23.95799	7.38709
23.97704	6.46744
23.99609	5.9495
24.01514	6.1686
24.0342	7.04691
24.05325	8.22647
24.0723	9.49314
24.09135	10.71206
24.11041	11.56439
24.12946	11.774
24.14851	11.40582
24.16756	10.7609
24.18661	10.11434
24.20567	9.5312
24.22472	8.90853
24.24377	8.15963
24.26282	7.21616
24.28188	6.2126
24.30093	5.46029
24.31998	5.31283
24.33903	5.80892
24.35809	6.69774
24.37714	7.72358
24.39619	8.76924
24.41524	9.61569
24.43429	9.97081
24.45335	9.77939
24.4724	9.25245
24.49145	8.6847
24.5105	8.14084
24.52956	7.51496
24.54861	6.66188
24.56766	5.56036
24.58671	4.34831
24.60576	3.30073
24.62482	2.83516
24.64387	3.11827
24.66292	3.93644
24.68197	5.01258
24.70103	6.14596
24.72008	7.13141
24.73913	7.60528
24.75818	7.42071
24.77723	6.78256
24.79629	6.03393
24.81534	5.38791
24.83439	4.78288
24.85344	4.0865
24.8725	3.23077
24.89155	2.237
24.9106	1.28471
24.92965	0.70604
24.94871	0.7803
24.96776	1.41681
24.98681	2.34651
25.00586	3.39031
25.02491	4.41796
25.04397	5.12921
25.06302	5.26423
25.08207	4.8825
25.10112	4.29425
25.12018	3.7097
25.13923	3.11868
25.15828	2.41786
25.17733	1.54615
25.19638	0.4963
25.21544	-0.55958
25.23449	-1.31093
25.25354	-1.40791
25.27259	-0.80025
25.29165	0.24506
25.3107	1.44978
25.32975	2.6651
25.3488	3.59884
25.36786	3.92527
25.38691	3.68576
25.40596	3.17433
25.42501	2.65509
25.44406	2.23201
25.46312	1.74781
25.48217	1.09492
25.50122	0.28057
25.52027	-0.64436
25.53933	-1.43056
25.55838	-1.74289
25.57743	-1.39699
25.59648	-0.52233
25.61553	0.64078
25.63459	1.88413
25.65364	3.01479
25.67269	3.71207
25.69174	3.80759
25.7108	3.4909
25.72985	3.03147
25.7489	2.5428
25.76795	2.03246
25.78701	1.4095
25.80606	0.61567
25.82511	-0.29637
25.84416	-1.14492
25.86321	-1.58086
25.88227	-1.31439
25.90132	-0.43214
25.92037	0.79502
25.93942	2.11973
25.95848	3.37109
25.97753	4.2225
25.99658	4.50662
26.01563	4.31681
26.03468	3.93639
26.05374	3.59968
26.07279	3.22734
26.09184	2.78278
26.11089	2.214
26.12995	1.46114
26.149	0.64426
26.16805	0.03795
26.1871	-0.02403
26.20616	0.59904
26.22521	1.69784
26.24426	3.02336
26.26331	4.40208
26.28236	5.55353
26.30142	6.15854
26.32047	6.20687
26.33952	5.91824
26.35857	5.49578
26.37763	5.07474
26.39668	4.5996
26.41573	4.0083
26.43478	3.27596
26.45383	2.4401
26.47289	1.74178
26.49194	1.57284
26.51099	2.10506
26.53004	3.1735
26.5491	4.46312
26.56815	5.7746
26.5872	6.89997
26.60625	7.59421
26.62531	7.74932
26.64436	7.5473
26.66341	7.24334
26.68246	6.893
26.70151	6.50399
26.72057	6.04621
26.73962	5.46143
26.75867	4.74282
26.77772	3.99832
26.79678	3.55475
26.81583	3.74752
26.83488	4.60003
26.85393	5.80547
26.87298	7.10481
26.89204	8.33158
26.91109	9.17871
26.93014	9.45006
26.94919	9.21945
26.96825	8.69724
26.9873	8.19274
27.00635	7.71543
27.0254	7.19238
27.04446	6.56366
27.06351	5.77437
27.08256	4.9073
27.10161	4.2966
27.12066	4.27615
27.13972	4.91852
27.15877	5.95284
27.17782	7.10994
27.19687	8.23495
27.21593	9.12721
27.23498	9.56161
27.25403	9.51312
27.27308	9.19217
27.29213	8.73387
27.31119	8.28607
27.33024	7.84972
27.34929	7.29641
27.36834	6.55868
27.3874	5.62528
27.40645	4.74366
27.4255	4.31921
27.44455	4.61766
27.46361	5.4713
27.48266	6.55036
27.50171	7.6793
27.52076	8.63029
27.53981	9.16798
27.55887	9.13697
27.57792	8.67752
27.59697	8.16406
27.61602	7.72207
27.63508	7.28711
27.65413	6.82746
27.67318	6.18517
27.69223	5.37966
27.71128	4.59201
27.73034	4.16143
27.74939	4.30804
27.76844	4.97862
27.78749	5.86937
27.80655	6.77152
27.8256	7.64214
27.84465	8.24211
27.8637	8.37237
27.88276	8.08609
27.90181	7.62243
27.92086	7.17065
27.93991	6.7926
27.95896	6.37748
27.97802	5.78266
27.99707	4.96991
28.01612	4.06053
28.03517	3.38366
28.05423	3.28426
28.07328	3.80951
28.09233	4.7169
28.11138	5.74811
28.13043	6.79062
28.14949	7.59562
28.16854	7.91438
28.18759	7.71597
28.20664	7.2757
28.2257	6.8146
28.24475	6.4225
28.2638	6.06759
28.28285	5.60485
28.30191	4.95707
28.32096	4.17805
28.34001	3.49164
28.35906	3.22525
28.37811	3.55499
28.39717	4.28914
28.41622	5.17437
28.43527	6.12714
28.45432	6.97358
28.47338	7.46991
28.49243	7.50544
28.51148	7.19273
28.53053	6.75924
28.54958	6.38463
28.56864	6.02928
28.58769	5.53945
28.60674	4.83718
28.62579	3.95418
28.64485	3.08919
28.6639	2.58413
28.68295	2.72794
28.702	3.44954
28.72106	4.44959
28.74011	5.5573
28.75916	6.63297
28.77821	7.39697
28.79726	7.58899
28.81632	7.2631
28.83537	6.74988
28.85442	6.26609
28.87347	5.84984
28.89253	5.41016
28.91158	4.8273
28.93063	4.04113
28.94968	3.18841
28.96873	2.57676
28.98779	2.50526
29.00684	3.00626
29.02589	3.86528
29.04494	4.8613
29.064	5.9001
29.08305	6.76744
29.1021	7.16946
29.12115	7.0403
29.14021	6.60102
29.15926	6.12809
29.17831	5.66988
29.19736	5.17639
29.21641	4.5174
29.23547	3.65246
29.25452	2.67871
29.27357	1.87258
29.29262	1.59392
29.31168	1.99578
29.33073	2.8933
29.34978	4.02604
29.36883	5.19952
29.38788	6.20916
29.40694	6.7513
29.42599	6.64338
29.44504	6.13753
29.46409	5.56744
29.48315	5.07936
29.5022	4.64267
29.52125	4.09731
29.5403	3.36254
29.55936	2.47245
29.57841	1.6417
29.59746	1.14895
29.61651	1.23937
29.63556	1.8838
29.65462	2.81044
29.67367	3.86072
29.69272	4.90595
29.71177	5.67849
29.73083	5.94767
29.74988	5.74602
29.76893	5.3297
29.78798	4.87537
29.80703	4.37886
29.82609	3.75234
29.84514	2.96882
29.86419	2.0396
29.88324	1.07762
29.9023	0.38941
29.92135	0.31682
29.9404	0.88135
29.95945	1.88953
29.97851	3.07283
29.99756	4.25269
30.01661	5.13499
30.03566	5.41186
30.05471	5.12742
30.07377	4.60874
30.09282	4.07983
30.11187	3.63049
30.13092	3.1706
30.14998	2.56898
30.16903	1.79994
30.18808	0.94401
30.20713	0.17639
30.22618	-0.18053
30.24524	0.116
30.26429	0.92094
30.28334	1.98734
30.30239	3.12815
30.32145	4.11455
30.3405	4.76504
30.35955	4.88971
30.3786	4.59622
30.39766	4.16418
30.41671	3.66891
30.43576	3.11295
30.45481	2.47012
30.47386	1.68435
30.49292	0.75878
30.51197	-0.11798
30.53102	-0.60553
30.55007	-0.43862
30.56913	0.36155
30.58818	1.49
30.60723	2.70178
30.62628	3.80707
30.64533	4.49677
30.66439	4.59525
30.68344	4.26055
30.70249	3.72613
30.72154	3.24131
30.7406	2.77632
30.75965	2.2301
30.7787	1.54685
30.79775	0.74922
30.81681	-0.1188
30.83586	-0.79582
30.85491	-0.89838
30.87396	-0.35261
30.89301	0.65507
30.91207	1.85821
30.93112	3.05759
30.95017	4.08058
30.96922	4.59519
30.98828	4.54364
31.00733	4.16527
31.02638	3.662
31.04543	3.12787
31.06448	2.56792
31.08354	1.93196
31.10259	1.12839
31.12164	0.2164
31.14069	-0.58024
31.15975	-0.92151
31.1788	-0.55821
31.19785	0.35965
31.2169	1.51202
31.23596	2.7057
31.25501	3.7147
31.27406	4.29892
31.29311	4.35585
31.31216	4.02329
31.33122	3.58855
31.35027	3.16292
31.36932	2.72706
31.38837	2.20722
31.40743	1.53351
31.42648	0.64366
31.44553	-0.30118
31.46458	-0.93467
31.48363	-0.88907
31.50269	-0.17806
31.52174	0.90469
31.54079	2.11482
31.55984	3.34198
31.5789	4.30381
31.59795	4.70126
31.617	4.54759
31.63605	4.08284
31.65511	3.57703
31.67416	3.10078
31.69321	2.57686
31.71226	1.91413
31.73131	1.08546
31.75037	0.17001
31.76942	-0.55889
31.78847	-0.6783
31.80752	-0.105
31.82658	0.89425
31.84563	2.02401
31.86468	3.1057
31.88373	3.96245
31.90278	4.3721
31.92184	4.25511
31.94089	3.84129
31.95994	3.34553
31.97899	2.8519
31.99805	2.34112
32.0171	1.74369
32.03615	0.95096
32.0552	-3.02484E-4
32.07426	-0.86047
32.09331	-1.25835
32.11236	-0.91409
32.13141	0.00209
32.15046	1.19359
32.16952	2.51104
32.18857	3.74461
32.20762	4.5306
32.22667	4.70265
32.24573	4.33507
32.26478	3.76592
32.28383	3.23427
32.30288	2.71732
32.32193	2.09785
32.34099	1.29865
32.36004	0.33595
32.37909	-0.63193
32.39814	-1.22205
32.4172	-1.12629
32.43625	-0.40651
32.4553	0.61542
32.47435	1.69445
32.4934	2.75267
32.51246	3.53329
32.53151	3.76431
32.55056	3.48643
32.56961	2.95952
32.58867	2.45309
32.60772	2.00749
32.62677	1.49809
32.64582	0.79183
32.66488	-0.14373
32.68393	-1.13682
32.70298	-1.8503
32.72203	-1.92265
32.74108	-1.26232
32.76014	-0.1403
32.77919	1.10455
32.79824	2.37046
32.81729	3.41027
32.83635	3.86793
32.8554	3.7196
32.87445	3.21202
32.8935	2.62138
32.91255	2.09708
32.93161	1.60295
32.95066	1.00436
32.96971	0.21111
32.98876	-0.69935
33.00782	-1.4719
33.02687	-1.74876
33.04592	-1.36227
33.06497	-0.49776
33.08403	0.61058
33.10308	1.7884
33.12213	2.86297
33.14118	3.54302
33.16023	3.6361
33.17929	3.27833
33.19834	2.78631
33.21739	2.33549
33.23644	1.84118
33.2555	1.1822
33.27455	0.3149
33.2936	-0.7054
33.31265	-1.67991
33.3317	-2.2433
33.35076	-2.11022
33.36981	-1.32762
33.38886	-0.20569
33.40791	1.06951
33.42697	2.29361
33.44602	3.14964
33.46507	3.34155
33.48412	2.9624
33.50318	2.37523
33.52223	1.81787
33.54128	1.31647
33.56033	0.77336
33.57938	0.10005
33.59844	-0.74469
33.61749	-1.61837
33.63654	-2.2424
33.65559	-2.33815
33.67465	-1.79477
33.6937	-0.82958
33.71275	0.33143
33.7318	1.55168
33.75085	2.57866
33.76991	3.10594
33.78896	3.07162
33.80801	2.69372
33.82706	2.25347
33.84612	1.78471
33.86517	1.21499
33.88422	0.44256
33.90327	-0.52142
33.92233	-1.5994
33.94138	-2.52019
33.96043	-2.90263
33.97948	-2.56762
33.99853	-1.69011
34.01759	-0.54723
34.03664	0.64331
34.05569	1.64008
34.07474	2.14599
34.0938	2.01976
34.11285	1.46004
34.1319	0.81798
34.15095	0.26581
34.17	-0.24763
34.18906	-0.86312
34.20811	-1.61987
34.22716	-2.51911
34.24621	-3.37999
34.26527	-3.90166
34.28432	-3.79448
34.30337	-3.07522
34.32242	-2.01546
34.34148	-0.81657
34.36053	0.37263
34.37958	1.25076
34.39863	1.53871
34.41768	1.29743
34.43674	0.80651
34.45579	0.24438
34.47484	-0.36778
34.49389	-1.0891
34.51295	-1.98998
34.532	-3.05925
34.55105	-4.15731
34.5701	-4.99457
34.58915	-5.22052
34.60821	-4.75503
34.62726	-3.82375
34.64631	-2.69119
34.66536	-1.55394
34.68442	-0.69724
34.70347	-0.38822
34.72252	-0.61388
34.74157	-1.10604
34.76063	-1.62935
34.77968	-2.11073
34.79873	-2.60797
34.81778	-3.21242
34.83683	-3.95094
34.85589	-4.80497
34.87494	-5.60593
34.89399	-5.96262
34.91304	-5.62032
34.9321	-4.70589
34.95115	-3.48657
34.9702	-2.18404
34.98925	-1.01559
35.0083	-0.26238
35.02736	-0.08579
35.04641	-0.36503
35.06546	-0.82719
35.08451	-1.33426
35.10357	-1.85774
35.12262	-2.46679
35.14167	-3.23341
35.16072	-4.15679
35.17978	-5.05611
35.19883	-5.61217
35.21788	-5.50352
35.23693	-4.73115
35.25598	-3.59602
35.27504	-2.34771
35.29409	-1.17707
35.31314	-0.35389
35.33219	-0.07795
35.35125	-0.28965
35.3703	-0.70014
35.38935	-1.12897
35.4084	-1.53582
35.42745	-1.98116
35.44651	-2.53454
35.46556	-3.25642
35.48461	-4.09725
35.50366	-4.74696
35.52272	-4.83607
35.54177	-4.21455
35.56082	-3.11233
35.57987	-1.76969
35.59893	-0.36664
35.61798	0.82662
35.63703	1.50985
35.65608	1.61296
35.67513	1.30607
35.69419	0.83888
35.71324	0.37113
35.73229	-0.11725
35.75134	-0.70655
35.7704	-1.44684
35.78945	-2.30819
35.8085	-3.08078
35.82755	-3.39339
35.8466	-2.98119
35.86566	-2.02031
35.88471	-0.83373
35.90376	0.36297
35.92281	1.42733
35.94187	2.09678
35.96092	2.2228
35.97997	1.9195
35.99902	1.47412
36.01808	1.04472
36.03713	0.63265
36.05618	0.14534
36.07523	-0.51576
36.09428	-1.3792
36.11334	-2.28585
36.13239	-2.85117
36.15144	-2.72756
36.17049	-1.91712
36.18955	-0.72826
36.2086	0.59694
36.22765	1.88964
36.2467	2.89105
36.26575	3.31046
36.28481	3.09543
36.30386	2.55755
36.32291	1.96801
36.34196	1.40609
36.36102	0.81338
36.38007	0.12917
36.39912	-0.73727
36.41817	-1.69533
36.43723	-2.4319
36.45628	-2.54871
36.47533	-1.95705
36.49438	-0.94588
36.51343	0.20313
36.53249	1.35096
36.55154	2.29859
36.57059	2.77547
36.58964	2.69037
36.6087	2.25417
36.62775	1.7575
36.6468	1.30003
36.66585	0.83268
36.6849	0.19507
36.70396	-0.68316
36.72301	-1.72163
36.74206	-2.64221
36.76111	-3.03376
36.78017	-2.64525
36.79922	-1.68727
36.81827	-0.4588
36.83732	0.82976
36.85638	1.99797
36.87543	2.74624
36.89448	2.83571
36.91353	2.39581
36.93258	1.75614
36.95164	1.15712
36.97069	0.62816
36.98974	0.06967
37.00879	-0.64793
37.02785	-1.54485
37.0469	-2.41686
37.06595	-2.90638
37.085	-2.72546
37.10405	-1.9327
37.12311	-0.85031
37.14216	0.3128
37.16121	1.43777
37.18026	2.29379
37.19932	2.58868
37.21837	2.33373
37.23742	1.81989
37.25647	1.31644
37.27553	0.83472
37.29458	0.264
37.31363	-0.50643
37.33268	-1.48612
37.35173	-2.50711
37.37079	-3.24832
37.38984	-3.31876
37.40889	-2.66914
37.42794	-1.56853
37.447	-0.27742
37.46605	1.03365
37.4851	2.09502
37.50415	2.56782
37.5232	2.40135
37.54226	1.87505
37.56131	1.30928
37.58036	0.84332
37.59941	0.38751
37.61847	-0.1878
37.63752	-0.95288
37.65657	-1.83231
37.67562	-2.59348
37.69468	-2.91427
37.71373	-2.5762
37.73278	-1.71682
37.75183	-0.5974
37.77088	0.62072
37.78994	1.7384
37.80899	2.46782
37.82804	2.60759
37.84709	2.27678
37.86615	1.80603
37.8852	1.34397
37.90425	0.84128
37.9233	0.18865
37.94235	-0.67441
37.96141	-1.67541
37.98046	-2.61575
37.99951	-3.1567
38.01856	-2.9974
38.03762	-2.18908
38.05667	-1.03113
38.07572	0.24712
38.09477	1.46523
38.11383	2.29179
38.13288	2.48766
38.15193	2.14347
38.17098	1.60878
38.19003	1.09446
38.20909	0.63005
38.22814	0.12513
38.24719	-0.53001
38.26624	-1.34027
38.2853	-2.16859
38.30435	-2.77733
38.3234	-2.85481
38.34245	-2.28381
38.3615	-1.2729
38.38056	-0.05062
38.39961	1.23205
38.41866	2.31271
38.43771	2.87285
38.45677	2.84351
38.47582	2.46393
38.49487	1.99566
38.51392	1.49789
38.53298	0.89985
38.55203	0.17208
38.57108	-0.72824
38.59013	-1.71955
38.60918	-2.57045
38.62824	-2.93191
38.64729	-2.61255
38.66634	-1.73305
38.68539	-0.57414
38.70445	0.64469
38.7235	1.70502
38.74255	2.30589
38.7616	2.31661
38.78065	1.9077
38.79971	1.39819
38.81876	0.94859
38.83781	0.4894
38.85686	-0.03971
38.87592	-0.71858
38.89497	-1.53577
38.91402	-2.362
38.93307	-2.90381
38.95213	-2.81061
38.97118	-2.06777
38.99023	-0.9609
39.00928	0.3138
39.02833	1.59602
39.04739	2.5598
39.06644	2.92095
39.08549	2.73252
39.10454	2.23841
39.1236	1.66181
39.14265	1.03585
39.1617	0.33839
39.18075	-0.46017
39.1998	-1.38282
39.21886	-2.3387
39.23791	-3.05437
39.25696	-3.2007
39.27601	-2.64713
39.29507	-1.59257
39.31412	-0.3645
39.33317	0.84634
39.35222	1.78265
39.37128	2.20342
39.39033	2.09213
39.40938	1.70162
39.42843	1.27521
39.44748	0.87623
39.46654	0.45923
39.48559	-0.08108
39.50464	-0.77067
39.52369	-1.60724
39.54275	-2.39934
39.5618	-2.7647
39.58085	-2.41947
39.5999	-1.49024
39.61895	-0.28257
39.63801	1.00763
39.65706	2.17179
39.67611	2.91374
39.69516	3.07793
39.71422	2.7458
39.73327	2.1918
39.75232	1.61037
39.77137	0.99849
39.79043	0.26948
39.80948	-0.58954
39.82853	-1.56697
39.84758	-2.5181
39.86663	-3.11745
39.88569	-3.04804
39.90474	-2.31331
39.92379	-1.24415
39.94284	-0.08855
39.9619	0.98987
39.98095	1.74169
40	1.92376
