Time	Amplitude
1	0.24471
2	0.43074
3	0.51375
4	0.47465
5	0.32423
6	0.10056
7	-0.1404
8	-0.33841
9	-0.44378
10	-0.42948
11	-0.2978
12	-0.07974
13	0.17251
14	0.39844
15	0.54393
16	0.57459
17	0.48414
18	0.29594
19	0.05728
20	-0.17218
21	-0.33504
22	-0.39022
23	-0.32298
24	-0.14857
25	0.09151
26	0.33972
27	0.53648
28	0.63485
29	0.61194
30	0.47458
31	0.25761
32	0.01537
33	-0.19164
34	-0.31152
35	-0.3137
36	-0.19646
37	0.01271
38	0.2638
39	0.49654
40	0.65514
41	0.70198
42	0.62679
43	0.44917
44	0.2138
45	-0.02048
46	-0.19513
47	-0.2662
48	-0.21509
49	-0.05312
50	0.18123
51	0.43177
52	0.63836
53	0.75159
54	0.74492
55	0.62117
56	0.41181
57	0.16928
58	-0.04586
59	-0.17978
60	-0.1985
61	-0.09627
62	0.10304
63	0.3518
64	0.59028
65	0.76124
66	0.824
67	0.76434
68	0.59803
69	0.36694
70	0.12881
71	-0.05692
72	-0.14362
73	-0.10891
74	0.03985
75	0.26737
76	0.5191
77	0.73455
78	0.86209
79	0.87163
80	0.76197
81	0.56109
82	0.3193
83	0.09691
84	-0.0505
85	-0.08572
86	9.83431E-4
87	0.1895
88	0.43479
89	0.6779
90	0.86042
91	0.93876
92	0.89484
93	0.74052
94	0.51467
95	0.27369
96	0.07765
97	-0.02435
98	-0.00625
99	0.12859
100	0.34824
101	0.59999
102	0.82329
103	0.96453
104	0.99019
105	0.89507
106	0.7035
107	0.46345
108	0.23474
109	0.07443
110	0.02281
111	0.09356
112	0.27041
113	0.51109
114	0.75771
115	0.95093
116	1.04446
117	1.01643
118	0.87473
119	0.65507
120	0.41224
121	0.20671
122	0.08981
123	0.09116
124	0.21144
125	0.4222
126	0.67282
127	0.90294
128	1.05721
129	1.09883
130	1.0186
131	0.83714
132	0.59984
133	0.36578
134	0.19323
135	0.12539
136	0.17983
137	0.34418
138	0.57914
139	0.82815
140	1.03116
141	1.13943
142	1.12736
143	0.99886
144	0.7863
145	0.54265
146	0.32848
147	0.19715
148	0.18171
149	0.28686
150	0.48775
151	0.73609
152	0.97198
153	1.13854
154	1.1959
155	1.13087
156	0.96027
157	0.72673
158	0.4883
159	0.30422
160	0.22041
161	0.25826
162	0.40934
163	0.63752
164	0.88776
165	1.09964
166	1.22211
167	1.22602
168	1.11124
169	0.90668
170	0.66324
171	0.44134
172	0.29611
173	0.26391
174	0.35342
175	0.54351
176	0.78844
177	1.02901
178	1.20711
179	1.2799
180	1.23033
181	1.07129
182	0.8425
183	0.60071
184	0.40587
185	0.30643
186	0.32748
187	0.46459
188	0.68493
189	0.93527
190	1.15505
191	1.29115
192	1.31099
193	1.21039
194	1.01469
195	0.7725
196	0.54381
197	0.38528
198	0.33642
199	0.40986
200	0.58829
201	0.82868
202	1.07284
203	1.26165
204	1.34952
205	1.31559
206	1.16879
207	0.94571
208	0.70159
209	0.49682
210	0.38216
211	0.38628
212	0.50878
213	0.72028
214	0.96959
215	1.19626
216	1.34537
217	1.381
218	1.295
219	1.10899
220	0.86909
221	0.63457
222	0.46342
223	0.39809
224	0.4551
225	0.62105
226	0.85582
227	1.10247
228	1.30112
229	1.40366
230	1.38548
231	1.25154
232	1.03513
233	0.78973
234	0.5759
235	0.44648
236	0.43363
237	0.54096
238	0.74267
239	0.98981
240	1.22234
241	1.38378
242	1.43502
243	1.36398
244	1.18846
245	0.95186
246	0.71254
247	0.52949
248	0.44794
249	0.48826
250	0.64096
251	0.86906
252	1.11709
253	1.32469
254	1.44142
255	1.43905
256	1.31853
257	1.10973
258	0.8641
259	0.64213
260	0.49851
261	0.46872
262	0.56038
263	0.75138
264	0.99526
265	1.23261
266	1.40563
267	1.47225
268	1.41645
269	1.25217
270	1.01991
271	0.77681
272	0.58265
273	0.48523
274	0.50865
275	0.64743
276	0.86783
277	1.11612
278	1.33174
279	1.46213
280	1.47557
281	1.36899
282	1.16869
283	0.9239
284	0.69475
285	0.53754
286	0.49093
287	0.56651
288	0.74595
289	0.98547
290	1.22659
291	1.41042
292	1.4921
293	1.45178
294	1.29945
295	1.07253
296	0.82671
297	0.62229
298	0.50941
299	0.51583
300	0.64006
301	0.85177
302	1.09923
303	1.32191
304	1.46537
305	1.49455
306	1.40237
307	1.21144
308	0.96857
309	0.73324
310	0.56313
311	0.49989
312	0.55905
313	0.72612
314	0.96023
315	1.20404
316	1.39787
317	1.49425
318	1.46958
319	1.32986
320	1.10929
321	0.86183
322	0.64803
323	0.52019
324	0.50956
325	0.61869
326	0.82079
327	1.06632
328	1.29507
329	1.45097
330	1.49576
331	1.41838
332	1.23767
333	0.99777
334	0.75731
335	0.57504
336	0.49546
337	0.53792
338	0.6919
339	0.91955
340	1.16499
341	1.36796
342	1.47862
343	1.4697
344	1.34322
345	1.12996
346	0.88195
347	0.65972
348	0.51749
349	0.48987
350	0.58342
351	0.77502
352	1.01753
353	1.25136
354	1.41902
355	1.47922
356	1.41698
357	1.24729
358	1.01143
359	0.76689
360	0.57327
361	0.4777
362	0.5033
363	0.64351
364	0.86372
365	1.1097
366	1.32093
367	1.44539
368	1.45228
369	1.33959
370	1.13459
371	0.88713
372	0.65746
373	0.50147
374	0.45699
375	0.53455
376	0.71481
377	0.95326
378	1.19114
379	1.36984
380	1.4452
381	1.39839
382	1.24047
383	1.00971
384	0.76218
385	0.55807
386	0.44695
387	0.45558
388	0.58142
389	0.79322
390	1.03869
391	1.25726
392	1.39498
393	1.41765
394	1.31927
395	1.12345
396	0.87765
397	0.64157
398	0.47251
399	0.41139
400	0.47265
401	0.6408
402	0.87415
403	1.11505
404	1.304
405	1.39421
406	1.36306
407	1.21763
408	0.99299
409	0.74358
410	0.52991
411	0.40374
412	0.39539
413	0.50632
414	0.70881
415	0.95269
416	1.17767
417	1.32806
418	1.36645
419	1.28283
420	1.09707
421	0.85403
422	0.61259
423	0.43125
424	0.35377
425	0.39848
426	0.55379
427	0.78104
428	1.02393
429	1.22234
430	1.32702
431	1.31169
432	1.17941
433	0.96191
434	0.71174
435	0.48948
436	0.34884
437	0.32356
438	0.41913
439	0.61144
440	0.8527
441	1.08311
442	1.24554
443	1.2995
444	1.23104
445	1.05619
446	0.81701
447	0.57131
448	0.37851
449	0.28504
450	0.31303
451	0.45486
452	0.67503
453	0.91887
454	1.12588
455	1.24461
456	1.24519
457	1.12669
458	0.91731
459	0.66752
460	0.43767
461	0.28322
462	0.24116
463	0.32098
464	0.50229
465	0.73989
466	0.97475
467	1.14855
468	1.21787
469	1.16491
470	1.00177
471	0.76753
472	0.51869
473	0.31531
474	0.2063
475	0.21748
476	0.34524
477	0.5574
478	0.80115
479	1.0159
480	1.14819
481	1.16471
482	1.06054
483	0.86025
484	0.61198
485	0.37559
486	0.20804
487	0.14942
488	0.21317
489	0.38273
490	0.61566
491	0.85398
492	1.03841
493	1.12284
494	1.08564
495	0.93497
496	0.70675
497	0.4559
498	0.24287
499	0.11884
500	0.11321
501	0.22637
502	0.42963
503	0.67225
504	0.89384
505	1.03914
506	1.07158
507	0.98223
508	0.79196
509	0.54633
510	0.30449
511	0.12462
512	0.04975
513	0.09719
514	0.25429
515	0.48157
516	0.72235
517	0.91664
518	1.01584
519	0.99462
520	0.85712
521	0.63597
522	0.38427
523	0.16257
524	0.02412
525	0.00173
526	0.09984
527	0.29336
528	0.53383
529	0.76131
530	0.91904
531	0.9673
532	0.89322
533	0.71384
534	0.47199
535	0.2258
536	0.03446
537	-0.05629
538	-0.02532
539	0.11868
540	0.33936
541	0.58158
542	0.78492
543	0.8985
544	0.89339
545	0.76973
546	0.55667
547	0.30526
548	0.07593
549	-0.0763
550	-0.11528
551	-0.03261
552	0.15036
553	0.38767
554	0.6201
555	0.7896
556	0.85352
557	0.79508
558	0.62743
559	0.39048
560	0.14108
561	-0.06085
562	-0.16703
563	-0.15261
564	-0.0223
565	0.19086
566	0.4335
567	0.64506
568	0.77257
569	0.78365
570	0.67441
571	0.47043
572	0.22048
573	-0.01543
574	-0.1807
575	-0.23606
576	-0.16913
577	0.00252
578	0.23569
579	0.47209
580	0.65267
581	0.73203
582	0.68954
583	0.53441
584	0.30345
585	0.05199
586	-0.15958
587	-0.28067
588	-0.28283
589	-0.16671
590	0.03803
591	0.28008
592	0.49898
593	0.63991
594	0.66719
595	0.57291
596	0.37896
597	0.13161
598	-0.10978
599	-0.28732
600	-0.35876
601	-0.30781
602	-0.14817
603	0.07987
604	0.31927
605	0.51019
606	0.60468
607	0.57838
608	0.43652
609	0.21261
610	-0.03974
611	-0.25997
612	-0.39538
613	-0.41403
614	-0.31259
615	-0.1171
616	0.12336
617	0.34867
618	0.50247
619	0.54587
620	0.46702
621	0.28401
622	0.04042
623	-0.20533
624	-0.3943
625	-0.48145
626	-0.44666
627	-0.29968
628	-0.0777
629	0.16368
630	0.36416
631	0.47342
632	0.46349
633	0.33557
634	0.11977
635	-0.13232
636	-0.36018
637	-0.50926
638	-0.54428
639	-0.45788
640	-0.27245
641	-0.03461
642	0.1962
643	0.36224
644	0.42163
645	0.35862
646	0.18741
647	-0.0513
648	-0.30028
649	-0.4998
650	-0.60221
651	-0.58368
652	-0.44994
653	-0.23496
654	0.00741
655	0.21662
656	0.34023
657	0.34676
658	0.23341
659	0.02671
660	-0.22394
661	-0.45837
662	-0.62041
663	-0.67158
664	-0.60056
665	-0.42595
666	-0.19171
667	0.04363
668	0.22123
669	0.29641
670	0.24956
671	0.09097
672	-0.14175
673	-0.39281
674	-0.60193
675	-0.71911
676	-0.71685
677	-0.59689
678	-0.3898
679	-0.14746
680	0.06961
681	0.20708
682	0.23011
683	0.13187
684	-0.06475
685	-0.3128
686	-0.55272
687	-0.72695
688	-0.79399
689	-0.73861
690	-0.57554
691	-0.34586
692	-0.10698
693	0.08145
694	0.17215
695	0.14173
696	-0.0035
697	-0.22915
698	-0.48112
699	-0.69888
700	-0.83025
701	-0.84422
702	-0.73852
703	-0.54017
704	-0.29887
705	-0.07483
706	0.07594
707	0.11541
708	0.03278
709	-0.15285
710	-0.39716
711	-0.64146
712	-0.82705
713	-0.90962
714	-0.87007
715	-0.71919
716	-0.49504
717	-0.25361
718	-0.05512
719	0.05074
720	0.03694
721	-0.09424
722	-0.31177
723	-0.5635
724	-0.78887
725	-0.9338
726	-0.9639
727	-0.87286
728	-0.68407
729	-0.44482
730	-0.21476
731	-0.05129
732	0.0045
733	-0.06212
734	-0.23588
735	-0.47532
736	-0.72287
737	-0.91896
738	-1.01663
739	-0.99303
740	-0.85497
741	-0.63729
742	-0.39432
743	-0.18659
744	-0.06599
745	-0.06306
746	-0.17955
747	-0.38796
748	-0.63828
749	-0.87023
750	-1.02804
751	-1.07407
752	-0.99806
753	-0.81961
754	-0.58342
755	-0.34829
756	-0.1728
757	-0.10088
758	-0.15113
759	-0.31223
760	-0.5457
761	-0.79535
762	-1.00103
763	-1.11333
764	-1.10574
765	-0.98105
766	-0.77075
767	-0.52727
768	-0.31117
769	-0.1763
770	-0.15661
771	-0.25786
772	-0.45618
773	-0.70394
774	-0.94141
775	-1.11135
776	-1.17307
777	-1.11236
778	-0.945
779	-0.71286
780	-0.47366
781	-0.28687
782	-0.1991
783	-0.23272
784	-0.38039
785	-0.60681
786	-0.85743
787	-1.07175
788	-1.19815
789	-1.20655
790	-1.09573
791	-0.89369
792	-0.65073
793	-0.42717
794	-0.27859
795	-0.24218
796	-0.3277
797	-0.51502
798	-0.75909
799	-1.00098
800	-1.18226
801	-1.25936
802	-1.21419
803	-1.05861
804	-0.83149
805	-0.58924
806	-0.39193
807	-0.28865
808	-0.30546
809	-0.43901
810	-0.65735
811	-0.90779
812	-1.12976
813	-1.26966
814	-1.29398
815	-1.1975
816	-1.00457
817	-0.76315
818	-0.53308
819	-0.3714
820	-0.3184
821	-0.38777
822	-0.56322
823	-0.8025
824	-1.04771
825	-1.23949
826	-1.33159
827	-1.30212
828	-1.15897
829	-0.93785
830	-0.69356
831	-0.48657
832	-0.36821
833	-0.3681
834	-0.4869
835	-0.69616
836	-0.94529
837	-1.1739
838	-1.32665
839	-1.36674
840	-1.28498
841	-1.10198
842	-0.86314
843	-0.62754
844	-0.45344
845	-0.38405
846	-0.43693
847	-0.59971
848	-0.83311
849	-1.08052
850	-1.28194
851	-1.3886
852	-1.37493
853	-1.24481
854	-1.03063
855	-0.78536
856	-0.56957
857	-0.43661
858	-0.41954
859	-0.52305
860	-0.72229
861	-0.96897
862	-1.20319
863	-1.36809
864	-1.42376
865	-1.35705
866	-1.18475
867	-0.94952
868	-0.70939
869	-0.52361
870	-0.43811
871	-0.47425
872	-0.62362
873	-0.85007
874	-1.09858
875	-1.30872
876	-1.42945
877	-1.43161
878	-1.31507
879	-1.10875
880	-0.86355
881	-0.63989
882	-0.49289
883	-0.45892
884	-0.54666
885	-0.73497
886	-0.97811
887	-1.21688
888	-1.39317
889	-1.46415
890	-1.41276
891	-1.25191
892	-1.0213
893	-0.77768
894	-0.58102
895	-0.47976
896	-0.49898
897	-0.63426
898	-0.85276
899	-1.10126
900	-1.31917
901	-1.45342
902	-1.47138
903	-1.36891
904	-1.17134
905	-0.92728
906	-0.69671
907	-0.53631
908	-0.48557
909	-0.55713
910	-0.73367
911	-0.97217
912	-1.21444
913	-1.40134
914	-1.48729
915	-1.45144
916	-1.30273
917	-1.07773
918	-0.83169
919	-0.62501
920	-0.50842
921	-0.51062
922	-0.6312
923	-0.84077
924	-1.08814
925	-1.31286
926	-1.46002
927	-1.4937
928	-1.40574
929	-1.21778
930	-0.97592
931	-0.73945
932	-0.56634
933	-0.49905
934	-0.55411
935	-0.71809
936	-0.9509
937	-1.19557
938	-1.39225
939	-1.4928
940	-1.47264
941	-1.33671
942	-1.11831
943	-0.87092
944	-0.65511
945	-0.52371
946	-0.50887
947	-0.61422
948	-0.81393
949	-1.05908
950	-1.28961
951	-1.44904
952	-1.49827
953	-1.42521
954	-1.24768
955	-1.00908
956	-0.76775
957	-0.5827
958	-0.49914
959	-0.53746
960	-0.68816
961	-0.91424
962	-1.16025
963	-1.36583
964	-1.48053
965	-1.47614
966	-1.3536
967	-1.14277
968	-0.89512
969	-0.67113
970	-0.52549
971	-0.49368
972	-0.58333
973	-0.77231
974	-1.01416
975	-1.24949
976	-1.42048
977	-1.48506
978	-1.42722
979	-1.26091
980	-1.02662
981	-0.78149
982	-0.58531
983	-0.48587
984	-0.50727
985	-0.64403
986	-0.8624
987	-1.10867
988	-1.32226
989	-1.45061
990	-1.46202
991	-1.35341
992	-1.15107
993	-0.90426
994	-0.67309
995	-0.51386
996	-0.46523
997	-0.5388
998	-0.71622
999	-0.95371
1000	-1.19281
1001	-1.37462
1002	-1.45428
1003	-1.41192
1004	-1.25757
1005	-1.02864
1006	-0.7808
1007	-0.57437
1008	-0.45949
1009	-0.4639
1010	-0.58612
1011	-0.79583
1012	-1.04128
1013	-1.26195
1014	-1.4034
1015	-1.43057
1016	-1.33638
1017	-1.14345
1018	-0.89857
1019	-0.66126
1020	-0.48915
1021	-0.42393
1022	-0.4811
1023	-0.6462
1024	-0.87831
1025	-1.12014
1026	-1.31198
1027	-1.40638
1028	-1.37971
1029	-1.23802
1030	-1.01546
1031	-0.76603
1032	-0.55027
1033	-0.42047
1034	-0.40789
1035	-0.51506
1036	-0.71521
1037	-0.95877
1038	-1.18557
1039	-1.33952
1040	-1.38235
1041	-1.30302
1042	-1.12036
1043	-0.87852
1044	-0.63612
1045	-0.45192
1046	-0.37042
1047	-0.41096
1048	-0.56302
1049	-0.78876
1050	-1.03227
1051	-1.23333
1052	-1.34207
1053	-1.33124
1054	-1.20284
1055	-0.98767
1056	-0.73777
1057	-0.51365
1058	-0.36953
1059	-0.34004
1060	-0.43171
1061	-0.62143
1062	-0.86207
1063	-1.09403
1064	-1.25982
1065	-1.31815
1066	-1.25404
1067	-1.08249
1068	-0.84478
1069	-0.59839
1070	-0.40293
1071	-0.30553
1072	-0.32931
1073	-0.4677
1074	-0.68608
1075	-0.93024
1076	-1.13965
1077	-1.26229
1078	-1.26736
1079	-1.15286
1080	-0.94606
1081	-0.69681
1082	-0.46536
1083	-0.30758
1084	-0.26133
1085	-0.33713
1086	-0.51563
1087	-0.75232
1088	-0.98844
1089	-1.16537
1090	-1.23898
1091	-1.19042
1092	-1.03076
1093	-0.79825
1094	-0.549
1095	-0.34318
1096	-0.23034
1097	-0.23727
1098	-0.36141
1099	-0.57151
1100	-0.81528
1101	-1.03216
1102	-1.16819
1103	-1.18918
1104	-1.08912
1105	-0.89163
1106	-0.64416
1107	-0.40643
1108	-0.23573
1109	-0.17297
1110	-0.2326
1111	-0.39912
1112	-0.63085
1113	-0.87013
1114	-1.05746
1115	-1.14606
1116	-1.1133
1117	-0.96627
1118	-0.74004
1119	-0.48905
1120	-0.27381
1121	-0.14607
1122	-0.13616
1123	-0.24555
1124	-0.44649
1125	-0.68883
1126	-0.91227
1127	-1.06112
1128	-1.09798
1129	-1.01284
1130	-0.82556
1131	-0.58102
1132	-0.33809
1133	-0.15526
1134	-0.0763
1135	-0.11954
1136	-0.2734
1137	-0.49918
1138	-0.74062
1139	-0.93757
1140	-1.04081
1141	-1.02404
1142	-0.89033
1143	-0.6714
1144	-0.41983
1145	-0.19616
1146	-0.05413
1147	-0.02747
1148	-0.12167
1149	-0.31261
1150	-0.55249
1151	-0.78154
1152	-0.94262
1153	-0.99523
1154	-0.92542
1155	-0.74923
1156	-0.50873
1157	-0.26172
1158	-0.06761
1159	0.02715
1160	4.39723E-4
1161	-0.14011
1162	-0.35902
1163	-0.60159
1164	-0.80734
1165	-0.92481
1166	-0.92414
1167	-0.80439
1168	-0.59379
1169	-0.34278
1170	-0.11172
1171	0.04393
1172	0.08717
1173	0.00854
1174	-0.1716
1175	-0.40803
1176	-0.64173
1177	-0.81437
1178	-0.88254
1179	-0.82843
1180	-0.66416
1181	-0.4288
1182	-0.17885
1183	0.02563
1184	0.13573
1185	0.12562
1186	-0.00106
1187	-0.21216
1188	-0.45485
1189	-0.66855
1190	-0.79978
1191	-0.81527
1192	-0.71006
1193	-0.50875
1194	-0.25947
1195	-0.02208
1196	0.14645
1197	0.20604
1198	0.14326
1199	-0.02535
1200	-0.25732
1201	-0.4947
1202	-0.67819
1203	-0.76168
1204	-0.72356
1205	-0.57197
1206	-0.34285
1207	-0.09111
1208	0.1228
1209	0.24769
1210	0.25418
1211	0.14187
1212	-0.06055
1213	-0.30234
1214	-0.52309
1215	-0.66757
1216	-0.6992
1217	-0.60904
1218	-0.41797
1219	-0.17157
1220	0.07105
1221	0.25167
1222	0.32728
1223	0.28058
1224	0.1242
1225	-0.10236
1226	-0.34242
1227	-0.536
1228	-0.6345
1229	-0.61258
1230	-0.4744
1231	-0.25258
1232	-2.18779E-4
1233	0.22212
1234	0.36121
1235	0.38421
1236	0.28671
1237	0.0938
1238	-0.14607
1239	-0.37296
1240	-0.5301
1241	-0.57779
1242	-0.50314
1243	-0.3232
1244	-0.08081
1245	0.1659
1246	0.35777
1247	0.44902
1248	0.41855
1249	0.27503
1250	0.05483
1251	-0.18692
1252	-0.3898
1253	-0.50292
1254	-0.49736
1255	-0.37326
1256	-0.15977
