1,3800,5000,14500,250
20,200,1000,0
   2.56    -3.42
   2.32    -2.56
   2.69    -3.05
   2.56    -3.17
   2.69    -3.42
   2.44    -4.03
   2.44    -3.42
   2.69    -3.42
   2.69    -4.15
   2.81    -4.76
   2.81    -4.76
   2.93    -5.37
   1.95    -5.37
   2.32    -6.23
   1.46    -7.08
   1.71    -7.93
   0.49    -8.67
  -0.24    -9.03
  -1.95    -9.03
  -2.93    -8.54
  -4.52    -8.91
  -4.76    -7.69
  -5.49    -6.84
  -5.86    -7.20
  -6.59    -6.84
  -7.57    -6.71
  -8.18    -5.86
  -9.64    -5.13
 -10.62    -3.66
 -10.74    -2.20
 -10.86    -0.37
  -9.77     0.61
  -9.03     2.20
  -8.30     2.93
  -8.06     3.42
  -6.96     4.15
  -6.35     4.52
  -5.37     4.27
  -4.03     4.27
  -4.03     4.03
  -3.91     3.91
  -3.78     4.15
  -3.54     4.27
  -3.42     3.42
  -3.30     3.66
  -3.05     3.78
  -2.93     3.91
  -3.17     3.91
  -2.69     4.39
  -2.69     4.64
  -2.32     4.03
  -2.44     4.52
  -2.32     4.52
  -2.32     4.39
  -2.20     5.00
  -1.46     4.88
  -1.22     5.00
  -1.46     5.49
  -1.83     5.25
  -1.59     5.37
  -1.46     5.37
  -0.98     5.86
  -1.46     6.23
  -0.98     6.96
  -0.85     7.08
  -0.49     7.81
   0.49     8.54
   1.34     9.64
   2.20     9.77
   3.17     9.64
   4.64    10.13
   6.84    10.25
   9.03     8.67
   9.28     7.32
  10.01     5.98
  10.01     5.25
   9.89     4.88
  10.50     4.15
  11.11     3.05
  12.08     1.71
  13.06     0.24
  12.33    -1.71
  10.86    -3.30
   9.40    -4.15
   8.91    -4.52
   7.45    -4.76
   6.96    -5.00
   6.10    -5.25
   5.74    -5.13
   5.00    -4.88
   4.15    -4.76
   3.78    -4.64
   4.03    -4.27
   3.78    -3.91
   4.15    -3.78
   4.03    -4.15
   4.52    -4.27
   3.91    -4.39
   3.78    -4.52
   3.91    -4.64
   3.78    -4.64
   3.66    -5.00
   3.54    -5.00
   3.78    -5.25
   3.54    -5.86
   3.66    -5.49
   3.66    -5.86
   2.93    -6.23
   3.30    -6.47
   2.93    -6.71
   2.32    -7.08
   2.44    -6.96
   2.81    -7.20
   2.32    -7.45
   2.08    -8.79
   1.83    -9.40
   1.95    -9.89
   0.73   -10.62
   0.49   -11.60
  -0.98   -12.82
  -2.08   -12.57
  -4.15   -14.04
  -6.23   -13.79
  -8.91   -12.82
 -10.86   -11.60
 -12.45   -10.25
 -12.94    -7.93
 -13.31    -6.59
 -13.31    -5.62
 -13.55    -4.15
 -13.31    -2.81
 -14.28    -1.22
 -14.16     0.85
 -13.06     2.20
 -11.23     3.91
  -9.16     4.52
  -8.42     4.64
  -6.84     4.15
  -6.35     3.05
  -6.23     2.08
  -7.08     2.44
  -7.08     1.95
  -7.45     2.32
  -7.32     2.56
  -8.06     2.93
  -7.93     3.05
  -8.06     3.91
  -8.18     4.39
  -8.18     5.13
  -8.30     5.86
  -7.69     6.35
  -7.32     6.71
  -6.71     6.71
  -6.47     7.20
  -6.35     7.69
  -7.08     7.93
  -6.71     8.91
  -6.35     9.52
  -6.10     9.64
  -5.37    10.74
  -5.37    11.72
  -4.88    11.72
  -3.78    12.45
  -3.54    12.82
  -2.81    13.67
  -2.44    14.04
  -0.73    15.01
  -0.37    15.75
   0.37    15.99
   1.83    16.72
   2.81    18.07
   4.15    18.31
   6.59    20.14
   9.52    19.29
  12.08    19.53
  15.75    18.92
  18.68    16.48
  20.51    13.92
  21.73    10.74
  21.85     7.93
  22.22     5.74
  21.97     4.03
  22.09     1.59
  21.73    -0.24
  20.63    -2.32
  19.41    -4.76
  17.94    -6.10
  15.63    -6.59
  14.04    -6.23
  13.06    -5.86
  12.82    -5.37
  12.94    -4.76
  13.43    -5.25
  13.67    -5.13
  13.92    -5.62
  14.40    -6.23
  15.14    -7.69
  14.77    -8.67
  15.38    -9.52
  14.65   -10.99
  14.40   -12.57
  12.94   -13.31
  12.08   -14.65
  10.86   -14.89
  10.25   -15.87
   9.28   -15.75
   8.18   -15.75
   8.06   -16.60
   7.69   -17.33
   6.47   -17.70
   6.71   -18.43
   5.86   -19.53
   5.00   -20.51
   3.30   -21.24
   3.30   -22.34
   0.61   -22.95
  -0.98   -24.05
  -2.32   -24.05
  -3.42   -24.66
  -5.37   -24.54
  -7.08   -25.39
  -8.18   -25.51
 -10.62   -26.00
 -12.57   -27.10
 -15.50   -27.47
 -19.04   -27.95
 -23.44   -27.59
 -28.81   -25.63
 -33.57   -22.34
 -36.99   -17.70
 -38.94   -11.35
 -38.09    -6.10
 -36.99    -1.59
 -36.13     1.22
 -34.67     3.91
 -33.33     6.71
 -32.35     9.77
 -29.91    12.08
 -26.73    14.65
 -24.17    15.38
 -21.48    15.01
 -19.78    14.89
 -18.92    14.16
 -17.94    14.04
 -18.43    14.40
 -17.94    14.04
 -19.17    15.01
 -18.68    15.99
 -19.04    16.85
 -18.92    18.80
 -17.70    20.75
 -17.46    22.71
 -15.63    23.80
 -13.43    25.63
 -11.72    26.73
  -9.89    26.61
  -8.06    27.10
  -7.32    27.10
  -5.74    27.47
  -4.88    28.44
  -4.03    28.44
  -2.93    28.81
  -2.08    30.27
  -0.98    31.25
   0.37    32.71
   2.93    33.69
   5.13    35.40
   8.18    35.40
  10.38    36.13
  13.43    36.62
  16.24    36.50
  18.31    36.87
  21.61    36.87
  24.90    37.96
  28.93    37.35
  34.06    37.11
  39.31    36.01
  45.17    33.94
  51.03    30.52
  56.88    24.41
  61.40    18.31
  65.19     9.89
  67.38     0.98
  65.80    -8.30
  63.11   -16.97
  56.88   -23.07
  51.27   -27.95
  46.39   -31.37
  41.50   -33.45
  37.23   -35.52
  31.25   -35.77
  26.61   -36.50
  22.83   -35.28
  20.02   -32.84
  18.80   -31.86
  18.07   -30.03
  17.70   -29.54
  18.07   -29.05
  18.55   -30.03
  18.80   -31.25
  18.80   -33.33
  17.94   -36.01
  16.24   -38.21
  13.79   -40.53
  10.38   -42.11
   7.69   -42.72
   5.13   -42.97
   2.08   -43.21
  -0.12   -43.33
  -2.20   -42.85
  -3.54   -42.97
  -5.00   -43.09
  -6.10   -43.82
  -7.45   -45.17
 -10.01   -46.39
 -12.45   -47.97
 -15.63   -49.80
 -20.75   -51.03
 -24.78   -51.76
 -29.91   -51.51
 -34.42   -51.51
 -39.06   -50.05
 -44.31   -49.80
 -49.93   -48.10
 -55.79   -47.36
 -62.01   -44.43
 -69.34   -39.79
 -75.44   -35.64
 -82.28   -29.66
 -89.72   -21.73
 -95.70   -13.18
-100.34    -0.73
-102.42    13.55
-100.95    29.17
 -93.99    42.36
 -85.82    52.86
 -76.17    61.40
 -66.04    67.14
 -55.05    72.75
 -44.07    75.81
 -32.59    75.07
 -22.34    72.14
 -15.38    68.24
  -9.52    63.48
  -6.10    58.84
  -3.54    54.81
  -2.20    50.90
  -1.95    46.88
  -3.54    44.56
  -5.25    43.82
  -8.18    44.07
  -8.30    45.90
  -8.79    49.80
  -7.08    53.47
  -3.54    56.27
   0.37    59.08
   4.27    59.94
   8.18    60.18
  12.21    60.91
  15.50    60.42
  18.80    60.67
  22.34    60.42
  25.27    60.18
  27.83    61.16
  31.25    61.89
  34.91    63.48
  40.04    65.19
  47.12    65.80
  54.32    65.92
  61.89    64.21
  70.43    62.38
  79.10    59.08
  87.65    54.32
  95.70    47.85
 103.64    39.18
 109.13    30.27
 113.28    20.75
 116.46    11.96
 119.63     3.91
 125.12    -5.13
 131.10   -15.50
 137.45   -30.27
 141.36   -49.44
 139.40   -72.27
 130.00   -96.31
 112.30  -117.19
  88.50  -130.86
  64.58  -137.21
  42.48  -136.96
  24.66  -134.40
   8.06  -129.03
  -7.45  -123.05
 -20.75  -112.92
 -31.37  -100.95
 -37.35   -87.52
 -39.55   -74.71
 -38.21   -63.60
 -33.81   -55.18
 -28.69   -49.68
 -22.71   -46.63
 -17.70   -46.02
 -12.21   -48.58
  -9.03   -51.88
  -7.69   -58.35
  -9.89   -64.94
 -14.65   -71.04
 -21.61   -74.34
 -28.93   -75.20
 -33.94   -76.29
 -39.92   -76.42
 -46.26   -76.66
 -53.47   -77.15
 -61.16   -75.56
 -68.73   -72.27
 -75.20   -69.58
 -81.18   -66.28
 -87.65   -63.11
 -94.73   -61.16
-103.15   -56.27
-111.57   -51.64
-120.24   -44.56
-129.39   -35.64
-137.21   -26.25
-144.29   -14.53
-151.00    -1.34
-156.62    14.77
-160.52    31.74
-160.64    51.39
-156.13    71.78
-146.97    90.82
-134.52   106.32
-121.46   117.80
-110.23   125.61
-101.68   135.62
 -93.02   147.95
 -80.20   164.55
 -60.67   182.01
 -30.64   196.17
   6.23   200.68
  45.04   191.16
  76.54   168.46
  95.21   138.67
 101.44   109.25
  99.49    85.08
  93.51    67.87
  88.26    53.10
  81.91    41.26
  73.49    30.15
  63.35    20.63
  49.44    15.87
  35.52    15.87
  23.32    21.12
  14.77    30.76
  10.86    42.48
  12.21    55.30
  17.58    66.04
  26.61    75.32
  38.94    81.18
  52.25    83.62
  65.31    81.30
  75.93    76.42
  84.72    71.66
  91.67    67.14
 100.83    61.65
 109.86    55.54
 117.43    47.00
 124.15    37.48
 128.66    28.20
 132.45    18.19
 136.96     9.16
 141.11    -0.98
 144.53   -11.84
 146.24   -24.66
 147.95   -38.70
 147.71   -51.27
 146.73   -65.31
 144.78   -80.32
 141.36   -96.44
 134.89  -115.72
 123.41  -134.40
 106.81  -152.10
  84.35  -165.65
  59.45  -173.10
  34.18  -172.49
  13.79  -166.75
  -0.37  -159.42
 -11.47  -154.66
 -21.48  -154.30
 -37.11  -155.15
 -59.45  -153.56
 -85.82  -143.55
-110.60  -121.09
-126.22   -87.52
-125.24   -49.44
-107.79   -17.33
 -81.91     2.69
 -54.57     8.18
 -31.62     4.88
 -15.26    -3.66
  -2.56   -13.92
   6.47   -24.66
  14.53   -36.99
  20.75   -52.73
  22.46   -72.88
  16.36   -95.58
   1.71  -116.33
 -20.51  -131.71
 -47.12  -138.92
 -73.49  -138.92
 -97.05  -133.18
-118.41  -124.15
-137.21  -112.18
-153.44   -96.56
-167.24   -78.25
-177.12   -59.20
-182.37   -39.43
-185.18   -19.65
-184.81    -1.22
-182.13    16.72
-177.61    30.52
-172.12    43.82
-167.48    55.05
-163.82    65.43
-160.16    76.78
-155.88    88.87
-151.12   101.07
-144.78   113.28
-138.43   125.73
-130.62   139.16
-121.46   153.56
-108.40   169.19
 -90.09   184.33
 -67.38   195.19
 -41.75   200.93
 -15.38   198.49
   7.69   189.94
  25.15   178.34
  36.38   166.50
  44.31   158.57
  52.98   151.25
  64.33   145.87
  78.00   137.33
  91.31   122.31
  99.24   100.22
  98.63    75.56
  84.84    53.34
  61.77    40.04
  35.89    40.28
  13.67    54.08
   1.34    75.44
  -0.24   101.07
   8.42   125.12
  25.15   144.41
  45.53   157.84
  67.02   166.26
  89.72   173.34
 115.23   179.32
 146.97   180.79
 183.35   174.32
 219.73   155.03
 249.51   125.98
 268.31    91.06
 277.59    56.40
 280.88    24.05
 280.03    -5.86
 276.73   -34.42
 270.14   -62.26
 259.03   -88.26
 245.24  -110.96
 229.13  -129.88
 212.04  -145.02
 196.29  -156.62
 181.88  -165.89
 167.48  -173.95
 154.91  -181.64
 143.31  -190.92
 132.32  -198.61
 120.61  -207.89
 108.28  -217.77
  94.60  -229.13
  78.37  -240.11
  60.30  -250.73
  38.82  -259.77
  12.82  -266.48
 -16.85  -268.68
 -46.63  -264.04
 -74.46  -253.30
 -97.53  -235.60
-113.40  -216.19
-123.17  -197.39
-130.25  -183.96
-137.70  -172.00
-146.97  -160.28
-155.64  -144.41
-160.64  -126.22
-159.42  -107.42
-151.98   -91.92
-140.01   -82.28
-125.73   -80.20
-114.38   -87.28
-109.62  -101.20
-114.38  -119.38
-129.76  -135.99
-154.05  -148.32
-185.06  -151.86
-217.77  -146.00
-247.56  -131.10
-275.15  -110.96
-299.32   -87.52
-322.39   -58.47
-341.43   -23.32
-354.37    18.07
-357.30    63.60
-348.63   109.62
-329.83   150.63
-304.08   183.59
-276.86   207.76
-251.71   226.32
-226.56   242.19
-201.29   256.96
-176.76   267.09
-151.86   273.44
-128.42   277.34
-108.15   279.42
 -89.84   280.52
 -73.00   281.98
 -56.88   285.16
 -41.26   289.43
 -24.05   294.80
  -4.27   299.32
  17.58   303.96
  40.41   306.03
  65.06   306.15
  90.94   302.73
 118.04   298.46
 144.90   289.31
 172.85   275.76
 198.73   257.20
 221.80   233.76
 238.77   207.03
 249.02   177.37
 252.56   150.88
 251.46   128.30
 248.78   110.11
 246.46    95.34
 245.12    81.67
 244.26    68.12
 240.97    55.05
 235.23    43.58
 226.81    36.13
 219.73    35.64
 218.51    40.28
 225.34    47.00
 242.07    52.00
 265.26    48.83
 291.87    37.35
 316.41    17.09
 338.26   -10.74
 355.22   -44.07
 366.21   -82.64
 369.26  -125.49
 364.26  -169.07
 351.32  -213.26
 329.59  -257.08
 297.49  -297.24
 257.81  -328.25
 213.87  -347.90
 172.97  -357.67
 136.35  -361.21
 103.88  -362.67
  75.07  -362.18
  46.75  -359.50
  20.26  -354.74
  -3.66  -349.12
 -26.00  -342.29
 -46.63  -336.06
 -66.28  -329.22
 -84.59  -322.39
-102.54  -316.65
-120.00  -311.04
-137.82  -306.03
-156.86  -301.88
-177.73  -297.00
-200.81  -291.14
-225.83  -281.74
-252.44  -268.92
-279.79  -250.98
-306.76  -227.29
-329.47  -198.12
-347.41  -164.79
-359.50  -128.54
-363.40   -91.67
-359.86   -57.62
-351.07   -28.56
-340.09    -5.00
-328.74    13.31
-318.36    29.30
-308.59    42.24
-300.66    52.86
-294.31    62.26
-288.70    72.02
-285.77    79.47
-284.91    87.16
-287.11    94.97
-292.72   104.61
-301.76   117.55
-312.99   136.35
-323.85   162.84
-331.42   196.53
-330.57   236.08
-320.19   279.42
-299.56   323.36
-269.53   363.65
-232.79   397.83
-189.45   426.88
-140.26   448.61
 -87.40   460.21
 -34.42   462.04
  15.50   453.74
  58.47   436.89
  94.24   415.65
 121.83   393.92
 144.17   372.92
 163.09   354.61
 181.03   337.65
 198.61   322.02
 214.84   306.15
 229.74   290.16
 243.29   274.29
 256.23   259.16
 268.31   246.09
 280.52   233.52
 294.31   220.95
 311.28   207.52
 328.74   193.12
 347.53   174.56
 365.72   153.32
 383.79   128.91
 399.90   100.59
 413.94    68.60
 423.22    33.08
 426.88    -5.49
 425.05   -44.68
 416.14   -81.79
 399.78  -116.09
 379.88  -145.14
 356.93  -167.60
 334.72  -184.81
 315.67  -197.14
 300.17  -208.01
 286.74  -218.26
 274.41  -228.64
 262.82  -239.01
 253.30  -249.39
 246.46  -260.25
 241.82  -274.05
 237.55  -292.24
 230.71  -316.16
 218.02  -343.75
 199.71  -372.44
 175.05  -401.61
 143.19  -428.96
 105.35  -453.00
  61.52  -472.53
  11.60  -485.72
 -40.28  -489.99
 -91.92  -484.74
-142.46  -471.56
-189.94  -450.81
-233.64  -422.61
-268.80  -389.16
-296.75  -351.93
-315.55  -313.72
-326.90  -278.32
-333.01  -247.44
-335.94  -220.83
-338.99  -198.36
-342.65  -179.44
-347.66  -160.28
-352.78  -142.33
-358.03  -123.78
-363.65  -104.25
-368.53   -84.96
-371.95   -65.55
-375.61   -45.65
-379.64   -27.34
-384.03    -8.79
-390.01    11.11
-397.09    33.69
-404.30    59.45
-408.94    89.11
-410.40   122.19
-406.62   158.08
-396.61   194.82
-380.13   231.32
-357.30   265.01
-330.93   292.24
-302.73   315.67
-272.58   334.11
-241.82   349.49
-211.18   359.62
-183.23   365.60
-157.59   368.29
-136.84   369.38
-120.73   372.44
-104.98   379.27
 -88.01   389.16
 -68.48   402.22
 -44.56   414.67
 -16.97   426.51
  13.55   436.89
  47.36   445.68
  86.06   452.27
 129.15   451.78
 173.71   444.34
 216.67   431.15
 258.06   411.50
 298.22   385.99
 334.23   355.47
 364.14   319.58
 387.94   280.15
 404.54   240.23
 415.16   201.05
 419.80   162.72
 420.41   125.73
 416.38    92.16
 408.33    63.48
 399.54    38.57
 390.75    17.70
 384.28    -0.37
 378.91   -16.97
 375.37   -33.45
 373.17   -50.54
 371.70   -67.99
 370.12   -86.06
 368.90  -104.86
 366.21  -126.10
 362.18  -149.05
 356.20  -172.49
 348.51  -195.80
 339.36  -218.26
 330.44  -241.94
 319.70  -267.58
 307.37  -294.68
 290.65  -323.73
 267.70  -353.39
 238.89  -380.49
 203.98  -402.95
 165.77  -418.70
 126.10  -427.61
  88.62  -429.69
  54.32  -427.37
  25.51  -423.46
  -1.22  -420.17
 -27.95  -417.72
 -54.69  -414.31
 -81.67  -409.30
-106.32  -403.32
-129.27  -397.58
-152.47  -394.65
-178.34  -392.70
-210.33  -388.79
-247.19  -379.27
-284.55  -361.94
-318.60  -337.77
-347.29  -310.30
-373.17  -279.42
-397.22  -248.54
-417.97  -213.50
-433.47  -175.54
-443.97  -135.74
-448.85   -97.66
-448.49   -60.42
-445.19   -24.54
-438.23     9.03
-427.49    41.50
-413.82    70.31
-398.07    94.97
-382.20   116.82
-367.31   134.77
-352.78   151.25
-341.06   167.11
-329.35   180.91
-318.73   195.31
-308.84   210.08
-298.83   225.59
-289.06   241.33
-279.17   259.16
-268.55   278.08
-256.10   298.71
-239.62   320.31
-219.12   343.14
-193.97   362.30
-168.33   378.54
-139.65   392.94
-110.60   405.27
 -81.05   415.65
 -49.32   423.46
 -16.85   429.32
  18.80   432.25
  55.66   430.05
  92.65   423.34
 128.78   410.03
 160.40   391.97
 185.67   370.85
 204.47   350.22
 220.46   334.84
 235.72   323.85
 255.62   313.11
 278.69   302.12
 303.10   286.25
 326.42   265.87
 347.17   244.02
 366.58   220.58
 385.86   194.95
 404.30   166.50
 421.02   133.18
 432.01    97.41
 437.50    59.94
 437.99    24.17
 435.55   -10.25
 431.03   -43.46
 423.10   -76.78
 410.89  -109.38
 395.26  -138.31
 376.10  -164.06
 357.54  -185.55
 338.62  -205.57
 320.19  -224.61
 299.44  -241.70
 278.08  -255.49
 257.45  -266.72
 239.01  -276.12
 222.17  -285.52
 206.54  -295.53
 190.06  -305.42
 173.34  -315.31
 157.10  -325.81
 140.26  -335.94
 121.22  -347.53
 101.44  -359.50
  77.76  -371.46
  52.00  -381.71
  22.22  -390.99
 -10.50  -395.14
 -44.56  -395.75
 -78.00  -390.87
-109.38  -382.08
-137.57  -370.48
-164.55  -357.06
-188.84  -343.51
-213.01  -328.00
-237.06  -311.52
-259.89  -291.50
-281.01  -269.78
-298.58  -245.12
-312.01  -219.97
-321.41  -194.82
-327.76  -172.36
-333.62  -153.32
-340.82  -135.99
-350.95  -118.41
-363.77   -97.66
-374.76   -72.75
-383.06   -44.56
-386.72   -14.40
-385.38    15.99
-381.84    44.92
-376.83    71.78
-369.75    98.88
-360.23   125.49
-348.27   152.95
-333.86   177.61
-316.77   200.20
-299.68   221.07
-280.64   240.60
-259.77   258.54
-236.33   273.68
-213.50   286.62
-189.94   296.02
-166.87   303.59
-145.26   309.94
-122.80   314.94
-101.56   318.12
 -81.79   320.19
 -62.50   322.27
 -43.33   323.49
 -23.93   326.17
  -4.03   326.54
  15.87   326.90
  35.64   325.81
  55.79   324.83
  76.90   323.49
  99.37   321.53
 123.05   317.50
 149.29   311.28
 175.29   301.76
 201.66   286.99
 225.34   269.65
 245.36   248.29
 261.96   225.95
 275.39   202.76
 285.40   180.66
 293.82   159.30
 302.12   138.55
 308.84   117.80
 315.92    95.58
 319.34    72.02
 321.29    48.83
 319.95    26.98
 316.16     7.20
 312.62   -11.35
 310.42   -27.71
 309.45   -44.31
 309.08   -63.84
 306.52   -85.57
 301.27  -109.50
 291.38  -131.84
 278.56  -153.32
 263.92  -171.14
 248.90  -187.26
 233.76  -201.54
 218.99  -215.09
 203.13  -228.52
 186.28  -241.58
 168.09  -253.17
 147.22  -263.67
 126.71  -271.48
 105.83  -277.83
  85.08  -282.23
  63.84  -284.06
  42.72  -284.91
  22.83  -283.94
   3.66  -281.01
 -14.53  -277.22
 -30.64  -273.07
 -47.24  -267.82
 -62.50  -263.06
 -77.39  -257.81
 -92.29  -252.93
-106.93  -247.31
-122.44  -240.97
-137.82  -233.03
-154.05  -226.07
-169.68  -216.67
-184.69  -205.69
-200.07  -193.97
-216.80  -181.03
-230.10  -164.55
-243.41  -146.00
-254.03  -126.10
-260.50  -104.49
-265.63   -83.98
-267.82   -63.96
-267.58   -44.19
-267.46   -26.61
-266.11    -9.03
-263.92     7.20
-261.84    23.80
-258.30    41.14
-253.54    58.59
-246.58    74.83
-238.28    89.60
-229.74   102.54
-221.44   114.50
-214.23   126.59
-207.28   139.53
-198.97   154.30
-187.62   169.19
-174.32   182.74
-158.08   194.46
-142.58   203.13
-125.24   210.08
-110.11   215.09
 -95.58   219.85
 -80.81   224.00
 -65.31   228.27
 -49.44   230.96
 -31.86   232.54
 -15.50   232.06
   1.10   230.35
  17.09   227.29
  31.98   223.39
  46.39   218.02
  59.81   211.79
  72.27   205.69
  83.62   198.73
  94.12   191.77
 104.00   185.18
 113.53   177.73
 123.17   170.53
 132.93   163.09
 142.33   155.15
 151.12   147.09
 160.16   138.55
 168.95   129.03
 177.61   119.51
 186.16   108.64
 194.46    97.41
 202.03    84.84
 208.74    71.17
 215.33    56.27
 218.75    40.41
 221.44    23.32
 221.44     5.98
 219.48   -10.13
 215.82   -25.39
 211.67   -40.04
 206.79   -53.10
 200.44   -65.55
 195.43   -78.37
 188.35   -90.09
 180.54  -101.07
 172.73  -112.30
 163.33  -122.56
 153.32  -130.98
 144.17  -138.92
 135.01  -146.48
 125.49  -154.42
 115.60  -163.33
 103.64  -171.14
  90.82  -178.34
  76.90  -183.96
  62.26  -187.50
  47.49  -189.09
  33.81  -188.48
  21.48  -188.35
   8.42  -187.74
  -3.54  -185.91
 -14.77  -183.84
 -27.71  -180.18
 -38.21  -177.25
 -49.44  -172.85
 -60.67  -168.21
 -70.80  -162.60
 -79.96  -156.01
 -88.87  -149.29
 -96.92  -142.21
-104.25  -135.01
-111.21  -128.05
-117.68  -120.36
-123.17  -113.16
-128.42  -105.22
-133.42   -98.39
-139.16   -91.31
-143.55   -83.01
-148.68   -74.95
-152.95   -67.14
-156.98   -58.47
-161.25   -48.95
-164.55   -40.28
-168.33   -30.27
-171.75   -19.65
-173.34    -8.42
-175.17     3.30
-175.90    15.14
-174.93    28.08
-172.36    40.65
-168.58    52.73
-164.18    64.58
-158.33    75.07
-151.98    85.69
-145.39    95.09
-137.94   104.25
-129.88   113.28
-121.34   121.46
-111.33   128.91
-101.81   135.50
 -91.43   140.75
 -81.67   145.63
 -71.17   150.02
 -60.67   153.93
 -49.56   157.35
 -37.96   159.67
 -25.39   161.13
 -14.16   161.01
  -2.32   159.67
   8.42   157.10
  18.80   154.66
  28.20   151.37
  37.48   147.46
  46.63   143.31
  55.30   139.04
  63.35   133.67
  71.04   128.05
  78.13   122.92
  84.59   116.33
  90.45   110.72
  96.31   104.37
 101.07    97.41
 106.08    90.70
 109.74    83.86
 113.65    77.27
 117.07    71.17
 120.97    64.09
 124.15    57.50
 126.95    49.80
 129.64    42.36
 130.62    35.28
 132.45    28.08
 133.30    21.61
 134.40    15.01
 136.35     8.18
 136.84     0.98
 139.28    -6.59
 139.77   -14.53
 141.11   -23.93
 140.87   -33.20
 139.53   -43.33
 137.45   -53.71
 134.28   -63.35
 130.13   -73.00
 125.12   -82.40
 118.65   -91.55
 112.43   -99.98
 103.52  -107.67
  95.58  -114.99
  86.67  -121.22
  77.51  -126.46
  67.50  -131.35
  57.74  -135.13
  47.24  -138.06
  36.13  -140.99
  25.63  -141.72
  15.01  -141.97
   4.39  -141.60
  -5.86  -139.65
 -15.50  -137.45
 -25.39  -134.40
 -33.57  -130.37
 -41.63  -126.22
 -48.22  -121.22
 -55.66  -116.70
 -61.65  -112.06
 -68.12  -107.06
 -73.61  -101.93
 -78.86   -96.68
 -83.98   -90.70
 -88.50   -85.57
 -92.41   -79.71
 -96.19   -73.61
 -99.37   -67.63
-102.78   -61.77
-105.71   -55.05
-108.28   -48.58
-110.72   -41.87
-111.45   -35.28
-111.57   -28.69
-113.16   -23.07
-112.67   -17.94
-114.01   -12.33
-114.62    -7.20
-115.11    -0.98
-116.46     4.15
-116.94    10.62
-117.43    17.09
-117.07    23.80
-116.82    31.13
-115.84    37.72
-114.62    45.41
-113.53    53.22
-110.96    61.52
-107.91    70.56
-103.64    78.49
 -98.14    87.65
 -91.55    94.36
 -84.59   101.68
 -76.66   107.67
 -68.36   113.28
 -59.69   118.16
 -50.17   121.95
 -39.92   125.49
 -30.03   126.95
 -20.51   128.42
  -9.89   129.03
   0.12   128.30
  10.25   125.98
  19.78   123.54
  28.44   119.51
  36.99   115.11
  42.97   110.47
  49.19   105.10
  54.69   100.46
  59.08    94.73
  63.35    89.72
  67.02    85.57
  70.43    81.18
  74.34    77.39
  78.61    72.27
  81.54    67.99
  85.33    63.23
  88.87    58.59
  91.06    53.10
  94.48    47.36
  96.80    42.36
  99.00    37.11
 100.83    30.64
 102.29    24.66
 104.13    17.94
 104.86    11.84
 104.86     5.74
 103.39    -0.37
 102.17    -6.47
 100.83   -11.23
  99.85   -15.38
  99.37   -19.41
  99.00   -23.19
  99.12   -27.71
 100.34   -32.96
  99.98   -39.67
  99.37   -47.36
  97.41   -55.42
  94.97   -62.74
  90.94   -70.19
  86.18   -77.15
  80.93   -83.13
  75.32   -89.60
  68.97   -95.83
  61.52  -101.32
  53.83  -106.32
  44.80  -110.23
  36.13  -112.79
  27.10  -115.11
  17.82  -115.84
   9.16  -116.21
  -0.12  -116.09
  -9.64  -114.26
 -18.19  -111.45
 -27.10  -108.15
 -33.81  -104.37
 -40.16   -99.98
 -46.02   -94.85
 -50.29   -89.97
 -54.57   -84.84
 -57.98   -80.69
 -61.04   -76.54
 -63.96   -72.88
 -66.77   -69.09
 -70.19   -65.55
 -72.88   -62.26
 -76.17   -58.84
 -79.83   -54.32
 -83.37   -49.93
 -86.18   -45.29
 -89.23   -40.41
 -91.55   -34.67
 -93.38   -29.17
 -94.97   -23.93
 -95.70   -18.31
 -97.05   -12.57
 -97.53    -6.47
 -98.02    -0.85
 -97.90     5.13
 -96.92    11.11
 -96.44    16.85
 -93.99    23.19
 -92.41    28.20
 -90.21    32.35
 -88.26    36.25
 -86.91    40.53
 -85.45    44.56
 -84.11    49.44
 -83.25    55.30
 -81.67    60.55
 -78.86    67.87
 -74.71    75.32
 -69.58    81.67
 -63.23    87.77
 -56.03    92.53
 -49.32    96.31
 -41.50   100.59
 -33.94   102.91
 -25.88   105.22
 -17.21   107.30
  -8.79   107.91
  -0.12   107.18
   8.42   105.59
  16.36   102.54
  23.68   100.34
  30.03    96.56
  36.38    92.29
  41.99    88.01
  46.14    83.74
  49.93    79.22
  53.34    75.44
  56.27    71.78
  59.33    68.60
  61.77    64.82
  64.70    61.52
  66.77    57.50
  70.07    54.93
  73.00    51.88
  76.42    48.71
  79.59    43.82
  82.64    39.06
  85.57    34.30
  87.77    29.30
  89.97    25.15
  90.94    19.78
  92.90    14.40
  93.87     8.91
  94.60     3.17
  94.36    -2.32
  94.73    -8.18
  94.24   -14.77
  93.38   -20.63
  92.41   -26.98
  90.70   -32.84
  87.65   -38.45
  85.82   -43.58
  83.13   -48.34
  79.96   -52.73
  77.03   -56.27
  73.85   -61.40
  71.04   -66.53
  68.12   -71.53
  64.09   -77.03
  59.33   -82.28
  53.34   -87.40
  46.14   -92.90
  38.45   -96.68
  30.52   -99.24
  22.46  -100.46
  14.16  -101.07
   7.08  -101.07
  -0.12  -100.95
  -7.20   -99.49
 -14.40   -97.78
 -21.48   -95.34
 -28.08   -92.90
 -33.94   -88.87
 -39.06   -84.59
 -44.07   -80.69
 -48.10   -76.90
 -51.51   -73.00
 -54.93   -68.48
 -57.01   -65.06
 -59.81   -61.65
 -62.26   -58.47
 -63.96   -55.30
 -66.65   -52.49
 -68.73   -49.19
 -72.14   -46.26
 -74.22   -42.72
 -77.64   -39.06
 -80.93   -34.79
 -84.35   -30.52
 -86.06   -26.00
 -88.50   -20.87
 -89.48   -15.14
 -91.43    -9.64
 -92.41    -4.52
 -93.51     0.85
 -92.77     6.84
 -93.26    12.70
 -92.41    18.92
 -91.80    24.78
 -90.33    31.13
 -88.26    37.84
 -85.94    43.95
 -82.64    48.95
 -79.22    53.96
 -75.56    59.08
 -71.29    63.72
 -67.99    67.63
 -63.96    71.66
 -59.81    76.17
 -55.54    80.32
 -51.03    84.96
 -44.56    89.36
 -37.35    94.12
 -30.64    97.05
 -21.97    99.24
 -13.79    99.98
  -5.25   100.34
   2.20    98.75
   8.91    97.66
  15.87    95.58
  22.58    93.02
  28.56    90.33
  34.06    87.28
  39.43    83.13
  44.07    79.47
  48.95    75.56
  52.00    71.04
  55.18    66.77
  57.62    62.74
  60.18    58.96
  62.87    55.30
  65.19    51.76
  66.89    48.71
  67.99    45.17
  70.56    42.24
  72.51    39.06
  74.95    35.77
  77.39    33.33
  79.96    29.30
  83.01    25.39
  85.08    21.00
  87.28    16.60
  89.60    11.35
  90.70     5.25
  91.80    -0.37
  93.14    -6.10
  92.53   -11.96
  92.77   -17.94
  92.29   -24.54
  91.19   -31.13
  89.36   -36.99
  87.40   -42.72
  83.62   -49.07
  80.81   -55.42
  77.27   -60.91
  73.24   -65.55
  68.73   -70.43
  63.35   -74.83
  58.84   -79.22
  53.34   -83.37
  47.85   -87.40
  42.97   -89.72
  36.38   -93.26
  30.15   -96.92
  22.58   -99.49
  14.53  -101.68
   5.74  -102.66
  -2.93  -102.66
 -10.99  -100.34
 -18.80   -97.66
 -25.63   -94.85
 -31.86   -91.67
 -37.60   -88.13
 -42.97   -84.72
 -47.97   -80.44
 -52.49   -75.93
 -56.52   -70.92
 -59.94   -66.04
 -62.38   -61.89
 -64.45   -57.01
 -66.65   -52.86
 -67.99   -48.95
 -69.46   -45.78
 -71.04   -41.99
 -71.78   -38.57
 -73.73   -35.28
 -75.20   -32.35
 -77.15   -29.42
 -79.59   -26.00
 -81.67   -23.07
 -83.86   -19.04
 -85.57   -14.28
 -87.40    -9.77
 -89.36    -4.64
 -90.58     0.37
 -91.43     5.86
 -92.16    11.84
 -92.29    17.58
 -92.90    23.56
 -92.16    29.66
 -91.67    36.01
 -89.97    42.48
 -87.65    49.07
 -84.47    55.79
 -80.81    63.35
 -76.54    69.21
 -71.66    74.95
 -65.92    80.57
 -59.45    85.33
 -53.47    89.72
 -46.51    93.14
 -39.55    96.31
 -32.23    99.00
 -24.78   101.44
 -18.19   102.66
 -10.99   103.39
  -3.05   104.13
   5.37   104.86
  14.40   104.13
  22.22   102.29
  31.13    98.75
  37.96    94.60
  44.56    89.60
  49.44    85.45
  53.83    80.44
  58.23    75.44
  62.38    71.17
  65.55    65.80
  68.73    60.91
  70.68    55.79
  72.51    51.51
  73.73    46.14
  74.95    41.75
  76.17    37.48
  76.90    34.30
  78.25    30.76
  79.59    27.95
  80.32    24.90
  82.15    21.36
  83.86    17.58
  85.82    13.92
  88.13     9.77
  89.84     5.25
  91.55     0.37
  93.02    -5.13
  93.87   -10.99
  94.36   -17.33
  94.60   -23.32
  93.75   -29.54
  92.65   -35.89
  90.82   -42.11
  89.11   -48.71
  86.91   -55.30
  84.59   -61.16
  80.20   -67.87
  76.42   -74.46
  71.78   -80.81
  66.16   -87.16
  59.69   -92.77
  52.25   -97.78
  44.56  -102.42
  36.50  -105.83
  27.83  -108.89
  18.31  -109.99
   9.77  -111.08
   0.85  -110.96
  -8.18  -110.60
 -15.99  -108.64
 -24.41  -106.81
 -32.71  -103.64
 -40.04  -100.10
 -47.85   -96.19
 -54.20   -90.94
 -60.79   -85.08
 -65.06   -79.47
 -68.97   -73.12
 -72.51   -67.02
 -74.58   -60.91
 -76.90   -55.54
 -78.37   -50.66
 -79.59   -46.02
 -80.81   -41.02
 -81.42   -36.50
 -83.01   -31.62
 -83.62   -27.71
 -84.84   -24.05
 -85.08   -20.14
 -85.45   -16.11
 -86.43   -12.33
 -87.16    -8.54
 -88.38    -5.13
 -89.48    -0.85
 -90.94     3.30
 -92.53     8.18
 -93.87    13.55
 -94.60    19.29
 -95.21    25.88
 -94.73    32.71
 -93.51    39.55
 -91.55    46.39
 -89.11    53.34
 -85.94    59.69
 -82.52    66.65
 -78.13    72.63
 -73.61    78.61
 -68.73    84.35
 -63.48    89.84
 -57.25    94.85
 -50.17    99.85
 -43.09   104.86
 -34.67   108.76
 -26.25   111.69
 -16.60   114.50
  -6.84   115.97
   3.05   116.21
  14.04   115.23
  23.93   112.79
  33.20   109.50
  41.75   105.47
  49.32   100.22
  57.25    94.24
  63.11    87.65
  68.60    81.42
  72.39    74.46
  75.81    67.50
  78.74    60.30
  80.08    54.08
  81.18    47.73
  80.93    41.99
  81.54    37.35
  81.30    32.71
  81.05    29.17
  81.05    25.88
  81.79    22.71
  82.64    19.65
  83.62    16.48
  84.47    12.94
  86.06     9.03
  87.40     5.25
  88.50     0.61
  89.48    -3.54
  90.21    -8.67
  91.31   -13.55
  91.31   -19.04
  92.04   -24.41
  91.67   -30.15
  91.43   -36.62
  90.45   -42.85
  89.11   -49.93
  86.06   -56.76
  82.89   -63.96
  78.61   -70.43
  73.49   -77.03
  68.36   -82.52
  62.13   -88.01
  56.40   -93.26
  48.95   -97.17
  41.63  -101.56
  33.57  -105.10
  25.02  -107.91
  16.97  -109.99
   8.06  -110.47
  -0.85  -111.21
  -9.77  -110.47
 -18.43  -109.62
 -27.95  -107.30
 -36.87  -104.74
 -45.53  -100.71
 -54.20   -95.58
 -60.91   -89.36
 -67.50   -82.64
 -72.27   -75.44
 -76.42   -67.87
 -79.22   -60.06
 -81.54   -52.61
 -82.03   -45.41
 -81.79   -39.06
 -81.30   -33.08
 -79.83   -27.71
 -77.88   -22.71
 -76.42   -19.41
 -74.71   -16.72
 -73.36   -13.92
 -72.75   -13.06
 -73.12   -11.96
 -73.97   -10.74
 -74.83    -8.67
 -77.76    -7.45
 -79.71    -3.91
 -82.89    -0.37
 -84.96     3.66
 -87.28     8.91
 -89.11    14.40
 -89.72    20.51
 -90.70    27.34
 -90.58    33.69
 -90.33    40.89
 -88.38    48.10
 -86.30    55.79
 -82.89    63.11
 -79.35    70.31
 -74.34    77.39
 -68.48    84.72
 -61.52    90.45
 -53.59    95.58
 -45.53   100.22
 -36.87   103.03
 -28.44   105.59
 -19.17   107.30
 -11.11   108.15
  -2.20   107.54
   5.74   107.42
  13.79   105.96
  21.48   104.86
  29.66   102.17
  37.60    99.49
  45.04    95.46
  52.73    90.70
  58.96    85.57
  64.94    79.83
  70.43    73.61
  74.83    67.26
  79.22    59.57
  81.67    52.61
  84.23    44.68
  84.11    37.35
  83.86    30.03
  82.03    23.68
  79.96    18.43
  77.64    14.16
  75.20    11.11
  72.63     8.91
  69.70     7.20
  69.46     6.10
  68.85     5.98
  69.46     5.62
  71.41     5.13
  73.97     4.03
  77.15     1.83
  80.57    -1.34
  84.72    -4.76
  87.16   -10.25
  90.21   -16.85
  91.43   -23.93
  92.90   -31.86
  92.90   -39.18
  92.41   -48.34
  89.60   -56.64
  86.67   -65.80
  82.52   -73.12
  76.90   -82.03
  71.04   -88.99
  63.35   -96.07
  55.54  -102.29
  46.51  -107.42
  36.13  -111.45
  26.25  -114.62
  15.26  -116.33
   4.88  -116.82
  -5.98  -115.97
 -17.09  -114.38
 -26.25  -111.08
 -35.52  -106.57
 -42.85  -101.68
 -49.68   -96.44
 -55.66   -91.67
 -61.28   -86.06
 -66.28   -81.18
 -71.41   -75.68
 -76.66   -70.43
 -81.30   -63.84
 -85.33   -56.03
 -88.99   -48.46
 -91.31   -40.16
 -92.53   -32.47
 -92.16   -24.17
 -91.67   -17.21
 -89.84    -9.77
 -87.40    -3.78
 -83.98     1.83
 -80.44     6.71
 -75.93    10.13
 -72.14    12.33
 -69.21    13.79
 -66.16    14.28
 -65.19    14.28
 -64.33    14.53
 -65.19    15.14
 -65.92    15.75
 -68.36    17.82
 -70.19    20.14
 -72.14    24.66
 -74.58    28.81
 -75.93    34.06
 -76.17    40.89
 -75.68    48.22
 -74.22    54.81
 -72.02    62.74
 -68.60    69.95
 -63.96    77.03
 -58.72    83.86
 -52.00    89.60
 -44.92    94.97
 -36.99   100.10
 -28.69   104.61
 -19.04   107.30
  -8.67   109.25
   1.59   110.47
  11.72   109.99
  22.22   107.79
  32.47   105.22
  41.99   100.59
  50.78    96.19
  58.72    90.58
  65.06    83.50
  71.29    76.54
  76.17    68.73
  79.47    61.77
  82.89    54.44
  85.21    47.49
  87.89    39.92
  88.75    32.84
  90.82    24.78
  91.80    17.09
  91.31     8.79
  89.23     0.12
  85.33    -6.96
  81.79   -13.55
  76.66   -19.04
  71.41   -23.93
  65.55   -27.34
  60.30   -29.42
  55.05   -30.52
  49.68   -30.27
  45.29   -29.91
  41.99   -27.95
  39.18   -25.27
  38.57   -23.44
  39.55   -21.48
  40.77   -20.14
  43.70   -20.02
  46.51   -20.51
  49.56   -22.46
  52.61   -25.63
  54.81   -30.03
  56.52   -35.28
  57.01   -42.11
  56.52   -48.46
  54.44   -55.05
  51.27   -61.52
  47.36   -68.48
  42.11   -74.10
  36.38   -79.71
  29.42   -84.59
  22.58   -88.50
  13.79   -91.92
   5.37   -94.36
  -4.03   -94.73
 -13.67   -95.58
 -23.32   -94.24
 -32.71   -91.31
 -41.87   -87.77
 -50.42   -82.76
 -58.23   -76.66
 -65.19   -69.70
 -70.56   -62.13
 -74.83   -53.96
 -77.76   -45.65
 -80.08   -37.48
 -80.44   -29.91
 -80.20   -21.24
 -79.22   -14.77
 -77.88    -7.81
 -75.68    -1.22
 -73.36     4.64
 -70.43    10.62
 -66.04    15.87
 -61.65    20.63
 -56.40    24.29
 -50.17    26.98
 -44.43    28.69
 -38.45    27.95
 -33.20    26.73
 -29.42    24.29
 -26.49    21.24
 -24.78    18.19
 -24.90    14.89
 -25.76    12.21
 -27.47     9.64
 -29.79     7.93
 -33.94     6.71
 -37.48     7.69
 -41.99     9.28
 -45.53    12.33
 -49.68    16.60
 -52.25    21.61
 -54.08    27.71
 -54.44    34.30
 -53.96    41.38
 -52.37    48.22
 -49.19    55.42
 -45.29    62.26
 -39.67    67.99
 -34.30    73.97
 -26.86    78.49
 -19.78    82.40
 -10.50    85.08
  -2.08    87.28
   7.08    87.89
  16.48    87.04
  25.76    85.08
  34.42    82.28
  43.33    77.51
  50.78    72.27
  57.86    65.80
  63.84    58.72
  68.85    50.05
  71.78    41.87
  74.10    33.08
  73.85    24.78
  73.00    16.48
  70.68     8.91
  67.63     2.69
  64.09    -2.81
  60.30    -7.08
  56.03   -11.11
  51.51   -13.92
  47.12   -16.36
  42.72   -18.31
  38.45   -18.80
  34.06   -18.92
  29.79   -17.94
  26.37   -15.87
  24.17   -13.18
  22.58    -9.89
  22.83    -6.71
  24.17    -3.17
  26.25    -0.85
  29.79     0.49
  33.33     1.71
  38.33     1.22
  42.85    -0.24
  47.61    -3.17
  52.12    -7.32
  55.42   -12.57
  58.11   -19.17
  59.45   -26.12
  59.57   -33.57
  58.59   -41.14
  55.91   -48.34
  52.25   -55.91
  47.24   -62.13
  41.63   -68.12
  35.28   -73.36
  28.20   -77.39
  20.39   -80.81
  11.35   -83.13
   3.30   -85.08
  -5.00   -84.84
 -14.40   -84.47
 -23.32   -82.64
 -32.10   -79.47
 -39.67   -76.05
 -47.36   -70.43
 -53.71   -64.58
 -59.45   -57.98
 -64.09   -50.54
 -67.38   -42.48
 -69.58   -34.55
 -69.82   -25.63
 -68.73   -18.07
 -67.63   -10.74
 -64.33    -4.03
 -60.18     1.59
 -56.64     6.10
 -50.90     9.40
 -46.63    11.23
 -42.24    12.21
 -38.57    12.33
 -34.67    12.45
 -31.37    10.74
 -29.54     9.52
 -27.47     7.45
 -27.10     5.13
 -27.22     2.44
 -28.20     0.61
 -30.64    -1.46
 -33.69    -2.08
 -36.99    -2.81
 -41.26    -2.56
 -45.29    -0.12
 -49.07     3.05
 -53.47     6.71
 -56.76    11.23
 -58.96    17.33
 -60.30    23.93
 -60.55    31.62
 -60.30    38.70
 -58.59    46.14
 -54.57    53.59
 -49.80    60.42
 -44.19    66.65
 -37.96    72.02
 -30.27    76.05
 -22.34    79.10
 -14.16    81.79
  -6.47    83.01
   1.59    82.76
  10.01    82.28
  18.43    80.44
  25.88    78.37
  33.45    75.07
  40.16    70.80
  47.00    65.67
  52.73    60.30
  57.25    53.96
  60.79    47.97
  63.84    40.65
  65.67    33.20
  66.28    25.88
  65.80    19.17
  64.82    12.45
  62.62     6.47
  59.33     1.10
  55.91    -2.81
  51.27    -6.47
  47.24    -9.03
  43.46   -10.50
  39.92   -11.11
  36.74   -10.38
  33.57    -9.52
  32.47    -7.69
  31.25    -6.59
  31.25    -4.64
  31.98    -3.17
  32.96    -1.83
  34.91    -1.46
  38.09    -1.59
  41.26    -1.95
  43.95    -4.27
  47.61    -6.47
  50.90    -9.40
  53.34   -13.67
  56.03   -18.92
  56.88   -24.78
  57.25   -31.13
  56.76   -37.96
  55.18   -44.31
  51.51   -51.39
  47.61   -57.50
  41.87   -63.60
  36.38   -68.36
  29.30   -72.39
  21.97   -75.20
  14.16   -77.88
   6.84   -78.74
  -0.98   -78.74
  -7.81   -77.76
 -15.14   -75.93
 -22.58   -74.34
 -28.56   -71.66
 -34.55   -67.99
 -40.53   -64.21
 -46.26   -59.08
 -51.03   -54.08
 -54.44   -48.95
 -57.86   -42.72
 -59.69   -36.87
 -61.40   -30.27
 -62.01   -23.93
 -61.65   -18.31
 -60.55   -12.57
 -58.84    -7.45
 -57.01    -3.17
 -54.08     0.85
 -51.27     4.03
 -47.61     5.98
 -44.92     7.69
 -41.50     9.16
 -39.18     9.40
 -36.99     8.91
 -35.89     8.30
 -34.55     7.69
 -34.42     6.71
 -34.79     6.23
 -36.25     5.74
 -36.99     6.10
 -39.43     6.96
 -41.75     7.93
 -44.07     9.64
 -45.53    12.82
 -47.97    16.24
 -49.44    20.02
 -50.17    23.93
 -50.78    28.93
 -50.54    35.03
 -49.44    40.28
 -47.49    45.65
 -44.56    50.90
 -40.04    56.27
 -35.52    61.52
 -29.91    65.31
 -22.83    69.46
 -16.11    72.02
  -9.16    72.88
  -1.71    73.61
   5.62    73.36
  11.60    71.90
  18.07    69.95
  24.54    67.75
  29.54    64.33
  34.55    61.77
  39.92    57.50
  43.58    53.59
  47.12    49.19
  51.27    44.31
  53.71    39.31
  56.03    34.06
  57.86    29.42
  58.72    23.68
  58.72    18.19
  58.23    13.18
  56.88     8.91
  55.30     4.27
  53.34     0.61
  51.03    -2.44
  48.58    -5.00
  46.14    -6.35
  43.58    -8.54
  41.50    -9.89
  39.79   -10.25
  38.45   -10.50
  37.23   -11.11
  35.89   -11.11
  36.25   -11.23
  37.11   -11.35
  37.11   -11.84
  38.57   -12.33
  39.06   -13.55
  39.67   -15.75
  41.26   -18.43
  42.11   -20.75
  43.33   -23.68
  43.09   -26.73
  42.85   -31.13
  42.36   -35.52
  41.26   -39.79
  39.43   -43.95
  37.11   -47.85
  33.57   -52.49
  29.30   -56.40
  24.54   -60.91
  19.04   -63.72
  13.43   -65.80
   7.57   -67.50
   1.46   -68.24
  -5.13   -68.36
 -11.11   -67.75
 -17.33   -66.04
 -23.19   -63.60
 -28.56   -61.40
 -32.96   -58.72
 -37.23   -54.44
 -41.63   -50.78
 -45.17   -47.24
 -48.58   -42.97
 -51.39   -37.60
 -53.34   -33.33
 -55.18   -28.81
 -55.66   -23.80
 -56.40   -19.04
 -56.40   -13.92
 -56.40   -10.01
 -55.05    -5.37
 -53.83    -1.71
 -51.39     1.95
 -49.68     5.25
 -47.73     7.69
 -45.90     9.77
 -43.82    11.72
 -41.75    12.57
 -39.67    13.43
 -38.33    14.04
 -37.48    14.89
 -36.74    15.63
 -36.38    16.11
 -36.13    17.21
 -36.38    17.82
 -35.40    19.53
 -36.13    21.36
 -36.25    22.46
 -36.13    24.66
 -35.64    26.61
 -35.52    29.30
 -34.79    31.62
 -34.30    35.28
 -33.33    37.84
 -31.49    41.02
 -29.54    44.31
 -26.98    47.61
 -23.56    50.78
 -20.26    53.34
 -15.99    56.52
 -12.08    58.47
  -6.10    60.30
  -0.85    61.77
   4.64    61.65
   9.77    61.52
  15.26    60.42
  20.39    58.96
  25.15    57.13
  29.91    54.69
  34.55    52.12
  37.84    49.07
  42.48    45.41
  45.78    41.38
  48.83    37.48
  51.76    32.96
  54.08    28.69
  55.18    23.80
  56.03    18.68
  56.15    13.92
  56.15     9.28
  55.05     4.76
  54.20     0.61
  51.76    -2.93
  49.68    -5.98
  48.10    -9.03
  46.02   -11.47
  43.70   -13.43
  41.99   -14.89
  39.92   -15.75
  38.33   -17.09
  36.38   -17.82
  35.40   -18.92
  34.06   -20.02
  33.94   -20.39
  32.96   -21.61
  31.98   -21.97
  31.98   -23.19
  31.49   -24.90
  30.76   -26.49
  30.27   -28.08
  30.40   -29.79
  29.17   -31.86
  28.32   -33.81
  26.61   -36.62
  24.66   -39.06
  23.44   -41.38
  21.73   -43.58
  19.04   -46.14
  15.87   -48.34
  11.96   -50.54
   8.67   -52.61
   4.39   -54.08
   0.24   -54.93
  -3.91   -55.18
  -9.16   -55.30
 -13.67   -54.32
 -17.94   -53.71
 -22.22   -52.25
 -26.37   -50.17
 -30.76   -47.97
 -33.57   -45.41
 -36.99   -42.85
 -40.28   -40.16
 -43.58   -37.11
 -46.88   -32.96
 -48.95   -29.05
 -50.90   -25.15
 -51.88   -20.39
 -53.34   -16.24
 -53.71   -11.47
 -53.83    -6.96
 -52.98    -2.69
 -51.64     1.10
 -49.56     4.88
 -48.10     8.06
 -46.39    10.99
 -44.07    13.31
 -42.36    14.65
 -39.79    16.60
 -37.84    18.19
 -36.25    18.92
 -35.03    20.26
 -33.45    20.87
 -32.71    22.09
 -31.25    23.56
 -30.40    24.17
 -29.42    24.78
 -27.83    25.76
 -27.10    27.10
 -26.37    28.44
 -25.76    29.66
 -24.78    31.01
 -23.68    32.84
 -22.22    34.42
 -21.36    36.62
 -19.53    38.21
 -17.70    39.67
 -15.50    41.14
 -12.94    43.21
 -10.25    44.68
  -8.18    45.90
  -4.76    46.75
  -1.46    48.34
   2.20    49.68
   6.23    49.93
  10.01    49.68
  13.92    48.95
  17.82    48.22
  21.97    46.88
  25.39    45.78
  28.93    43.82
  31.86    41.14
  35.52    39.31
  37.96    36.38
  41.26    33.33
  43.95    30.27
  46.14    27.47
  47.73    23.80
  49.56    19.41
  51.03    15.26
  51.51    11.60
  51.88     7.20
  51.27     3.05
  50.29    -0.98
  49.32    -4.88
  47.85    -7.69
  46.26   -10.62
  44.19   -12.94
  42.48   -15.38
  40.77   -17.58
  38.82   -19.04
  36.99   -20.87
  35.28   -22.09
  33.69   -23.19
  32.47   -24.66
  31.01   -25.51
  29.30   -26.12
  27.47   -27.71
  26.73   -29.05
  25.63   -30.15
  23.80   -30.76
  22.46   -31.74
  21.48   -33.20
  20.39   -33.94
  18.92   -35.03
  17.82   -35.89
  16.36   -37.84
  14.89   -39.55
  12.70   -40.89
  10.50   -42.24
   8.06   -43.33
   5.37   -45.17
   2.20   -46.39
  -0.85   -47.00
  -4.39   -47.36
  -7.45   -47.97
 -11.11   -48.22
 -14.65   -46.88
 -17.82   -47.00
 -22.22   -46.39
 -25.88   -44.68
 -29.30   -43.09
 -32.59   -40.89
 -36.25   -39.31
 -39.67   -36.38
 -42.60   -33.69
 -44.80   -30.52
 -47.61   -26.37
 -48.95   -23.32
 -50.90   -19.04
 -52.12   -14.28
 -52.73   -10.38
 -53.47    -5.86
 -52.61    -1.71
 -51.64     2.08
 -50.05     5.37
 -48.83     8.91
 -47.12    11.60
 -45.41    14.40
 -43.58    16.48
 -41.02    19.41
 -39.79    20.75
 -37.48    22.83
 -36.62    23.93
 -34.67    25.51
 -33.45    26.86
 -31.74    28.08
 -30.27    29.66
 -28.56    30.76
 -26.98    32.10
 -25.15    33.57
 -23.44    34.06
 -21.36    35.40
 -19.41    36.62
 -17.94    37.72
 -16.36    38.21
 -14.40    39.92
 -12.33    40.65
 -10.86    41.38
  -8.54    42.60
  -6.47    43.70
  -3.66    44.80
  -1.10    45.29
   1.71    46.26
   4.76    46.88
   7.45    47.49
  10.50    47.49
  14.53    47.61
  17.94    47.12
  21.73    45.90
  25.15    44.92
  28.69    43.46
  32.23    41.38
  35.64    40.16
  38.57    37.11
  41.38    34.67
  44.31    31.37
  47.24    28.20
  49.32    24.90
  51.76    21.12
  53.22    17.33
  54.93    12.94
  55.66     8.54
  56.27     4.03
  56.27    -0.73
  55.18    -4.76
  53.83    -8.91
  52.73   -12.94
  50.66   -15.99
  48.34   -19.41
  45.78   -21.73
  43.46   -24.54
  41.38   -26.86
  38.45   -28.44
  36.99   -30.03
  34.67   -31.74
  32.71   -33.08
  30.52   -34.06
  28.69   -35.52
  26.86   -36.50
  24.54   -37.84
  22.22   -39.06
  19.78   -40.04
  18.43   -40.41
  15.75   -41.38
  13.43   -42.36
  11.47   -42.97
   9.28   -43.46
   6.71   -44.31
   5.00   -44.31
   2.56   -45.29
  -0.12   -45.78
  -2.08   -45.90
  -5.25   -46.39
  -8.18   -46.51
 -10.86   -46.88
 -14.04   -46.26
 -17.33   -46.51
 -20.75   -45.65
 -23.56   -45.17
 -26.98   -43.58
 -30.40   -42.72
 -33.57   -40.65
 -36.62   -38.45
 -40.04   -36.74
 -43.46   -34.30
 -45.41   -30.64
 -48.58   -27.95
 -50.78   -24.66
 -52.73   -20.87
 -55.18   -17.33
 -56.15   -13.06
 -58.23    -8.30
 -57.98    -4.15
 -58.96     0.61
 -58.11     5.00
 -57.62     9.89
 -56.40    14.16
 -54.32    19.04
 -52.00    22.22
 -49.56    26.12
 -46.75    28.81
 -43.95    32.10
 -41.02    33.57
 -37.72    35.77
 -34.55    37.48
 -31.98    38.82
 -28.56    40.16
 -26.00    40.41
 -23.07    41.50
 -20.87    41.99
 -18.19    42.85
 -15.63    42.97
 -13.67    43.58
 -11.23    43.33
  -8.67    44.31
  -6.47    44.31
  -4.64    44.56
  -2.44    44.56
  -0.12    45.41
   2.20    44.68
   4.52    45.41
   7.08    45.41
   9.03    45.41
  12.57    45.90
  15.14    45.17
  18.31    45.17
  20.63    44.43
  23.93    43.70
  26.98    42.36
  30.40    41.38
  33.81    39.79
  36.01    37.96
  39.06    36.01
  42.48    33.45
  44.80    31.25
  47.97    27.95
  49.68    24.41
  52.37    21.12
  54.81    18.07
  56.40    13.55
  57.86     9.89
  58.11     5.49
  59.57     1.22
  59.57    -4.03
  58.84    -8.30
  58.47   -13.55
  57.37   -17.94
  55.05   -22.34
  52.49   -26.86
  49.80   -30.76
  46.63   -33.81
  42.97   -36.62
  39.79   -39.06
  36.13   -40.28
  32.10   -42.72
  28.93   -44.07
  24.90   -44.19
  21.97   -45.65
  18.68   -44.92
  16.24   -45.53
  13.06   -45.17
  10.62   -45.29
   7.81   -45.04
   5.74   -44.43
   3.91   -44.43
   1.83   -44.68
  -0.37   -44.43
  -2.44   -44.19
  -4.39   -43.95
  -6.35   -44.07
  -8.79   -44.19
 -10.74   -43.95
 -13.18   -43.46
 -15.50   -43.21
 -18.07   -42.85
 -20.51   -42.72
 -23.56   -41.75
 -26.49   -41.02
 -29.05   -39.67
 -32.10   -38.70
 -34.79   -37.11
 -37.72   -35.28
 -40.89   -33.08
 -44.31   -30.64
 -46.39   -28.08
 -48.71   -25.15
 -51.03   -21.61
 -52.98   -17.70
 -54.93   -14.04
 -56.15   -10.62
 -57.25    -6.35
 -57.62    -1.83
 -58.35     3.30
 -57.86     6.84
 -57.25    11.23
 -56.27    15.50
 -55.42    20.26
 -53.47    24.29
 -50.66    28.32
 -48.22    32.47
 -44.80    35.77
 -41.75    38.70
 -37.35    40.77
 -34.18    42.85
 -30.15    44.43
 -26.12    46.26
 -23.19    46.51
 -19.17    46.63
 -15.63    47.49
 -12.70    46.63
  -9.52    46.39
  -6.96    46.39
  -4.15    45.78
  -1.59    44.92
   0.24    44.56
   2.44    44.07
   4.64    43.46
   6.23    42.48
   7.93    42.48
  10.13    42.36
  12.45    41.99
  14.28    41.99
  16.60    41.38
  18.92    40.41
  20.87    40.16
  23.56    39.79
  26.25    38.57
  28.93    37.72
  31.25    36.74
  34.06    35.89
  36.62    33.57
  39.31    31.86
  41.99    29.91
  44.56    26.86
  47.00    24.54
  49.19    21.48
  51.51    17.82
  52.98    14.65
  54.81    10.62
  56.52     6.96
  57.01     2.32
  57.37    -1.83
  57.62    -6.10
  56.76   -10.62
  55.54   -14.77
  55.18   -19.04
  53.47   -23.07
  51.64   -26.37
  49.07   -30.76
  46.14   -34.55
  43.21   -37.96
  39.55   -40.77
  36.25   -42.85
  32.47   -45.41
  28.20   -46.88
  24.17   -47.97
  20.26   -48.95
  16.85   -49.93
  12.82   -50.17
   9.52   -49.80
   5.98   -49.07
   2.93   -48.10
  -0.37   -47.61
  -2.81   -46.39
  -5.25   -44.92
  -7.20   -43.95
  -9.64   -43.09
 -10.99   -42.48
 -12.45   -41.26
 -14.65   -40.53
 -16.11   -40.04
 -17.46   -38.82
 -20.26   -37.96
 -21.48   -38.21
 -23.80   -37.48
 -26.00   -36.50
 -28.20   -36.25
 -30.40   -34.55
 -33.33   -33.45
 -35.64   -31.86
 -37.60   -30.52
 -40.28   -28.69
 -43.09   -26.61
 -45.41   -24.41
 -47.36   -21.24
 -49.32   -18.31
 -51.64   -14.89
 -53.22   -11.72
 -54.81    -7.45
 -55.79    -3.78
 -56.15     0.49
 -56.40     5.00
 -56.27     8.67
 -55.91    13.67
 -54.93    18.07
 -53.59    21.97
 -51.51    25.88
 -49.44    30.52
 -47.00    32.96
 -44.07    37.35
 -40.77    40.16
 -36.74    42.97
 -33.45    45.90
 -28.81    47.24
 -24.90    48.95
 -20.87    50.05
 -16.60    51.03
 -12.94    51.39
  -9.03    51.03
  -4.88    50.42
  -1.59    50.29
   2.20    48.95
   5.13    47.97
   8.54    46.51
  10.62    45.41
  13.06    43.82
  15.01    41.75
  16.48    40.16
  18.43    38.57
  19.65    36.87
  21.48    36.01
  23.32    34.91
  23.93    34.30
  25.39    32.59
  26.49    31.62
  28.56    30.76
  30.03    30.15
  31.86    29.42
  33.33    28.32
  35.77    26.86
  37.84    25.15
  39.92    23.56
  42.24    21.73
  43.95    19.78
  46.39    16.97
  48.46    14.04
  50.42    11.11
  51.88     7.57
  53.10     3.66
  54.20     0.12
  54.44    -4.03
  54.44    -8.30
  54.32   -12.33
  53.59   -16.36
  52.12   -21.36
  50.66   -24.66
  48.46   -28.56
  46.26   -32.10
  43.82   -36.25
  41.26   -39.06
  36.99   -42.24
  34.06   -45.29
  29.79   -46.88
  25.88   -48.95
  21.61   -50.29
  17.58   -51.39
  13.92   -52.37
   8.79   -52.12
   5.49   -52.00
   1.10   -51.51
  -2.32   -50.66
  -5.98   -49.32
  -9.16   -47.73
 -12.45   -46.14
 -15.50   -44.19
 -17.46   -42.36
 -19.17   -40.16
 -21.24   -37.96
 -22.95   -36.38
 -24.29   -35.03
 -24.78   -33.33
 -26.12   -31.37
 -27.47   -30.15
 -27.71   -28.81
 -29.54   -27.59
 -30.52   -25.63
 -31.25   -25.51
 -32.35   -24.41
 -34.55   -22.95
 -35.52   -22.09
 -36.99   -20.51
 -38.82   -18.43
 -40.41   -17.09
 -42.11   -15.26
 -43.95   -12.94
 -45.78   -10.50
 -47.12    -8.18
 -48.83    -4.03
 -50.17    -1.22
 -50.78     2.08
 -51.15     5.74
 -51.15     9.77
 -50.66    13.67
 -50.78    17.58
 -48.83    21.73
 -47.36    25.39
 -45.78    29.05
 -43.21    33.20
 -41.14    36.50
 -38.21    39.31
 -34.06    42.36
 -30.52    44.80
 -27.10    46.88
 -23.19    48.58
 -18.68    50.05
 -14.53    50.78
 -10.86    51.51
  -6.35    52.12
  -3.05    51.15
   1.34    50.42
   4.39    49.80
   8.18    48.58
  11.96    47.12
  15.01    45.29
  18.07    43.70
  21.00    41.26
  22.71    39.18
  24.78    37.35
  26.86    35.03
  28.08    32.71
  29.05    30.88
  30.40    27.83
  31.01    26.61
  31.62    25.02
  32.10    23.07
  32.71    21.36
  33.81    20.26
  34.42    19.04
  35.40    17.94
  36.38    16.36
  37.72    14.65
  39.18    13.67
  40.28    11.84
  41.26    10.25
  42.48     7.81
  43.70     5.86
  44.43     3.30
  45.29     0.12
  46.51    -2.81
  47.00    -5.49
  47.12    -8.91
  46.88   -12.70
  47.24   -16.11
  46.75   -19.53
  45.41   -23.07
  43.82   -26.86
  42.11   -29.79
  39.67   -33.20
  37.84   -36.50
  34.42   -39.43
  31.37   -41.75
  28.20   -45.04
  24.41   -46.88
  20.63   -48.58
  16.48   -49.80
  11.96   -51.03
   8.06   -51.76
   4.15   -51.64
   0.12   -51.27
  -3.54   -50.54
  -7.69   -49.80
 -11.23   -48.34
 -14.77   -46.75
 -17.82   -45.04
 -20.51   -42.97
 -23.32   -40.53
 -26.12   -37.96
 -27.71   -35.52
 -29.54   -33.20
 -30.40   -31.13
 -32.10   -28.81
 -32.71   -25.88
 -33.45   -23.56
 -34.06   -21.85
 -34.55   -19.65
 -34.91   -17.82
 -35.64   -16.11
 -35.89   -14.65
 -36.74   -13.18
 -37.11   -11.72
 -37.60   -10.25
 -38.45    -8.42
 -39.67    -7.08
 -40.41    -5.25
 -40.65    -2.93
 -41.75    -0.61
 -42.48     1.46
 -42.72     3.91
 -42.85     6.23
 -42.85     9.03
 -42.97    12.45
 -43.09    15.01
 -42.24    18.07
 -41.50    21.24
 -39.79    24.66
 -38.94    27.71
 -36.87    30.40
 -35.40    33.57
 -32.35    36.01
 -30.03    38.33
 -28.08    40.65
 -24.29    42.85
 -20.87    45.04
 -17.82    46.75
 -14.04    48.71
 -10.13    49.19
  -6.47    49.80
  -2.44    49.93
   2.20    49.80
   5.98    49.19
  10.01    48.10
  13.67    47.00
  16.97    45.65
  20.14    43.46
  23.19    41.02
  26.12    38.94
  28.69    36.38
  30.40    33.45
  32.10    31.01
  32.96    28.20
  35.03    25.51
  35.28    23.07
  36.01    20.14
  36.25    17.82
  36.50    15.50
  37.11    13.67
  36.62    12.08
  36.99    10.38
  36.74     8.54
  37.60     6.84
  37.84     5.49
  38.33     3.91
  38.82     2.44
  38.70     0.85
  39.55    -2.20
  39.67    -4.15
  40.16    -6.23
  40.16    -8.42
  40.28   -11.11
  40.04   -13.67
  39.55   -15.99
  38.57   -18.55
  37.11   -21.48
  36.87   -24.17
  35.03   -27.34
  33.94   -29.42
  31.37   -31.49
  29.05   -33.81
  27.10   -36.25
  24.17   -38.33
  22.09   -40.28
  18.80   -41.75
  15.99   -43.33
  13.18   -44.80
  10.13   -45.41
   6.10   -46.14
   3.05   -46.26
  -0.49   -46.63
  -4.15   -46.75
  -7.93   -46.51
 -11.47   -45.17
 -15.75   -43.95
 -18.92   -42.60
 -21.97   -40.89
 -24.90   -38.94
 -27.47   -35.89
 -30.03   -33.57
 -31.62   -31.13
 -33.33   -27.83
 -34.79   -25.27
 -35.89   -22.46
 -36.01   -19.65
 -36.25   -17.21
 -36.99   -14.40
 -36.87   -12.21
 -36.25   -10.25
 -36.25    -8.42
 -35.77    -6.23
 -36.74    -4.76
 -35.77    -3.17
 -35.64    -1.95
 -36.01    -0.61
 -35.89     1.59
 -36.25     3.05
 -36.74     4.39
 -36.99     5.98
 -36.87     8.42
 -37.11    10.38
 -36.74    13.18
 -36.50    15.26
 -36.25    17.70
 -34.91    20.75
 -34.06    23.32
 -32.59    25.27
 -30.76    28.08
 -28.93    30.15
 -27.10    32.35
 -24.78    34.18
 -22.58    36.62
 -19.65    37.35
 -16.60    39.06
 -13.79    40.28
 -10.74    41.50
  -7.81    41.75
  -4.76    42.11
  -2.08    42.36
   1.34    42.72
   4.27    42.60
   7.69    42.11
  10.38    41.50
  13.79    40.89
  16.85    39.67
  19.04    37.84
  22.34    36.74
  25.02    34.42
  26.98    32.23
  29.17    29.42
  30.88    27.59
  32.23    25.15
  33.81    22.22
  34.91    19.29
  35.40    16.60
  35.40    14.77
  35.77    12.08
  35.77     9.77
  36.01     7.32
  35.77     5.74
  35.03     3.78
  34.91     2.93
  34.79     1.10
  34.30    -0.98
  34.30    -2.32
  34.67    -3.66
  34.67    -5.00
  33.94    -6.96
  34.30    -8.91
  34.06   -10.86
  34.55   -12.57
  34.30   -15.01
  33.94   -16.97
  33.08   -19.17
  32.35   -21.61
  30.76   -24.29
  29.54   -26.37
  28.08   -29.05
  26.12   -30.52
  23.80   -32.59
  20.87   -35.03
  18.80   -36.01
  16.11   -37.60
  13.06   -38.57
   9.89   -39.43
   6.47   -40.04
   4.52   -40.53
   1.22   -40.77
  -1.10   -39.92
  -4.64   -39.79
  -7.20   -39.67
  -9.89   -39.18
 -12.21   -37.72
 -14.89   -37.23
 -17.46   -35.89
 -20.75   -34.30
 -22.58   -32.71
 -24.29   -30.76
 -26.86   -29.30
 -27.95   -26.37
 -30.03   -24.17
 -31.98   -21.97
 -32.47   -20.02
 -33.33   -16.97
 -33.57   -14.53
 -34.42   -12.70
 -34.79   -10.25
 -34.06    -8.18
 -34.67    -5.62
 -33.81    -4.03
 -34.06    -2.08
 -33.20    -0.98
 -32.84     0.85
 -32.96     1.71
 -32.71     3.78
 -32.71     4.88
 -32.71     6.71
 -32.71     8.79
 -32.35    10.50
 -32.23    11.84
 -31.62    13.55
 -31.25    15.99
 -30.52    18.19
 -29.79    20.26
 -29.17    21.97
 -28.08    24.41
 -26.12    26.61
 -24.90    28.93
 -22.83    30.03
 -20.39    31.98
 -17.82    33.69
 -15.99    35.16
 -13.31    36.62
 -10.50    37.23
  -7.69    38.21
  -4.39    38.33
  -2.32    38.82
   0.85    38.57
   3.78    37.84
   6.59    37.96
   9.40    36.38
  11.35    35.89
  14.28    34.67
  15.99    33.81
  18.68    32.71
  20.26    31.25
  23.07    29.54
  25.02    28.08
  26.86    26.25
  28.56    24.17
  29.42    21.73
  31.13    19.53
  32.23    17.58
  32.96    15.26
  33.08    12.45
  33.94     9.89
  34.06     8.30
  33.81     5.37
  33.45     3.66
  33.08     1.59
  32.96    -0.37
  32.47    -2.08
  32.10    -3.30
  31.25    -4.27
  30.52    -5.62
  30.52    -7.45
  29.91    -8.79
  30.03    -9.64
  29.42   -11.60
  29.30   -12.70
  28.69   -15.01
  28.69   -16.36
  28.20   -17.82
  27.47   -19.65
  26.86   -22.71
  25.63   -24.17
  24.29   -26.37
  22.34   -27.71
  20.75   -30.15
  18.55   -32.23
  16.48   -33.45
  13.92   -34.79
  11.11   -35.64
   8.79   -36.74
   5.13   -37.60
   2.69   -38.21
  -0.61   -37.48
  -2.69   -37.11
  -5.86   -36.87
  -8.79   -36.01
 -11.35   -35.16
 -13.43   -34.30
 -15.87   -32.84
 -17.82   -31.49
 -19.65   -29.54
 -21.61   -28.69
 -23.07   -27.10
 -25.02   -25.51
 -26.12   -23.80
 -27.59   -21.36
 -29.79   -19.90
 -30.40   -17.58
 -31.13   -15.75
 -31.62   -13.43
 -32.47   -11.11
 -33.08    -9.03
 -33.20    -6.47
 -32.96    -4.03
 -32.84    -2.44
 -32.35    -0.61
 -32.23     1.10
 -31.62     3.17
 -30.52     4.76
 -30.52     5.74
 -29.42     7.69
 -29.05     9.28
 -27.95    10.74
 -27.59    11.35
 -26.73    12.94
 -26.61    14.04
 -27.10    15.99
 -25.51    17.09
 -24.90    18.80
 -24.41    20.02
 -23.56    22.22
 -22.71    23.07
 -21.36    25.51
 -19.78    27.83
 -17.94    28.81
 -16.72    30.76
 -14.28    32.23
 -11.84    33.33
  -9.40    35.03
  -6.35    35.03
  -4.15    35.77
  -1.10    35.52
   2.08    36.25
   4.39    35.77
   7.08    34.67
  10.01    34.42
  11.84    33.20
  14.89    32.10
  16.24    30.27
  19.41    29.54
  20.26    27.71
  22.71    26.49
  24.05    24.41
  25.63    22.95
  27.10    21.24
  27.95    19.53
  29.17    17.21
  30.15    15.75
  31.25    13.67
  31.62    11.35
  32.10     9.03
  32.71     7.08
  32.10     5.25
  32.47     2.93
  31.98     0.61
  32.23    -1.46
  31.74    -3.54
  31.49    -5.13
  30.03    -6.71
  29.66    -8.42
  28.81   -10.25
  27.95   -11.60
  26.86   -12.57
  26.25   -13.79
  25.02   -14.40
  25.02   -16.60
  24.78   -16.97
  23.19   -18.55
  22.46   -19.90
  21.85   -20.87
  20.63   -22.22
  19.90   -24.17
  18.55   -25.51
  17.09   -27.47
  15.26   -28.69
  14.53   -29.79
  11.47   -31.01
   9.89   -32.71
   7.32   -32.84
   5.13   -34.18
   2.56   -34.06
   0.24   -34.67
  -2.93   -34.67
  -5.37   -34.67
  -7.69   -33.69
 -10.62   -33.33
 -13.43   -31.86
 -15.50   -31.13
 -17.82   -29.66
 -19.29   -28.08
 -21.48   -26.61
 -23.44   -24.90
 -24.41   -23.56
 -26.00   -21.48
 -26.61   -19.53
 -28.32   -17.94
 -28.93   -16.48
 -29.91   -13.92
 -30.64   -12.45
 -31.13   -10.50
 -31.49    -7.32
 -32.23    -5.62
 -32.47    -3.42
 -32.47    -1.83
 -32.47     0.12
 -31.98     2.44
 -31.49     4.76
 -31.13     6.23
 -30.15     7.93
 -29.05     9.89
 -28.20    11.72
 -27.34    13.06
 -26.00    14.53
 -25.27    15.26
 -24.05    16.36
 -23.19    18.55
 -22.34    18.43
 -21.61    20.02
 -20.39    21.00
 -19.53    22.22
 -18.55    23.32
 -17.58    24.90
 -16.48    25.51
 -14.65    27.47
 -13.18    28.32
 -11.96    29.66
  -9.77    30.40
  -7.32    31.86
  -5.49    32.23
  -3.42    33.08
  -0.49    33.57
   1.95    33.69
   4.15    33.20
   6.35    33.33
   9.28    32.71
  11.60    32.35
  14.77    31.49
  15.87    30.76
  18.68    29.17
  20.87    27.95
  22.71    26.25
  24.78    24.54
  26.25    22.34
  26.98    20.02
  28.69    17.94
  29.91    16.36
  30.76    14.77
  31.49    12.08
  32.23    10.38
  32.71     8.54
  32.84     5.49
  32.59     3.66
  32.59     1.46
  33.45    -1.46
  32.59    -2.93
  32.59    -4.64
  32.23    -7.45
  30.88    -8.91
  30.27   -10.99
  29.05   -12.70
  27.95   -14.28
  26.61   -15.87
  25.51   -16.97
  24.90   -18.31
  23.19   -19.65
  21.73   -20.75
  20.26   -21.73
  19.53   -23.32
  18.07   -23.56
  16.97   -25.02
  15.63   -25.63
  14.28   -26.73
  12.70   -27.22
  11.60   -28.69
   9.52   -29.17
   7.93   -30.76
   6.10   -31.37
   4.03   -32.35
   1.71   -32.96
  -0.49   -33.08
  -2.56   -32.96
  -5.49   -32.71
  -7.69   -32.71
 -10.38   -32.47
 -12.08   -31.74
 -14.65   -30.52
 -17.09   -29.79
 -19.17   -28.44
 -21.24   -27.10
 -22.83   -25.51
 -25.39   -23.68
 -26.61   -21.61
 -27.71   -19.65
 -29.17   -17.94
 -30.15   -15.75
 -30.88   -13.43
 -31.62   -11.47
 -32.10    -9.03
 -32.23    -6.84
 -32.59    -5.25
 -33.69    -3.05
 -32.84    -0.49
 -32.96     1.46
 -32.96     3.66
 -31.98     5.74
 -31.49     7.81
 -30.76    10.13
 -29.79    11.84
 -28.81    13.92
 -27.71    15.75
 -26.61    16.85
 -24.54    18.92
 -23.32    19.65
 -22.83    20.63
 -20.63    22.09
 -19.41    23.44
 -17.70    24.17
 -16.48    24.78
 -14.89    25.39
 -13.31    26.86
 -12.33    27.22
 -10.50    27.71
  -8.67    28.56
  -7.20    29.30
  -5.86    29.54
  -3.66    30.15
  -1.46    30.27
   0.24    30.76
   2.08    31.62
   4.64    31.62
   6.47    31.37
   9.03    30.76
  11.35    30.27
  13.31    29.79
  15.14    28.81
  17.70    27.83
  19.78    26.37
  21.73    24.66
  23.68    23.56
  25.27    21.97
  26.61    19.53
  28.32    17.94
  28.93    15.99
  30.27    14.04
  30.76    12.08
  31.13     9.52
  31.74     7.32
  31.86     5.62
  32.10     2.81
  32.23     0.85
  32.59    -0.85
  32.23    -3.30
  31.37    -4.76
  31.37    -7.08
  30.88    -8.79
  29.54   -10.50
  29.42   -12.33
  27.83   -14.77
  26.86   -15.87
  25.88   -18.19
  23.80   -19.53
  22.83   -21.36
  21.24   -22.95
  19.41   -23.44
  17.70   -24.78
  16.48   -25.51
  14.53   -26.37
  12.94   -26.98
  11.11   -27.47
   9.52   -28.32
   7.69   -28.20
   5.86   -28.69
   3.91   -28.81
   2.32   -29.54
   0.98   -29.79
  -0.73   -30.03
  -2.56   -29.79
  -4.27   -29.66
  -6.10   -29.66
  -8.06   -29.30
 -10.01   -29.05
 -11.96   -28.44
 -14.77   -27.59
 -16.72   -26.98
 -18.92   -25.15
 -20.51   -24.90
 -21.97   -22.83
 -24.41   -21.36
 -25.88   -20.14
 -26.98   -18.19
 -28.20   -16.36
 -28.81   -14.40
 -30.15   -11.96
 -30.76   -10.13
 -30.64    -7.45
 -31.37    -5.49
 -31.98    -2.93
 -31.37    -1.22
 -31.25     0.73
 -31.37     2.81
 -31.13     5.62
 -30.52     6.59
 -29.30     8.79
 -28.81    10.74
 -27.83    12.57
 -26.73    13.79
 -25.88    15.38
 -24.66    17.09
 -23.80    18.80
 -22.09    20.02
 -20.87    21.48
 -19.29    22.71
 -17.82    23.68
 -15.63    25.02
 -14.40    25.88
 -12.33    26.37
 -10.38    27.22
  -9.03    27.71
  -7.20    27.95
  -5.37    28.32
  -3.66    28.08
  -1.46    28.69
  -0.24    28.44
   1.95    28.32
   3.66    28.08
   5.13    27.83
   6.59    27.95
   9.03    27.22
  10.74    26.86
  11.96    26.49
  14.40    25.76
  15.50    24.78
  16.85    23.93
  19.04    23.07
  21.12    21.36
  23.07    20.51
  24.05    18.43
  25.39    17.09
  26.49    15.01
  27.59    13.06
  28.56    10.50
  29.42     9.28
  30.03     6.71
  30.27     4.27
  30.27     2.56
  30.52     0.24
  30.27    -1.46
  29.66    -3.42
  28.81    -5.25
  28.56    -6.59
  28.20    -9.03
  27.22   -10.86
  26.25   -12.57
  25.02   -14.04
  24.54   -15.50
  23.07   -16.85
  21.73   -18.19
  21.12   -19.29
  19.41   -20.51
  17.58   -21.73
  16.60   -22.95
  14.40   -23.68
  13.06   -24.90
  11.72   -25.88
   9.64   -26.12
   8.18   -26.49
   6.47   -26.73
   4.27   -27.10
   2.44   -27.10
   0.49   -27.47
  -0.85   -27.22
  -2.69   -26.98
  -4.64   -26.98
  -5.86   -27.34
  -7.45   -26.12
  -9.03   -25.88
 -10.86   -25.51
 -12.45   -24.41
 -13.92   -24.29
 -15.26   -22.95
 -17.70   -21.85
 -18.80   -21.12
 -20.14   -19.53
 -22.09   -18.31
 -22.83   -16.36
 -23.80   -15.26
 -25.63   -13.67
 -26.37   -12.21
 -26.86   -10.01
 -26.86    -8.18
 -28.08    -6.23
 -28.44    -4.27
 -28.20    -1.83
 -28.44     0.24
 -28.56     1.95
 -27.95     4.03
 -27.34     5.74
 -26.73     7.69
 -26.25     9.28
 -25.51    10.99
 -24.05    12.21
 -22.95    13.79
 -22.46    15.63
 -20.75    16.24
 -20.14    18.19
 -18.55    18.43
 -16.97    19.53
 -15.63    20.63
 -14.04    21.12
 -12.45    21.97
 -11.72    23.32
  -9.89    23.68
  -8.06    24.41
  -6.71    24.05
  -5.00    24.66
  -3.42    25.02
  -1.46    24.78
   0.24    24.90
   1.34    25.15
   3.42    25.15
   5.25    24.66
   6.10    23.56
   8.18    23.56
   9.16    23.19
  10.74    22.83
  12.33    21.61
  13.43    21.12
  14.77    20.14
  15.99    19.17
  17.94    18.07
  18.55    16.97
  19.78    15.63
  21.36    14.89
  22.34    12.94
  22.95    11.72
  23.80     9.89
  24.78     8.42
  25.15     6.84
  25.63     4.88
  26.00     2.93
  26.25     1.83
  25.88    -0.61
  26.00    -2.44
  25.39    -4.27
  25.27    -6.35
  24.41    -7.69
  23.80    -9.52
  23.07   -11.11
  22.09   -12.70
  20.75   -14.16
  19.78   -14.77
  18.07   -15.99
  17.21   -16.97
  15.63   -18.07
  14.53   -18.68
  13.31   -19.53
  11.72   -20.26
   9.77   -20.51
   9.03   -21.12
   7.57   -21.73
   5.98   -21.85
   4.76   -22.46
   3.42   -21.97
   1.46   -22.22
   0.73   -22.34
  -1.10   -22.22
  -1.71   -22.46
  -3.42   -21.73
  -5.37   -22.09
  -5.98   -21.36
  -7.69   -20.63
  -8.79   -20.14
 -10.25   -19.65
 -11.47   -18.80
 -12.45   -17.82
 -13.43   -17.09
 -14.53   -16.36
 -15.99   -15.87
 -16.85   -14.40
 -17.58   -13.55
 -18.19   -12.57
 -19.65   -11.47
 -20.39   -10.01
 -20.51    -8.18
 -22.09    -7.08
 -22.22    -5.62
 -21.85    -4.03
 -22.83    -2.81
 -22.95    -0.85
 -22.46     0.73
 -22.46     2.32
 -22.46     3.91
 -22.46     5.00
 -22.09     7.20
 -20.87     8.30
 -20.63     9.89
 -19.90    11.35
 -18.55    12.57
 -16.72    13.67
 -16.24    14.53
 -14.28    15.50
 -13.67    16.72
 -12.21    17.33
 -10.86    17.70
 -10.25    18.55
  -8.18    18.07
  -7.08    18.80
  -5.86    19.04
  -4.64    19.17
  -3.05    18.92
  -1.71    18.92
  -0.73    19.29
   0.49    18.80
   1.34    18.55
   2.44    18.55
   3.42    18.07
   4.64    17.70
   6.10    17.94
   7.08    17.70
   8.54    16.48
   9.03    16.36
   9.89    15.50
  10.86    15.63
  12.21    13.92
  12.33    13.79
  12.94    12.70
  14.28    11.72
  14.89    11.35
  15.87     9.89
  16.48     8.91
  16.85     7.69
  17.82     6.96
  17.70     6.10
  18.31     4.64
  18.68     3.42
  18.92     2.20
  19.53     1.22
  19.41    -0.12
  19.53    -1.83
  19.29    -2.93
  18.92    -4.15
  19.04    -5.49
  17.94    -6.59
  17.58    -8.18
  16.85    -9.77
  15.87   -10.50
  15.26   -11.96
  14.28   -12.57
  12.70   -13.67
  12.21   -14.40
  11.11   -15.26
   9.77   -15.50
   8.42   -16.24
   7.20   -16.48
   5.62   -17.33
   4.64   -17.21
   3.42   -16.97
   2.44   -16.97
   1.46   -17.09
   0.24   -16.72
  -0.37   -16.60
  -2.08   -15.99
  -2.44   -15.75
  -3.54   -15.99
  -4.76   -15.26
  -5.74   -14.77
  -5.98   -14.53
  -6.84   -14.53
  -7.69   -13.67
  -8.79   -13.18
  -8.91   -12.45
 -10.13   -12.33
 -11.11   -11.47
 -11.35   -10.74
 -11.84    -9.89
 -12.21    -9.52
 -13.18    -8.79
 -13.43    -7.81
 -13.92    -6.84
 -14.28    -5.98
 -15.26    -5.13
 -15.50    -3.91
 -15.38    -2.81
 -15.63    -2.08
 -15.75    -1.71
 -16.36     0.37
 -15.99     1.10
