1,3800,5000,14500,250
20,200,1000,0
  -2.56     2.81
  -2.32     2.56
  -1.95     3.30
  -1.83     2.93
  -1.83     3.17
  -1.59     3.17
  -1.59     3.05
  -1.46     2.81
  -1.83     3.42
  -1.34     3.05
  -1.10     3.42
  -1.34     3.42
  -1.46     4.52
  -0.98     4.64
  -1.22     5.49
  -0.61     5.86
  -0.37     6.59
   0.98     7.08
   2.56     7.45
   3.78     7.32
   5.62     6.10
   5.98     5.49
   6.84     5.25
   7.93     4.52
   8.18     4.03
  10.01     1.71
   9.40     0.00
   8.91    -1.22
   7.81    -1.71
   7.45    -1.95
   7.08    -2.81
   6.84    -3.42
   6.10    -4.88
   5.00    -4.76
   4.27    -5.13
   3.66    -5.25
   3.17    -4.88
   3.05    -4.88
   2.56    -5.13
   2.69    -5.13
   2.08    -5.00
   1.83    -4.15
   2.08    -5.00
   1.83    -5.25
   1.59    -4.88
   1.10    -4.76
   1.10    -5.25
   0.98    -5.13
   0.73    -4.88
   0.85    -5.74
   1.10    -5.25
   0.61    -5.74
  -0.37    -5.62
   0.49    -6.47
  -0.12    -6.35
   0.37    -6.84
  -0.24    -7.20
  -0.98    -8.42
  -1.95    -9.16
  -3.05    -9.64
  -5.13   -10.13
  -7.32    -9.77
  -9.03    -8.67
 -10.62    -7.08
 -10.86    -5.74
 -11.60    -3.66
 -11.72    -2.69
 -12.45    -1.22
 -11.96     1.10
 -11.35     2.56
  -9.52     3.91
  -8.42     4.15
  -7.45     4.52
  -6.71     4.76
  -6.23     4.88
  -5.13     5.25
  -5.13     5.00
  -3.91     5.13
  -3.30     4.88
  -3.05     4.64
  -2.93     4.64
  -2.56     4.39
  -2.69     4.39
  -2.32     4.64
  -2.44     4.39
  -2.20     4.15
  -2.20     4.39
  -1.95     4.64
  -1.59     4.64
  -1.95     5.13
  -1.59     4.76
  -1.46     5.49
  -1.46     5.25
  -1.71     6.23
  -0.61     5.98
  -1.34     7.08
  -0.37     6.71
   0.00     7.57
   0.73     8.54
   1.22     9.28
   2.81     9.77
   4.15    10.86
   6.59    10.25
   8.79    10.25
  10.99     8.06
  12.33     6.59
  12.94     4.52
  13.43     2.56
  13.67     0.73
  13.55    -1.46
  12.94    -3.78
  11.60    -5.25
   9.52    -5.98
   7.57    -6.71
   6.23    -6.59
   5.37    -5.98
   5.49    -6.10
   4.52    -5.98
   4.52    -5.25
   4.27    -5.49
   4.03    -5.00
   3.78    -5.74
   3.91    -5.74
   3.42    -6.10
   3.54    -6.35
   3.05    -6.35
   2.93    -6.47
   2.44    -6.35
   2.44    -6.23
   1.95    -6.84
   2.08    -6.96
   2.20    -6.96
   2.08    -7.20
   1.71    -7.20
   1.95    -8.54
   1.59    -8.54
   1.10    -9.16
   1.34   -10.01
   0.24   -10.50
  -0.37   -11.60
  -1.34   -12.57
  -2.69   -13.79
  -4.39   -14.16
  -6.47   -14.65
 -10.01   -15.01
 -13.06   -13.55
 -15.50   -11.35
 -17.58    -8.67
 -17.82    -5.49
 -17.82    -2.81
 -17.09    -1.22
 -15.99     0.98
 -15.63     3.17
 -14.16     5.37
 -11.72     6.23
 -10.13     5.98
  -8.54     5.86
  -7.57     5.74
  -7.57     5.37
  -7.32     5.25
  -6.96     5.25
  -7.08     5.13
  -6.96     5.62
  -7.08     5.25
  -7.57     5.86
  -7.08     6.71
  -6.96     6.84
  -6.10     7.69
  -5.74     7.93
  -5.49     8.18
  -5.25     8.30
  -5.25     8.54
  -5.13     9.28
  -4.52     9.89
  -4.27    10.13
  -4.15    11.47
  -2.69    12.21
  -2.69    13.18
  -1.95    13.67
  -0.85    14.53
   0.00    15.14
   1.71    15.87
   2.93    16.97
   5.00    17.82
   7.32    18.43
  10.25    18.80
  13.79    18.55
  17.46    17.46
  21.24    14.89
  24.29    10.50
  25.27     5.98
  24.41     1.83
  23.56    -1.71
  21.61    -4.27
  20.39    -6.35
  18.19    -8.42
  15.63    -8.79
  13.92    -9.77
  11.96    -8.79
  11.72    -8.79
  10.38    -7.93
  11.47    -8.79
  10.62    -8.91
  10.74    -9.40
  10.13    -9.28
  10.86   -10.25
  10.01   -10.99
  10.01   -12.21
   9.03   -13.31
   8.54   -13.67
   7.57   -14.77
   6.59   -14.77
   6.59   -15.14
   5.74   -15.26
   5.49   -16.48
   4.27   -17.94
   3.42   -18.43
   2.93   -19.41
   1.71   -20.87
  -0.49   -21.24
  -1.95   -22.46
  -3.91   -22.71
  -5.00   -22.71
  -7.57   -24.41
  -9.89   -24.54
 -12.45   -25.39
 -16.11   -25.76
 -20.02   -24.90
 -24.41   -24.05
 -28.93   -21.12
 -32.96   -17.21
 -36.13   -12.57
 -37.96    -5.98
 -37.23     0.12
 -34.91     5.00
 -32.23     9.16
 -28.56    11.84
 -26.00    13.92
 -22.34    15.01
 -19.17    15.01
 -17.46    15.14
 -15.50    13.55
 -15.75    13.55
 -15.50    13.67
 -15.26    14.28
 -14.77    14.16
 -15.26    15.75
 -14.53    16.48
 -13.67    18.19
 -13.18    19.41
 -11.72    20.87
  -9.89    21.48
  -9.28    22.09
  -7.45    22.46
  -6.84    23.07
  -6.10    24.54
  -4.39    25.27
  -3.30    26.73
  -1.22    28.08
   0.49    28.56
   2.81    29.17
   5.00    30.40
   7.08    30.88
  10.13    31.86
  12.94    32.47
  15.99    31.98
  20.51    33.33
  24.78    33.33
  29.91    32.59
  36.25    30.52
  42.48    26.98
  48.58    21.24
  52.00    14.77
  54.93     5.98
  54.44    -2.20
  52.73    -9.89
  48.83   -16.97
  43.95   -22.71
  38.09   -26.37
  32.23   -28.44
  27.47   -28.81
  23.07   -28.32
  20.14   -26.86
  18.68   -25.51
  17.58   -23.93
  18.07   -24.90
  17.82   -24.54
  17.21   -26.61
  16.97   -27.83
  16.48   -30.15
  14.77   -31.25
  13.31   -33.69
  10.38   -35.40
   7.93   -36.62
   5.13   -36.99
   3.17   -36.87
   1.10   -36.99
  -0.12   -38.45
  -2.08   -39.31
  -4.03   -41.63
  -7.32   -43.46
 -11.35   -43.95
 -15.14   -45.65
 -19.78   -45.29
 -24.17   -46.02
 -29.05   -44.80
 -34.18   -44.80
 -39.06   -43.46
 -45.41   -41.50
 -51.15   -39.06
 -57.86   -36.62
 -65.55   -31.49
 -73.00   -24.66
 -79.59   -14.28
 -83.98    -1.46
 -83.50    13.06
 -78.37    25.88
 -70.68    35.64
 -61.89    43.21
 -52.73    48.22
 -44.07    51.15
 -34.91    51.15
 -28.08    49.68
 -22.95    47.73
 -19.17    44.56
 -17.58    41.99
 -16.36    39.92
 -16.97    39.18
 -17.58    40.53
 -17.46    42.97
 -15.99    45.65
 -12.94    48.71
 -10.13    50.66
  -7.08    52.49
  -2.44    54.08
   1.59    55.54
   5.86    55.42
   9.64    55.54
  13.31    55.05
  16.48    56.03
  20.51    56.52
  24.29    57.25
  29.05    58.23
  34.91    59.08
  41.50    59.33
  49.80    57.86
  57.62    55.79
  65.43    50.78
  72.39    45.29
  77.39    38.94
  82.03    33.33
  88.13    28.69
  96.07    22.71
 105.83    13.06
 114.50    -1.83
 119.38   -20.75
 116.21   -41.99
 107.42   -60.91
  93.51   -76.17
  77.64   -86.91
  61.04   -92.41
  45.17   -93.87
  30.52   -91.19
  19.04   -87.40
   9.89   -81.42
   3.66   -74.83
   0.61   -68.24
  -0.37   -62.87
   0.85   -59.57
   2.08   -58.96
   3.54   -60.91
   2.93   -64.58
  -0.49   -68.97
  -5.37   -72.27
 -11.72   -73.49
 -18.31   -73.73
 -23.80   -73.00
 -28.56   -73.24
 -33.57   -72.75
 -39.55   -71.53
 -45.41   -71.29
 -51.88   -70.31
 -58.23   -68.24
 -64.45   -66.89
 -71.66   -64.58
 -79.47   -61.89
 -88.62   -58.47
 -98.88   -53.34
-108.89   -46.51
-119.26   -36.99
-127.69   -22.83
-134.77    -7.45
-137.70     9.52
-135.74    25.76
-131.47    39.06
-129.27    49.56
-130.25    61.89
-131.71    79.71
-127.81   104.61
-111.82   132.81
 -82.28   155.52
 -45.78   161.62
 -13.55   153.20
   7.32   138.31
  20.02   123.90
  28.81   111.45
  35.77    99.12
  39.79    87.65
  38.82    76.29
  34.79    67.63
  28.81    64.33
  23.68    64.94
  21.12    69.82
  22.58    76.42
  29.42    82.52
  38.33    85.57
  48.46    86.55
  58.72    84.47
  66.77    80.32
  74.34    75.56
  80.32    71.53
  87.28    67.14
  94.48    62.99
 102.66    57.98
 110.47    51.27
 117.80    43.09
 124.76    35.89
 131.84    26.73
 139.89    16.60
 147.46     4.27
 154.17   -10.13
 159.42   -27.95
 163.21   -48.58
 161.25   -70.92
 154.30   -95.83
 139.53  -119.87
 119.26  -136.47
  97.53  -145.63
  80.93  -149.78
  68.73  -154.66
  57.37  -164.67
  38.94  -178.96
   9.64  -191.77
 -29.79  -192.26
 -68.60  -173.95
 -92.90  -141.97
 -98.27  -108.64
 -93.14   -84.72
 -85.21   -67.99
 -76.17   -57.01
 -67.02   -50.17
 -56.88   -46.14
 -46.63   -48.58
 -40.04   -55.30
 -39.67   -66.65
 -46.63   -77.51
 -59.45   -84.35
 -74.22   -84.96
 -89.48   -80.08
-100.46   -71.53
-109.01   -61.89
-114.99   -53.47
-120.73   -46.26
-126.95   -38.21
-133.67   -29.05
-140.38   -18.68
-145.14    -6.47
-149.29     6.71
-151.61    19.78
-152.83    33.57
-153.44    47.85
-153.81    63.48
-152.34    81.67
-147.95   101.44
-139.16   122.56
-125.98   143.92
-106.32   163.09
 -81.54   178.34
 -52.37   186.28
 -24.54   185.06
  -1.59   177.00
  14.16   167.72
  26.49   162.96
  39.67   161.50
  60.42   159.06
  85.94   149.66
 112.18   126.59
 124.51    92.04
 118.41    57.25
  98.63    32.84
  74.34    23.44
  53.34    25.39
  39.55    34.91
  32.84    47.24
  30.52    60.91
  33.81    76.54
  45.04    91.19
  63.60   102.78
  89.11   105.71
 113.40    98.75
 133.06    85.08
 148.32    67.75
 156.86    50.90
 162.60    33.81
 167.24    17.46
 171.14     1.83
 172.49   -13.43
 173.46   -29.79
 172.00   -47.61
 168.21   -64.21
 163.09   -81.05
 155.40   -96.68
 147.58  -111.21
 138.55  -125.12
 128.66  -140.38
 117.07  -155.76
 101.56  -171.88
  82.03  -186.77
  57.50  -198.36
  28.56  -204.22
  -0.98  -202.51
 -27.83  -191.04
 -46.63  -174.80
 -57.62  -158.81
 -63.11  -148.19
 -69.58  -142.33
 -82.15  -136.72
 -98.39  -125.37
-111.08  -105.22
-112.18   -79.35
 -98.27   -56.76
 -77.39   -46.88
 -55.30   -51.15
 -41.14   -67.38
 -38.57   -90.45
 -48.95  -113.16
 -70.07  -130.86
 -99.00  -140.38
-131.59  -140.38
-164.92  -131.71
-195.56  -112.06
-219.36   -84.47
-234.25   -51.88
-239.62   -19.90
-237.67    10.13
-232.54    35.28
-226.32    58.96
-217.04    79.96
-207.52    99.37
-195.80   118.41
-183.72   135.50
-169.68   150.63
-154.30   164.92
-138.55   177.37
-123.05   188.23
-106.45   198.00
 -89.36   207.28
 -72.51   216.67
 -52.73   224.98
 -30.52   232.54
  -4.03   237.18
  24.41   236.21
  53.83   228.88
  79.59   213.62
  97.41   193.60
 105.71   174.32
 110.11   160.16
 115.36   151.98
 122.80   144.65
 133.18   135.01
 142.70   121.22
 145.63   103.64
 138.43    87.89
 126.59    82.89
 117.07    91.06
 118.77   107.18
 135.25   123.41
 162.96   133.30
 197.88   130.62
 234.25   116.94
 267.09    91.92
 294.92    56.15
 312.50    13.31
 317.50   -34.06
 308.96   -79.59
 290.89  -119.38
 267.33  -149.66
 241.82  -172.00
 217.90  -189.21
 196.17  -202.76
 176.27  -215.70
 156.01  -226.68
 135.62  -237.43
 113.89  -246.70
  93.02  -253.54
  71.90  -259.40
  50.54  -263.79
  29.42  -267.09
   8.79  -270.02
 -13.67  -272.34
 -37.72  -274.17
 -64.21  -273.80
 -92.90  -269.65
-123.66  -260.13
-152.34  -243.53
-176.88  -220.83
-192.75  -193.73
-200.32  -168.09
-201.78  -147.95
-202.88  -133.18
-206.67  -122.56
-213.50  -110.11
-218.87   -94.73
-220.70   -78.98
-217.53   -66.89
-213.50   -62.38
-217.41   -64.09
-230.83   -66.89
-253.78   -63.72
-283.08   -51.15
-311.89   -25.02
-335.94    12.82
-350.71    57.98
-352.42   108.52
-342.65   160.16
-319.34   209.35
-284.42   251.46
-243.16   280.27
-199.95   297.97
-160.64   306.27
-125.73   308.96
 -95.58   308.84
 -69.46   306.03
 -46.26   303.83
 -25.39   301.88
  -5.49   301.64
  14.89   301.15
  37.11   301.27
  60.42   299.93
  85.08   296.51
 109.74   291.38
 134.89   284.06
 160.89   275.02
 186.40   263.31
 213.62   247.92
 239.26   228.64
 262.94   204.10
 282.96   174.80
 294.56   142.21
 298.71   109.25
 296.63    81.30
 291.63    59.45
 287.72    42.11
 286.25    26.25
 286.25    10.86
 285.52    -4.88
 283.94   -18.92
 283.45   -31.01
 288.09   -40.65
 298.22   -52.25
 314.09   -71.04
 331.67  -100.10
 343.02  -140.75
 342.77  -190.43
 329.47  -242.31
 301.88  -291.99
 263.92  -334.84
 214.60  -368.90
 159.67  -390.50
 103.27  -397.46
  52.86  -393.07
  11.23  -379.88
 -21.24  -363.89
 -47.73  -348.51
 -70.31  -334.96
 -90.09  -323.24
-109.25  -312.26
-127.08  -302.73
-145.02  -293.33
-163.82  -285.28
-184.81  -276.86
-206.54  -267.82
-229.86  -256.23
-254.15  -242.19
-279.54  -225.10
-304.44  -203.37
-327.76  -177.49
-347.78  -146.85
-363.53  -112.30
-373.78   -73.85
-376.34   -34.67
-370.85     2.81
-358.89    35.03
-346.07    60.91
-333.13    81.30
-323.12    99.49
-315.55   117.31
-306.88   134.64
-300.05   151.12
-294.43   167.85
-292.60   185.18
-292.24   207.28
-290.89   236.94
-285.40   274.05
-271.00   316.04
-243.29   360.23
-203.61   401.37
-150.63   433.35
 -91.43   453.00
 -28.93   459.11
  31.62   450.56
  84.96   430.66
 128.05   402.47
 159.79   371.70
 182.62   341.67
 198.61   316.16
 212.04   293.33
 223.63   275.27
 235.60   259.28
 249.63   244.26
 263.55   229.98
 278.56   214.97
 294.80   201.42
 312.74   185.06
 332.52   167.24
 353.03   144.53
 373.29   118.16
 391.24    87.04
 405.27    50.66
 413.82    11.84
 416.50   -29.66
 413.57   -70.80
 403.56  -113.16
 386.60  -151.61
 364.01  -185.67
 338.26  -211.43
 313.35  -231.32
 291.99  -246.83
 273.44  -261.47
 257.45  -277.34
 240.72  -294.80
 223.63  -312.99
 206.79  -330.69
 189.45  -351.81
 169.68  -378.17
 142.09  -407.96
 103.27  -437.74
  54.08  -461.67
  -3.54  -475.34
 -64.94  -476.93
-126.95  -465.45
-183.23  -441.53
-232.30  -406.25
-269.53  -364.75
-293.95  -321.29
-308.59  -280.40
-315.43  -244.02
-318.60  -214.60
-319.95  -190.19
-322.75  -170.41
-327.88  -153.44
-334.47  -136.96
-343.99  -119.87
-354.61  -102.29
-365.72   -80.93
-377.81   -58.11
-389.28   -33.08
-399.66    -4.88
-409.06    26.86
-415.89    62.74
-419.19   103.27
-416.38   146.61
-405.03   191.28
-384.89   235.23
-356.57   274.90
-323.85   307.74
-288.45   332.52
-252.93   352.42
-217.41   366.70
-183.72   377.56
-151.49   384.40
-123.17   390.50
 -97.17   397.22
 -71.04   405.64
 -42.11   414.67
 -10.99   424.80
  24.05   433.84
  63.48   442.14
 110.35   446.17
 162.84   441.65
 216.19   426.27
 266.72   399.54
 311.65   362.67
 347.66   318.24
 373.54   269.90
 386.23   221.31
 389.40   176.03
 385.62   138.18
 379.27   106.08
 372.19    80.93
 365.60    59.81
 362.06    41.38
 361.08    24.05
 363.40     7.32
 367.43   -10.86
 372.44   -31.01
 377.44   -55.05
 381.47   -82.40
 383.18  -112.43
 381.10  -144.53
 376.59  -178.22
 369.14  -213.62
 357.79  -250.00
 340.58  -288.82
 316.89  -327.27
 285.16  -364.01
 245.97  -395.87
 200.68  -420.41
 152.34  -436.28
 105.22  -443.12
  61.65  -443.36
  21.61  -439.82
 -14.53  -435.79
 -49.80  -429.81
 -84.47  -422.85
-116.33  -413.82
-148.44  -404.42
-180.18  -395.87
-214.84  -384.89
-251.71  -370.61
-290.53  -349.37
-328.00  -321.41
-362.30  -287.84
-391.85  -247.31
-414.43  -201.29
-427.00  -152.71
-429.81  -105.10
-423.71   -61.52
-411.50   -24.78
-397.46     5.74
-382.69    30.15
-370.48    49.93
-360.23    67.50
-351.93    83.62
-346.80   100.22
-342.90   116.94
-341.67   135.86
-340.82   157.10
-339.84   183.23
-335.08   213.13
-326.78   246.09
-312.38   281.01
-291.50   315.31
-264.28   346.92
-232.67   375.49
-198.00   397.95
-161.25   419.68
-121.46   438.23
 -77.88   453.74
 -27.83   463.38
  24.66   463.62
  74.95   454.22
 119.14   435.67
 154.42   414.43
 183.23   394.90
 210.69   377.56
 238.89   361.33
 270.14   341.55
 299.32   318.12
 327.39   291.75
 353.15   263.43
 378.42   231.93
 400.02   196.41
 418.70   156.13
 429.81   113.65
 435.55    71.90
 435.67    29.42
 430.05   -12.94
 417.11   -52.86
 398.07   -87.65
 376.71  -115.48
 354.49  -136.23
 335.82  -152.95
 319.58  -167.11
 307.13  -180.42
 296.02  -194.34
 286.38  -209.23
 277.59  -226.07
 269.41  -244.51
 259.89  -265.14
 249.15  -289.43
 234.01  -316.65
 213.01  -344.60
 186.40  -373.29
 152.22  -399.54
 111.82  -420.41
  66.77  -434.94
  20.02  -441.04
 -25.63  -440.43
 -67.63  -435.06
-108.03  -427.98
-149.05  -417.11
-191.16  -402.22
-232.30  -379.27
-268.80  -350.34
-296.14  -315.67
-315.67  -281.49
-329.47  -251.95
-342.41  -227.42
-359.38  -203.37
-378.05  -176.27
-396.36  -143.92
-409.55  -106.81
-417.24   -68.48
-420.90   -30.64
-420.41     7.57
-415.53    46.39
-404.42    84.35
-389.40   118.41
-371.34   150.39
-349.61   178.34
-325.44   203.25
-299.32   223.39
-273.80   237.43
-251.83   247.68
-233.03   256.96
-216.67   267.21
-200.32   278.44
-184.94   289.92
-168.46   302.12
-151.98   315.19
-135.13   329.83
-114.50   345.83
 -90.94   362.43
 -62.13   379.15
 -28.32   393.31
  10.50   404.91
  54.44   409.67
 100.22   406.25
 144.78   394.78
 185.06   376.46
 220.83   353.27
 251.22   329.10
 278.32   303.47
 304.93   276.86
 329.22   246.58
 350.71   212.28
 365.11   173.95
 372.31   137.82
 374.51   104.74
 374.88    76.29
 378.05    50.17
 382.69    21.61
 385.38    -9.40
 384.28   -43.95
 376.71   -78.98
 364.14  -110.96
 349.73  -139.53
 333.50  -166.14
 316.53  -191.89
 296.02  -216.06
 273.56  -238.16
 248.66  -256.71
 223.39  -272.71
 197.88  -285.64
 171.39  -295.53
 146.61  -302.00
 123.66  -306.76
 102.54  -311.28
  81.54  -315.55
  60.55  -320.07
  39.43  -324.71
  17.82  -328.25
  -4.88  -333.01
 -29.79  -336.43
 -55.79  -340.70
 -85.57  -341.55
-117.68  -340.21
-152.59  -333.98
-187.99  -322.39
-222.78  -304.08
-254.64  -280.03
-281.98  -251.10
-301.64  -220.83
-317.26  -190.55
-330.32  -160.89
-340.70  -130.86
-349.85  -100.71
-356.69   -68.24
-358.03   -35.89
-355.59    -2.93
-347.78    26.73
-339.48    52.49
-331.54    75.81
-324.71   100.95
-316.04   126.71
-303.96   154.17
-286.38   180.79
-264.77   203.13
-241.70   221.31
-219.48   234.86
-199.34   248.17
-177.86   259.89
-156.01   271.61
-132.32   280.64
-108.64   287.84
 -84.59   292.60
 -61.04   295.65
 -37.23   296.63
 -14.77   296.26
   7.81   293.95
  28.56   291.75
  50.05   287.96
  70.19   283.69
  90.58   278.81
 111.21   273.68
 132.08   266.60
 153.93   259.16
 176.76   250.00
 200.68   237.06
 224.98   220.95
 247.92   201.66
 268.43   177.00
 284.55   149.90
 296.26   120.12
 303.22    91.31
 307.01    63.96
 307.86    37.84
 307.01    13.43
 306.03   -11.96
 302.98   -37.72
 297.12   -63.96
 287.35   -89.23
 273.80  -111.94
 260.25  -132.57
 245.73  -148.93
 233.40  -166.26
 219.12  -183.72
 203.00  -201.29
 183.72  -217.29
 161.74  -230.83
 138.79  -241.46
 115.23  -246.70
  95.09  -251.59
  74.46  -254.15
  53.71  -257.57
  31.37  -258.06
  11.23  -257.81
  -7.93  -254.52
 -27.71  -251.34
 -45.90  -247.07
 -62.99  -240.72
 -79.59  -234.13
 -95.58  -226.81
-110.60  -219.12
-125.98  -211.18
-141.72  -202.64
-156.25  -193.36
-172.00  -183.11
-187.38  -171.02
-202.64  -157.59
-218.02  -142.58
-232.54  -124.02
-245.36  -104.13
-255.98   -82.03
-262.57   -57.37
-265.99   -31.98
-265.87    -6.96
-260.50    16.72
-255.37    37.48
-250.37    57.01
-242.07    75.93
-233.89    95.21
-224.00   113.89
-211.43   132.32
-197.14   148.07
-181.64   161.50
-166.14   172.36
-151.37   182.98
-136.23   192.50
-119.75   202.27
-101.93   211.06
 -82.40   217.53
 -61.89   221.19
 -43.09   221.92
 -24.41   221.44
  -6.71   219.73
  10.13   218.38
  27.59   214.48
  43.95   209.47
  59.69   202.88
  74.22   195.56
  86.79   187.62
  98.75   179.20
 109.50   170.29
 121.09   161.87
 131.47   153.56
 141.36   143.80
 151.37   134.28
 161.38   125.00
 170.29   114.38
 180.42   103.03
 188.84    90.58
 198.12    76.54
 207.76    61.65
 214.84    43.82
 220.46    25.02
 223.39     4.27
 223.02   -17.09
 219.85   -38.21
 213.62   -57.74
 205.44   -75.93
 195.56   -91.55
 185.42  -105.96
 174.56  -119.51
 162.72  -133.06
 150.63  -144.65
 136.35  -155.27
 121.34  -164.18
 106.20  -170.53
  91.43  -176.51
  76.66  -182.01
  62.62  -186.16
  46.14  -190.19
  29.30  -192.14
  12.45  -191.41
  -3.54  -189.70
 -18.07  -186.77
 -32.59  -183.11
 -45.53  -177.86
 -59.33  -172.73
 -71.78  -166.02
 -83.98  -158.20
 -94.48  -150.02
-104.25  -141.60
-112.43  -132.08
-120.61  -122.92
-127.56  -114.26
-134.28  -104.86
-140.01   -96.07
-146.00   -87.16
-151.37   -77.03
-157.84   -67.75
-163.33   -57.50
-168.95   -47.24
-173.46   -35.52
-178.83   -22.46
-182.37    -7.81
-185.42     8.18
-186.16    23.93
-184.57    40.77
-179.93    57.74
-174.07    74.34
-165.77    88.75
-156.13   101.81
-145.26   114.38
-134.52   125.98
-122.56   136.35
-108.76   145.14
 -94.48   151.61
 -80.20   158.08
 -64.94   162.35
 -51.27   164.79
 -36.99   165.89
 -23.32   166.14
  -9.77   166.26
   3.54   164.92
  16.72   163.09
  29.54   159.06
  41.38   154.42
  52.98   149.90
  64.09   143.92
  74.10   137.21
  84.23   129.88
  93.38   121.46
 101.20   112.55
 107.79   103.03
 113.89    94.48
 118.90    85.94
 122.92    77.51
 126.71    69.21
 130.00    60.30
 133.18    51.51
 136.11    44.07
 138.55    36.01
 141.97    27.71
 145.63    18.19
 148.68     8.91
 151.61    -1.95
 153.56   -13.31
 154.91   -25.76
 154.54   -39.92
 152.47   -53.59
 148.32   -67.38
 141.97   -81.30
 134.77   -94.24
 125.73  -106.81
 115.23  -117.68
 103.27  -126.46
  90.58  -134.89
  76.90  -141.97
  63.23  -146.48
  48.46  -149.66
  35.28  -150.88
  22.22  -151.61
   9.40  -150.88
  -3.30  -149.41
 -15.50  -146.85
 -26.61  -143.43
 -37.60  -138.67
 -47.61  -134.03
 -57.01  -128.91
 -66.41  -123.17
 -74.22  -116.94
 -82.28  -109.99
 -90.21  -102.91
 -96.92   -95.58
-103.03   -87.28
-107.91   -77.88
-112.06   -68.97
-115.48   -60.18
-118.04   -52.49
-119.87   -44.80
-121.70   -36.87
-123.17   -29.17
-124.02   -21.24
-125.24   -14.28
-126.71    -7.08
-127.32     0.00
-129.39     7.93
-131.10    16.11
-132.32    26.37
-132.69    36.87
-131.71    48.22
-128.54    60.18
-124.51    72.39
-118.77    83.86
-111.82    95.70
-102.91   106.32
 -92.65   115.84
 -80.44   124.02
 -68.24   130.86
 -55.42   135.99
 -41.26   138.92
 -27.22   141.11
 -13.79   141.11
  -1.10   139.65
  11.35   135.86
  22.46   132.08
  33.20   127.08
  42.36   122.44
  50.29   116.70
  57.74   110.84
  64.70   105.47
  71.66    99.61
  78.25    93.75
  83.98    86.91
  89.23    80.32
  94.97    72.39
  99.73    65.43
 103.39    56.88
 105.96    48.58
 107.91    40.89
 109.62    33.57
 110.35    26.37
 111.08    19.29
 112.06    12.08
 112.79     5.00
 112.55    -2.20
 112.67    -9.16
 111.94   -15.87
 111.94   -22.58
 111.57   -29.42
 112.06   -36.87
 112.06   -45.41
 110.47   -55.30
 108.28   -65.80
 104.25   -76.54
  98.02   -86.91
  89.84   -97.41
  80.93  -106.20
  70.19  -113.89
  59.69  -120.24
  47.36  -125.37
  34.79  -129.03
  21.36  -131.10
   8.67  -130.98
  -3.30  -129.03
 -15.01  -126.59
 -26.86  -121.95
 -36.74  -118.04
 -45.65  -111.69
 -52.61  -105.35
 -60.18   -98.75
 -65.67   -93.26
 -70.92   -86.67
 -74.83   -80.81
 -79.22   -74.71
 -83.74   -69.34
 -87.52   -63.35
 -91.31   -57.25
 -94.85   -51.03
 -97.66   -44.19
-100.22   -36.87
-102.42   -29.42
-103.88   -22.46
-104.49   -15.63
-104.25    -8.91
-104.61    -2.08
-104.86     5.00
-104.49    11.35
-103.88    17.70
-103.64    25.02
-102.05    31.49
-100.59    38.33
 -98.88    45.41
 -97.05    52.49
 -94.97    60.18
 -92.04    68.12
 -88.13    77.64
 -82.28    87.28
 -74.83    96.92
 -65.55   104.37
 -53.96   110.60
 -42.48   115.60
 -31.13   118.65
 -19.53   120.12
  -7.45   120.73
   3.91   119.63
  15.50   116.82
  25.88   112.55
  34.67   108.03
  43.09   102.54
  50.42    96.19
  56.64    89.23
  61.52    83.98
  65.55    78.61
  69.21    72.88
  73.61    67.63
  77.15    63.11
  80.57    57.25
  84.47    51.03
  88.26    45.53
  91.06    39.43
  93.51    32.59
  95.46    25.76
  97.41    19.17
  97.53    12.21
  97.90     5.62
  97.78    -1.83
  97.41    -7.20
  97.29   -12.82
  96.07   -19.41
  95.95   -26.12
  94.85   -32.47
  93.51   -38.70
  91.43   -46.39
  89.11   -53.59
  86.18   -60.42
  81.54   -67.63
  77.88   -74.83
  73.24   -82.89
  67.63   -89.84
  59.33   -97.41
  50.29  -104.74
  40.16  -110.23
  28.56  -113.53
  15.38  -115.11
   4.39  -115.60
  -6.96  -113.89
 -16.97  -110.72
 -26.98  -107.67
 -36.62  -102.91
 -44.31   -97.05
 -50.90   -91.06
 -56.40   -84.47
 -61.04   -79.10
 -64.70   -73.36
 -68.12   -67.63
 -71.04   -63.23
 -74.22   -58.96
 -77.76   -54.69
 -81.42   -49.68
 -84.96   -43.58
 -88.13   -38.21
 -90.94   -32.23
 -93.02   -25.27
 -94.85   -18.68
 -95.34   -11.47
 -96.19    -4.64
 -95.58     1.46
 -94.97     7.69
 -94.97    14.28
 -94.24    19.78
 -93.75    25.76
 -92.16    32.71
 -90.70    39.31
 -89.11    46.51
 -86.18    53.22
 -82.52    60.55
 -78.25    67.75
 -73.61    74.58
 -67.87    81.18
 -62.01    87.40
 -54.93    93.38
 -46.75    99.73
 -38.57   105.22
 -27.59   109.25
 -15.63   111.94
  -3.30   112.06
   8.06   110.72
  18.92   107.54
  28.81   103.15
  37.35    98.02
  44.92    91.92
  51.27    85.69
  57.13    79.96
  60.79    73.49
  63.84    67.26
  66.53    62.26
  69.58    57.86
  71.41    53.10
  73.85    48.95
  77.03    45.04
  80.57    40.28
  83.98    35.52
  86.79    29.66
  89.23    23.32
  91.43    17.09
  92.65    10.74
  93.38     3.78
  93.63    -2.93
  93.38    -9.64
  92.90   -16.72
  91.55   -22.34
  89.84   -28.44
  88.99   -34.91
  87.04   -41.38
  85.33   -48.22
  82.28   -54.93
  79.10   -62.87
  74.71   -69.21
  69.46   -76.66
  63.48   -83.01
  56.64   -88.62
  49.07   -93.87
  41.26   -99.24
  32.35  -102.91
  22.58  -106.81
  12.08  -109.25
   0.98  -110.23
 -11.11  -109.01
 -21.85  -106.45
 -31.37  -102.17
 -40.04   -97.41
 -47.85   -91.55
 -54.32   -85.45
 -60.18   -78.74
 -64.45   -72.14
 -67.63   -65.67
 -69.95   -59.45
 -71.78   -53.96
 -73.24   -49.07
 -75.56   -44.43
 -77.39   -40.53
 -79.71   -36.25
 -81.79   -32.23
 -84.84   -27.47
 -87.40   -22.34
 -90.09   -16.11
 -90.94   -10.38
 -92.41    -3.66
 -93.51     2.81
 -93.63    10.38
 -92.65    16.60
 -91.67    23.56
 -90.58    30.03
 -87.77    36.62
 -86.06    43.21
 -83.37    49.93
 -80.57    56.03
 -77.03    63.11
 -73.24    69.82
 -67.99    76.54
 -62.01    83.25
 -54.81    88.87
 -46.63    94.24
 -39.06    98.88
 -29.54   102.29
 -20.14   105.47
  -9.77   106.69
   0.49   108.52
  11.72   106.93
  21.97   105.47
  32.71   101.20
  41.87    96.31
  49.32    90.09
  56.27    83.50
  62.01    77.15
  66.53    69.95
  70.68    62.62
  72.51    56.52
  74.58    49.32
  75.81    43.95
  76.54    39.06
  77.27    34.79
  78.37    30.88
  80.44    26.49
  82.52    22.71
  84.47    18.07
  86.30    12.82
  88.38     7.45
  89.72     0.73
  90.70    -4.88
  91.55   -12.57
  90.82   -18.31
  89.84   -25.88
  88.87   -32.71
  86.43   -39.55
  84.11   -46.39
  81.42   -52.61
  78.13   -58.84
  74.58   -65.80
  70.19   -71.78
  65.80   -78.37
  59.20   -85.08
  52.86   -90.82
  44.68   -96.31
  36.25  -100.83
  26.49  -104.86
  16.97  -107.54
   6.96  -109.25
  -4.27  -110.11
 -14.53  -109.25
 -25.63  -106.81
 -36.38  -103.52
 -45.90   -98.63
 -54.32   -92.77
 -61.77   -84.59
 -67.26   -77.39
 -72.14   -69.82
 -75.81   -62.38
 -78.00   -54.69
 -79.96   -47.85
 -80.69   -42.24
 -81.30   -36.01
 -81.05   -31.13
 -81.79   -27.22
 -82.89   -23.07
 -83.74   -18.92
 -85.82   -14.77
 -87.16    -9.77
 -88.99    -5.00
 -90.70     0.61
 -92.29     7.57
 -92.65    13.79
 -92.16    20.51
 -91.19    28.20
 -89.60    34.42
 -87.77    41.99
 -84.72    48.58
 -82.52    55.54
 -78.61    61.89
 -74.58    68.24
 -69.82    74.95
 -64.45    81.05
 -58.59    87.40
 -51.15    92.53
 -43.46    99.00
 -34.18   103.03
 -24.90   106.93
 -14.65   109.74
  -4.27   111.45
   6.59   111.94
  17.82   111.21
  28.81   109.13
  39.31   105.22
  50.05   100.22
  59.20    93.87
  67.14    86.06
  73.61    77.76
  78.37    68.97
  81.91    60.55
  84.11    52.61
  85.08    45.04
  86.43    37.72
  86.18    31.01
  85.57    26.25
  85.94    21.12
  85.82    17.09
  86.67    12.57
  87.52     8.67
  89.23     4.15
  90.45    -1.10
  91.55    -6.10
  92.77   -13.18
  93.14   -19.29
  93.14   -27.10
  92.41   -34.67
  90.21   -41.75
  87.89   -50.05
  84.11   -56.76
  80.32   -63.60
  75.81   -70.56
  70.80   -76.29
  65.67   -82.40
  59.57   -88.50
  52.98   -94.60
  45.29   -99.98
  37.11  -104.98
  27.59  -109.01
  17.82  -112.79
   7.08  -114.62
  -4.15  -115.72
 -15.63  -115.23
 -26.25  -114.01
 -37.72  -110.96
 -48.10  -107.18
 -58.59  -101.93
 -67.63   -95.58
 -76.66   -87.04
 -83.37   -77.76
 -88.87   -68.60
 -92.29   -58.72
 -94.73   -49.68
 -95.70   -41.02
 -96.19   -32.47
 -95.58   -25.63
 -94.36   -18.68
 -93.51   -13.43
 -92.29    -8.54
 -91.55    -4.76
 -91.55    -0.24
 -92.16     4.03
 -93.02     8.91
 -93.63    14.28
 -94.73    20.75
 -94.24    27.34
 -94.36    34.91
 -92.90    42.60
 -91.06    51.03
 -87.04    58.59
 -82.64    66.65
 -77.27    73.49
 -71.66    80.08
 -65.43    86.06
 -58.59    90.82
 -51.88    95.95
 -44.43   100.71
 -36.25   105.22
 -27.47   108.89
 -18.68   112.92
  -8.18   115.11
   2.44   117.31
  14.04   117.19
  25.88   116.46
  37.84   113.77
  48.58   109.74
  59.33   104.25
  69.34    97.78
  78.13    90.09
  86.18    80.44
  92.77    71.90
  97.05    61.28
 100.59    50.66
 102.78    40.28
 102.66    31.37
 102.17    22.09
 100.34    14.53
  98.27     7.32
  96.19     1.59
  93.75    -3.42
  92.29    -7.69
  91.06   -12.21
  91.06   -15.99
  91.06   -20.39
  91.43   -25.51
  91.31   -31.49
  91.43   -39.06
  90.21   -45.65
  88.13   -53.83
  85.21   -61.89
  81.05   -70.19
  75.93   -77.51
  69.58   -84.59
  62.13   -90.70
  54.20   -96.31
  46.26  -100.83
  37.84  -104.61
  29.17  -107.79
  20.26  -110.47
  10.99  -112.43
   1.95  -113.65
  -7.93  -114.87
 -18.19  -114.87
 -28.69  -114.50
 -40.28  -112.55
 -51.27  -108.52
 -62.38  -103.39
 -72.39   -96.92
 -81.05   -88.62
 -88.87   -80.08
 -95.58   -69.82
-100.34   -60.06
-104.00   -49.32
-106.08   -38.82
-106.93   -28.81
-105.10   -19.65
-103.27   -11.11
-100.95    -3.42
 -97.90     2.81
 -95.46     8.79
 -92.77    13.79
 -90.45    17.21
 -88.75    21.85
 -87.40    24.90
 -86.79    28.93
 -86.79    34.30
 -86.06    38.94
 -85.57    45.53
 -84.23    52.25
 -82.03    60.42
 -78.61    67.99
 -73.73    75.68
 -67.99    83.62
 -60.55    89.97
 -52.49    96.07
 -43.82   101.07
 -34.42   104.25
 -24.90   107.18
 -15.75   108.76
  -6.59   109.13
   2.56   109.99
  11.84   109.50
  21.36   108.89
  30.64   107.06
  40.16   104.98
  50.29   100.83
  59.45    96.31
  68.48    90.94
  76.42    84.23
  84.35    76.17
  91.19    67.75
  96.68    58.72
 100.95    48.46
 103.39    38.70
 105.10    28.32
 104.37    17.94
 103.03     9.28
 100.71     0.61
  97.17    -6.47
  93.63   -12.82
  89.97   -17.46
  86.43   -21.12
  84.23   -25.02
  82.40   -28.08
  81.67   -31.49
  80.81   -34.91
  80.69   -39.18
  80.32   -44.19
  79.96   -50.66
  78.13   -57.25
  75.93   -65.55
  72.63   -73.12
  67.50   -81.42
  60.91   -88.38
  52.86   -95.34
  43.82  -100.59
  34.79  -105.83
  24.29  -108.52
  14.40  -110.84
   4.15  -111.82
  -5.98  -111.33
 -15.75  -110.35
 -25.39  -107.91
 -33.45  -105.71
 -42.36  -102.66
 -50.29   -98.88
 -59.33   -94.73
 -67.63   -90.58
 -75.93   -84.47
 -83.86   -76.90
 -90.70   -69.09
 -96.44   -59.81
-100.59   -50.66
-104.49   -41.63
-106.93   -31.49
-108.28   -21.48
-108.52   -10.99
-106.45    -0.98
-104.00     7.57
 -99.49    15.75
 -95.09    21.48
 -90.33    27.22
 -85.57    31.13
 -82.15    33.81
 -79.22    36.50
 -77.39    39.31
 -76.05    41.87
 -75.93    45.90
 -75.20    50.17
 -75.56    56.27
 -74.22    63.11
 -71.66    70.80
 -67.87    79.22
 -62.87    87.16
 -55.18    95.46
 -46.14   102.29
 -35.77   108.40
 -24.66   112.30
 -12.94   114.26
  -1.46   115.48
   9.52   115.11
  21.12   113.16
  30.76   110.11
  40.77   106.57
  49.56   102.29
  58.59    96.44
  66.41    90.70
  73.00    85.08
  79.96    78.86
  86.67    71.78
  93.38    64.82
  99.73    56.88
 105.10    47.61
 109.25    36.87
 112.18    26.12
 113.40    15.38
 113.04     4.15
 110.72    -6.35
 108.40   -16.72
 104.25   -26.37
  98.51   -34.79
  91.67   -42.48
  84.84   -47.61
  77.64   -51.88
  71.78   -54.20
  66.04   -55.30
  61.52   -56.52
  59.08   -57.25
  57.37   -58.23
  56.15   -60.18
  55.42   -64.21
  54.57   -69.46
  52.73   -74.83
  49.07   -81.42
  43.82   -88.87
  36.62   -96.44
  29.05  -102.17
  18.80  -106.93
   7.81  -110.47
  -4.39  -112.55
 -16.60  -112.30
 -28.20  -110.84
 -39.06  -107.30
 -49.68  -101.56
 -59.57   -96.68
 -68.12   -89.84
 -75.32   -82.40
 -81.67   -75.20
 -88.01   -67.26
 -92.53   -58.47
 -97.29   -50.29
-100.34   -41.75
-103.15   -33.57
-105.83   -24.66
-107.79   -14.89
-109.50    -5.00
-109.25     6.10
-106.81    17.21
-102.78    28.56
 -96.92    37.96
 -90.45    47.00
 -82.15    52.73
 -73.00    58.11
 -64.82    61.04
 -56.27    62.87
 -48.34    62.74
 -42.60    61.16
 -37.48    59.33
 -34.67    57.74
 -33.33    56.15
 -32.84    55.54
 -33.45    56.15
 -34.06    58.84
 -33.94    62.62
 -31.98    68.24
 -29.17    74.58
 -24.17    81.42
 -17.58    87.16
  -8.91    91.43
   1.46    94.73
  11.72    96.56
  23.19    96.68
  33.94    94.12
  44.68    90.09
  54.44    85.08
  62.99    78.37
  70.56    71.29
  76.78    63.11
  82.03    54.81
  85.57    46.51
  88.99    36.99
  90.82    28.81
  92.04    20.51
  92.41    12.45
  92.53     3.91
  92.29    -4.15
  91.19   -12.45
  89.11   -21.61
  85.08   -30.03
  79.22   -38.70
  72.63   -46.14
  64.94   -52.25
  56.27   -55.91
  47.97   -57.62
  39.55   -57.74
  31.98   -56.52
  26.61   -53.34
  22.46   -50.17
  19.90   -46.88
  19.04   -43.46
  19.78   -41.02
  21.61   -40.28
  23.93   -41.02
  25.76   -43.82
  27.22   -48.22
  27.71   -53.47
  26.00   -59.69
  22.34   -66.77
  16.24   -72.88
   8.30   -78.25
  -0.85   -83.13
 -10.86   -84.59
 -21.24   -84.59
 -32.23   -82.28
 -42.24   -78.86
 -50.78   -73.49
 -58.35   -66.77
 -64.58   -59.69
 -69.82   -52.73
 -73.97   -43.70
 -77.03   -36.01
 -78.98   -28.20
 -79.22   -20.14
 -79.71   -12.57
 -78.86    -5.37
 -77.64     1.83
 -76.05     7.93
 -73.12    14.65
 -70.92    21.00
 -67.38    27.59
 -62.87    32.96
 -56.64    38.21
 -49.93    41.63
 -42.48    44.07
 -35.77    44.80
 -29.30    43.21
 -24.66    40.16
 -20.87    36.74
 -19.17    34.06
 -19.29    30.88
 -20.39    28.56
 -22.58    27.34
 -25.39    27.71
 -28.93    29.66
 -31.86    33.69
 -33.20    39.18
 -33.57    45.90
 -31.37    52.61
 -27.59    60.06
 -21.36    67.38
 -14.28    72.63
  -4.88    76.54
   5.49    78.74
  15.50    79.10
  25.88    76.54
  35.28    73.00
  44.07    68.48
  51.39    62.01
  57.50    54.44
  61.52    47.12
  65.06    39.92
  67.14    31.98
  68.73    25.27
  69.34    17.82
  68.73    11.23
  68.48     4.76
  66.77    -1.22
  64.33    -6.23
  61.89   -11.47
  59.20   -16.24
  56.15   -21.12
  52.61   -24.90
  48.46   -28.44
  43.21   -31.49
  37.84   -33.33
  32.59   -32.59
  28.56   -31.25
  25.15   -29.05
  23.80   -26.61
  24.17   -24.78
  25.63   -23.07
  27.71   -22.22
  30.40   -22.95
  32.84   -25.15
  36.13   -29.05
  37.96   -34.30
  39.06   -40.89
  38.45   -47.73
  35.64   -55.42
  30.64   -62.74
  23.93   -69.09
  15.75   -75.07
   5.86   -79.10
  -4.52   -80.44
 -15.14   -80.81
 -25.27   -78.74
 -34.79   -74.46
 -43.46   -68.48
 -51.03   -61.89
 -56.52   -55.30
 -60.30   -47.49
 -63.35   -39.79
 -65.06   -32.96
 -65.80   -26.00
 -65.67   -19.04
 -65.67   -13.31
 -64.33    -7.20
 -62.99    -1.71
 -61.04     2.56
 -58.72     6.71
 -55.91    10.99
 -52.98    14.89
 -50.54    17.33
 -47.24    19.53
 -43.58    21.85
 -40.65    23.44
 -37.72    23.32
 -35.16    22.71
 -33.45    22.09
 -33.08    21.36
 -34.42    20.39
 -36.01    20.75
 -37.60    22.09
 -40.28    24.66
 -43.21    29.05
 -44.56    34.18
 -44.07    40.16
 -42.97    47.24
 -40.28    54.44
 -36.13    61.16
 -29.91    67.87
 -22.34    73.61
 -13.31    77.76
  -3.66    80.57
   7.08    81.54
  17.21    80.57
  27.10    77.64
  36.13    73.24
  44.31    67.99
  51.15    61.77
  56.64    54.44
  60.79    46.75
  63.60    38.94
  65.19    31.49
  66.28    25.27
  65.80    18.92
  65.06    12.70
  63.72     6.35
  62.50     1.59
  60.79    -2.69
  58.23    -7.08
  55.66   -10.25
  53.22   -13.92
  51.15   -16.11
  48.10   -18.19
  45.90   -20.14
  43.46   -21.48
  41.63   -22.58
  39.92   -23.32
  39.31   -24.17
  38.82   -24.29
  39.18   -25.02
  40.16   -26.73
  41.26   -29.30
  42.36   -32.96
  43.70   -37.48
  43.21   -42.85
  41.75   -49.44
  39.31   -55.91
  34.79   -62.26
  29.17   -68.36
  21.85   -73.49
  13.67   -77.76
   4.76   -80.57
  -4.39   -82.15
 -14.53   -81.42
 -23.93   -79.47
 -33.57   -76.42
 -41.87   -72.63
 -48.83   -66.28
 -55.18   -59.94
 -59.69   -52.98
 -63.96   -44.92
 -66.65   -37.84
 -68.12   -30.64
 -68.73   -23.56
 -68.48   -16.85
 -67.50   -11.35
 -65.80    -5.49
 -64.45    -0.12
 -62.50     4.52
 -60.06     7.81
 -57.37    11.47
 -54.93    14.77
 -52.86    17.46
 -50.42    19.90
 -48.46    21.48
 -46.51    23.07
 -44.43    24.29
 -43.21    26.49
 -42.36    27.10
 -41.26    28.20
 -40.53    30.64
 -40.89    32.84
 -40.65    34.91
 -40.77    38.70
 -40.28    42.48
 -38.94    47.36
 -36.50    52.98
 -33.33    58.59
 -28.32    64.21
 -22.46    68.97
 -15.38    73.00
  -6.84    76.42
   1.22    77.76
  10.50    78.00
  18.68    76.90
  28.08    74.58
  35.64    70.80
  43.33    66.41
  49.68    61.28
  56.27    54.93
  60.67    47.73
  63.84    40.65
  66.77    33.45
  67.87    26.37
  68.12    19.29
  68.12    12.94
  67.26     6.96
  65.92     1.22
  64.33    -3.05
  62.01    -7.32
  59.69   -11.72
  57.62   -15.14
  54.81   -18.43
  51.76   -21.12
  49.44   -23.80
  47.49   -26.12
  45.41   -28.56
  43.09   -29.91
  41.14   -31.74
  39.79   -33.45
  38.57   -35.16
  37.60   -37.23
  36.62   -39.18
  34.42   -41.87
  33.69   -44.92
  32.10   -48.83
  30.03   -52.00
  27.22   -55.91
  23.44   -60.06
  19.17   -63.96
  13.92   -67.99
   7.08   -70.92
  -0.12   -72.63
  -7.93   -73.97
 -15.63   -73.49
 -23.68   -72.88
 -31.25   -70.56
 -39.18   -67.50
 -45.65   -62.87
 -52.00   -57.37
 -57.13   -51.15
 -62.50   -45.04
 -65.67   -38.09
 -67.63   -31.01
 -68.97   -24.05
 -69.58   -17.82
 -69.46   -10.86
 -68.60    -4.64
 -67.38     0.61
 -65.43     5.37
 -63.35    10.13
 -60.55    14.40
 -58.59    18.55
 -55.42    21.73
 -52.86    25.02
 -50.05    27.59
 -47.61    30.27
 -44.43    31.86
 -42.36    34.18
 -39.67    35.52
 -37.48    37.35
 -35.89    39.92
 -33.57    40.89
 -31.37    42.72
 -29.42    45.04
 -27.47    46.51
 -25.39    49.32
 -22.09    52.00
 -19.53    55.05
 -15.75    57.50
 -11.35    60.18
  -6.47    62.38
  -1.34    64.33
   4.39    66.04
  10.86    66.65
  17.33    66.53
  24.66    64.58
  31.37    63.11
  37.84    60.06
  44.19    56.76
  49.44    51.88
  55.66    46.88
  59.69    40.77
  62.99    34.79
  65.92    27.71
  67.87    21.24
  68.36    14.40
  68.73     7.57
  67.50     1.83
  66.16    -4.15
  64.21    -9.64
  62.01   -14.16
  59.33   -18.92
  56.15   -22.71
  53.22   -26.25
  50.42   -28.81
  47.61   -32.47
  44.31   -34.55
  41.63   -36.74
  38.70   -39.31
  35.77   -40.41
  32.84   -42.60
  30.27   -44.07
  27.47   -45.29
  24.54   -46.26
  22.09   -47.73
  19.17   -49.07
  16.97   -50.90
  13.43   -52.49
  10.62   -54.57
   7.08   -55.54
   3.66   -57.62
  -0.98   -59.20
  -5.25   -59.94
 -10.99   -60.79
 -15.87   -60.42
 -21.85   -60.06
 -27.59   -58.47
 -32.23   -56.76
 -38.57   -54.69
 -43.82   -51.39
 -48.95   -47.24
 -53.83   -42.85
 -58.23   -37.96
 -61.40   -32.10
 -64.45   -26.49
 -66.41   -19.90
 -67.87   -13.55
 -67.87    -6.96
 -67.87    -0.12
 -66.41     5.37
 -64.09    11.35
 -61.77    16.72
 -58.96    21.61
 -55.66    25.27
 -52.49    28.69
 -48.46    31.74
 -45.29    34.42
 -42.24    36.13
 -39.18    38.70
 -36.13    40.28
 -32.84    42.48
 -29.79    43.82
 -26.49    45.17
 -23.56    46.26
 -20.51    47.36
 -16.72    48.10
 -14.16    48.71
 -10.50    49.80
  -7.57    50.42
  -5.13    50.90
  -1.71    51.76
   1.59    52.86
   5.13    52.86
   9.16    53.34
  13.55    53.34
  17.70    53.10
  22.46    52.25
  27.34    51.15
  32.10    49.68
  36.87    47.12
  41.50    44.07
  46.02    41.14
  49.68    37.60
  53.59    32.84
  57.25    27.83
  59.57    22.46
  62.13    16.24
  63.35    10.86
  64.21     4.52
  63.96    -0.98
  62.99    -7.08
  61.16   -12.94
  58.96   -18.19
  56.27   -22.95
  53.34   -27.47
  49.19   -30.88
  45.65   -34.30
  41.87   -36.87
  38.57   -38.94
  34.79   -40.77
  31.74   -42.60
  28.32   -44.31
  25.15   -44.80
  21.73   -46.51
  18.80   -47.12
  15.50   -47.85
  11.84   -48.22
   8.54   -48.95
   5.74   -48.95
   3.05   -49.19
  -0.85   -48.83
  -3.30   -49.68
  -6.10   -49.19
  -9.52   -49.07
 -12.57   -49.19
 -16.72   -48.58
 -20.14   -48.58
 -24.05   -47.73
 -27.95   -46.26
 -32.10   -44.92
 -36.01   -42.97
 -40.41   -40.53
 -43.70   -37.48
 -48.10   -34.42
 -51.15   -30.15
 -54.57   -26.00
 -57.50   -20.75
 -58.96   -15.99
 -60.79   -10.38
 -61.52    -4.76
 -61.77     1.34
 -60.42     6.35
 -59.69    12.21
 -57.25    16.97
 -55.05    22.71
 -51.51    26.61
 -48.22    30.40
 -44.92    33.33
 -41.26    36.01
 -36.99    37.96
 -33.45    39.92
 -30.15    41.38
 -26.98    42.60
 -22.95    43.70
 -20.26    44.19
 -16.85    45.41
 -13.79    45.53
 -10.38    45.90
  -7.08    46.02
  -4.15    46.02
  -1.46    45.78
   0.98    46.02
   4.27    45.65
   6.96    45.41
   9.89    45.29
  12.70    45.29
  16.24    44.56
  19.04    44.43
  22.58    43.70
  26.25    42.48
  30.40    40.89
  33.69    39.31
  37.84    37.11
  41.14    34.18
  44.92    31.01
  47.61    27.71
  50.90    23.80
  53.22    19.53
  56.03    14.77
  57.25     9.52
  58.35     4.27
  58.72    -1.95
  58.23    -7.08
  57.13   -12.57
  55.30   -17.70
  53.10   -23.07
  49.44   -27.10
  45.78   -30.88
  42.72   -34.06
  39.06   -37.11
  34.79   -38.57
  30.76   -40.53
  27.47   -42.11
  24.29   -42.72
  21.12   -43.95
  17.46   -43.82
  14.53   -45.04
  11.60   -45.17
   8.42   -45.78
   5.37   -46.02
   2.08   -45.90
   0.12   -45.90
  -3.30   -45.29
  -5.86   -45.17
  -8.54   -45.17
 -11.47   -44.68
 -14.04   -44.31
 -17.46   -43.70
 -20.39   -43.95
 -23.32   -42.36
 -26.00   -41.99
 -30.27   -40.16
 -34.18   -38.94
 -37.11   -37.11
 -40.41   -34.55
 -44.43   -31.49
 -47.85   -28.56
 -50.78   -23.93
 -53.34   -19.78
 -55.18   -15.63
 -57.37   -10.74
 -58.47    -4.76
 -58.72     0.24
 -58.47     5.49
 -57.86    11.35
 -56.03    16.48
 -54.20    21.85
 -50.66    26.49
 -47.12    30.40
 -44.07    34.06
 -40.28    36.62
 -36.13    38.70
 -31.86    40.77
 -27.59    41.63
 -24.17    42.97
 -20.39    43.82
 -17.21    44.07
 -14.28    44.68
 -11.11    44.31
  -8.42    44.43
  -5.13    44.31
  -2.44    44.68
   0.24    44.56
   3.54    44.31
   5.62    43.95
   8.54    43.70
  11.23    42.97
  13.67    42.97
  16.60    42.36
  20.14    41.63
  22.71    40.65
  26.12    39.67
  29.42    38.33
  32.71    37.48
  36.99    35.52
  39.55    32.84
  43.46    30.40
  46.26    27.10
  49.44    23.32
  52.49    19.41
  54.57    14.65
  56.88     9.40
  58.11     4.52
  59.08    -1.46
  58.47    -6.59
  58.11   -12.57
  56.76   -18.07
  54.44   -23.32
  51.76   -28.08
  48.34   -33.08
  44.19   -36.62
  40.04   -40.28
  35.52   -42.60
  30.88   -44.92
  26.25   -45.65
  21.48   -46.63
  17.82   -47.36
  13.92   -47.00
  10.86   -47.12
   7.45   -46.51
   4.39   -46.39
   1.71   -45.78
  -1.22   -45.53
  -3.30   -45.53
  -5.98   -44.56
  -8.54   -44.31
 -10.86   -43.33
 -13.43   -43.46
 -16.24   -42.48
 -19.17   -42.24
 -21.73   -41.99
 -24.90   -41.02
 -27.34   -40.41
 -31.37   -38.82
 -34.06   -37.60
 -37.84   -35.40
 -41.38   -33.33
 -45.04   -31.25
 -48.46   -28.08
 -52.00   -23.68
 -54.44   -19.17
 -57.01   -14.28
 -58.59    -9.77
 -60.79    -4.03
 -61.16     1.22
 -61.16     7.32
 -60.42    13.18
 -58.72    19.29
 -56.52    24.54
 -53.34    30.03
 -49.93    34.42
 -45.78    38.33
 -41.14    42.11
 -36.01    44.68
 -31.25    47.49
 -25.63    47.97
 -21.36    49.07
 -16.85    48.95
 -12.45    49.19
  -8.79    47.97
  -5.49    47.49
  -2.69    46.39
   0.24    45.90
   2.93    44.68
   5.13    43.95
   7.45    43.70
   9.64    42.72
  12.21    42.97
  15.01    41.38
  17.21    40.89
  20.02    40.53
  22.22    39.43
  25.15    39.31
  28.08    38.09
  31.49    37.35
  35.16    35.89
  38.09    34.18
  41.99    32.10
  45.78    29.66
  49.07    25.88
  52.73    22.09
  55.91    17.70
  58.23    13.06
  60.55     6.96
  61.52     1.59
  62.38    -5.00
  62.01   -10.62
  60.79   -16.60
  59.45   -22.71
  57.13   -28.20
  53.71   -33.69
  49.93   -39.06
  45.29   -43.09
  39.79   -47.00
  35.03   -49.56
  29.42   -51.88
  24.41   -53.22
  18.19   -53.71
  13.31   -53.59
   8.54   -53.59
   4.88   -52.37
   0.61   -51.15
  -2.69   -50.78
  -6.10   -48.58
  -8.67   -47.12
 -11.35   -46.14
 -13.31   -44.80
 -15.63   -43.58
 -18.19   -42.48
 -20.63   -41.14
 -22.34   -40.41
 -24.90   -39.67
 -27.10   -38.94
 -29.30   -37.72
 -32.23   -36.25
 -35.40   -34.91
 -38.45   -33.08
 -41.38   -31.37
 -44.92   -29.54
 -47.97   -26.49
 -51.39   -23.32
 -54.08   -19.65
 -57.25   -15.26
 -59.94   -10.25
 -61.65    -5.13
 -62.62     0.98
 -63.60     6.84
 -62.87    12.57
 -61.65    19.29
 -59.81    25.15
 -57.50    31.13
 -53.71    36.62
 -49.56    40.89
 -45.04    45.78
 -39.43    49.32
 -33.94    52.86
 -27.83    54.20
 -22.09    55.66
 -16.48    56.03
 -10.38    56.03
  -5.49    55.79
  -1.71    54.57
   2.93    52.61
   7.20    50.78
  10.50    48.71
  13.43    47.12
  15.87    45.04
  17.82    42.60
  20.26    41.26
  21.97    40.04
  23.93    38.57
  26.25    36.87
  28.32    36.13
  29.79    34.42
  31.74    32.96
  34.18    31.49
  36.99    30.27
  39.31    28.56
  42.11    26.37
  45.17    24.05
  47.61    21.36
  50.90    18.43
  53.34    14.89
  56.27    10.50
  58.23     6.10
  59.45     0.49
  60.79    -5.00
  61.28   -11.11
  61.40   -16.60
  59.94   -22.83
  57.37   -28.56
  55.18   -34.30
  51.27   -40.16
  46.88   -45.29
  42.48   -49.32
  36.50   -52.73
  30.88   -55.91
  24.29   -58.23
  18.80   -59.45
  12.21   -59.94
   6.71   -59.69
   0.98   -58.47
  -4.03   -57.13
  -9.03   -55.30
 -12.33   -53.10
 -16.60   -50.54
 -19.78   -48.22
 -22.58   -45.78
 -24.29   -43.09
 -26.37   -40.28
 -27.71   -38.33
 -29.79   -36.25
 -31.37   -34.06
 -32.84   -31.98
 -34.42   -31.01
 -35.77   -29.79
 -38.45   -27.22
 -39.67   -26.00
 -41.75   -24.29
 -43.70   -22.09
 -46.02   -19.53
 -48.22   -17.21
 -51.15   -13.67
 -53.10   -10.62
 -55.18    -7.08
 -56.88    -2.69
 -58.23     2.20
 -59.33     7.08
 -59.20    13.31
 -59.08    18.07
 -57.50    24.29
 -56.03    30.27
 -53.10    36.13
 -49.32    41.14
 -45.65    46.26
 -40.77    50.29
 -35.16    54.20
 -29.05    56.64
 -22.71    58.72
 -16.36    60.42
  -9.89    60.42
  -3.78    60.67
   1.83    59.33
   7.08    57.62
  11.35    55.42
  15.99    52.61
  19.90    49.44
  23.19    46.75
  26.49    43.82
  28.20    41.14
  30.03    37.60
  31.49    34.79
  33.20    32.23
  34.55    30.27
  35.28    27.83
  37.23    25.88
  37.72    24.05
  39.31    22.09
  40.53    20.39
  41.75    18.68
  43.70    16.36
  45.53    14.04
  47.49    11.23
  49.44     8.30
  51.27     5.13
  52.86     1.46
  54.20    -2.56
  54.69    -7.45
  55.91   -11.84
  56.03   -16.85
  55.18   -22.58
  54.08   -27.34
  51.64   -33.08
  48.71   -38.09
  45.41   -43.58
  41.38   -48.46
  36.13   -52.37
  30.15   -55.91
  24.66   -58.84
  18.19   -61.16
  12.08   -61.65
   5.86   -62.26
  -0.37   -61.28
  -6.35   -60.18
 -11.84   -57.98
 -16.48   -56.03
 -20.63   -52.61
 -24.90   -49.56
 -27.83   -46.26
 -31.01   -42.48
 -33.20   -39.31
 -35.16   -36.50
 -36.62   -33.94
 -37.72   -30.40
 -38.94   -27.59
 -39.55   -24.90
 -40.41   -22.22
 -41.50   -20.14
 -42.60   -18.55
 -43.21   -16.36
 -44.31   -14.04
 -45.41   -11.84
 -46.51    -9.89
 -47.97    -6.59
 -49.32    -3.66
 -50.90    -0.37
 -51.51     3.05
 -52.12     6.47
 -52.73    10.50
 -52.98    14.89
 -52.37    19.78
 -51.51    24.54
 -50.42    29.05
 -48.34    33.57
 -44.68    39.55
 -41.63    44.07
 -37.60    48.34
 -32.84    52.25
 -27.47    55.05
 -21.85    57.50
 -15.87    59.57
  -9.64    60.30
  -3.66    60.55
   2.44    60.30
   8.42    58.59
  13.92    56.88
  19.29    53.71
  23.19    50.66
  27.34    47.61
  30.52    43.82
  33.45    40.41
  36.01    36.87
  37.84    33.33
  39.31    30.40
  39.79    26.98
  41.02    23.32
  41.63    20.51
  42.36    17.58
  42.60    15.50
  42.85    13.06
  43.82    10.99
  44.19     8.54
  45.29     6.35
  45.78     3.54
  46.63     1.10
  47.85    -1.22
  48.34    -4.52
  48.58    -8.67
  49.19   -11.60
  49.07   -15.99
  49.07   -19.90
  48.22   -24.41
  46.88   -28.69
  45.53   -33.08
  42.97   -36.99
  39.79   -41.63
  36.01   -46.26
  32.35   -49.68
  28.32   -53.10
  22.83   -55.79
  17.09   -58.11
  10.74   -59.57
   4.88   -60.18
  -0.98   -60.67
  -6.96   -60.30
 -12.33   -58.11
 -18.43   -56.03
 -23.44   -53.22
 -27.47   -49.93
 -31.49   -47.00
 -34.91   -42.85
 -37.72   -38.45
 -39.55   -35.03
 -41.14   -31.13
 -42.36   -27.34
 -43.33   -23.56
 -44.19   -20.39
 -44.31   -17.70
 -45.04   -14.40
 -45.04   -12.08
 -44.56    -9.40
 -45.04    -6.71
 -44.68    -4.88
 -45.04    -2.56
 -45.78     0.12
 -46.26     2.08
 -46.26     4.88
 -47.24     7.93
 -47.00    10.99
 -47.00    14.65
 -47.00    18.19
 -46.88    22.09
 -45.29    25.51
 -43.70    30.03
 -41.75    34.55
 -39.67    38.57
 -36.87    42.36
 -32.35    46.14
 -28.44    49.56
 -24.41    52.61
 -19.41    54.93
 -13.67    56.64
  -7.57    57.74
  -1.95    58.59
   3.66    58.96
   9.77    57.62
  15.26    55.54
  21.24    53.47
  25.39    50.66
  29.66    47.61
  33.69    43.09
  36.38    39.43
  39.67    35.89
  41.50    31.37
  42.60    27.34
  43.82    22.95
  44.43    19.53
  44.43    16.24
  44.43    13.06
  44.43     9.40
  44.68     6.84
  44.56     4.03
  43.46     2.32
  43.58    -0.24
  43.82    -3.05
  43.58    -5.25
  43.46    -7.32
  43.70   -10.13
  43.70   -12.21
  43.82   -15.38
  43.70   -18.80
  42.97   -22.34
  42.48   -25.51
  40.89   -29.42
  39.31   -33.45
  36.50   -37.35
  34.55   -41.02
  31.01   -44.43
  27.22   -47.36
  23.19   -50.54
  18.43   -53.34
  13.79   -55.66
   8.67   -56.76
   3.17   -57.86
  -3.05   -58.47
  -8.42   -57.98
 -14.16   -56.76
 -19.41   -54.57
 -25.15   -52.00
 -30.03   -48.83
 -34.18   -45.65
 -37.84   -41.63
 -40.89   -37.84
 -43.46   -32.35
 -45.17   -28.08
 -45.78   -24.54
 -46.26   -20.39
 -46.75   -15.87
 -47.00   -12.33
 -47.24    -9.16
 -46.02    -6.71
 -45.90    -3.42
 -45.04    -0.98
 -44.68     1.71
 -44.19     4.03
 -43.21     5.74
 -42.85     8.30
 -42.36    10.50
 -42.24    12.70
 -41.99    15.14
 -41.87    18.19
 -41.26    21.36
 -40.53    24.17
 -38.94    27.34
 -37.96    31.37
 -35.89    34.42
 -33.57    38.21
 -30.64    41.63
 -27.22    44.31
 -23.80    47.49
 -19.17    50.17
 -15.26    52.61
 -10.62    54.08
  -5.13    55.05
   0.24    55.79
   5.25    55.79
  11.11    55.30
  16.85    53.59
  22.34    51.88
  27.10    49.19
  31.98    45.17
  36.01    41.87
  39.79    38.21
  42.24    33.33
  44.43    29.17
  46.51    24.29
  46.88    20.39
  47.12    15.63
  47.85    11.72
  47.36     7.57
  46.39     4.15
  45.78     0.85
  44.80    -2.08
  43.46    -4.88
  42.85    -7.20
  41.63    -9.64
  41.14   -11.47
  39.92   -13.79
  39.06   -15.50
  38.94   -18.07
  38.09   -19.90
  37.72   -22.58
  36.62   -24.78
  36.01   -28.69
  34.06   -30.52
  32.71   -34.18
  30.27   -37.23
  28.08   -40.41
  24.41   -43.46
  21.73   -46.39
  17.70   -48.46
  13.55   -50.54
   9.16   -52.37
   4.27   -53.96
  -0.37   -54.32
  -5.86   -54.32
 -10.38   -53.96
 -16.36   -53.10
 -21.73   -51.51
 -26.86   -49.19
 -31.37   -47.12
 -36.01   -43.21
 -39.55   -39.43
 -42.97   -35.03
 -45.17   -31.13
 -47.49   -26.00
 -49.19   -21.48
 -49.68   -17.21
 -49.56   -11.84
 -49.56    -7.93
 -49.19    -4.03
 -47.24    -0.12
 -47.00     3.66
 -45.41     5.98
 -44.07     9.03
 -42.36    11.35
 -40.77    13.92
 -39.55    14.89
 -38.82    17.70
 -37.60    19.53
 -36.13    20.51
 -35.40    23.07
 -34.06    25.02
 -33.08    27.83
 -31.62    29.54
 -30.03    32.71
 -27.95    35.28
 -25.76    37.96
 -23.32    40.77
 -20.26    42.72
 -17.33    45.29
 -13.18    47.61
  -9.28    49.19
  -5.49    50.42
  -0.12    51.03
   4.64    51.64
   9.64    50.90
  14.16    50.66
  19.41    49.07
  24.29    47.61
  29.17    44.80
  33.69    41.99
  37.84    38.45
  40.89    34.42
  44.19    30.52
  46.26    25.88
  47.85    20.75
  49.19    16.48
  49.68    11.35
  49.68     6.23
  48.71     2.20
  47.85    -2.08
  45.65    -5.62
  44.80    -8.67
  43.09   -11.84
  40.89   -13.92
  39.06   -17.09
  37.48   -18.31
  35.64   -20.51
  34.30   -21.73
  32.47   -23.80
  31.13   -25.88
  29.42   -26.86
  28.44   -29.05
  26.86   -30.40
  25.27   -32.71
  23.44   -34.67
  21.85   -36.99
  19.65   -38.57
  16.97   -41.02
  14.16   -42.97
  10.99   -44.31
   6.96   -47.00
   3.42   -47.73
  -0.98   -48.46
  -5.25   -49.19
  -9.64   -48.10
 -14.40   -48.34
 -18.92   -47.49
 -23.93   -45.41
 -27.59   -43.95
 -31.98   -41.14
 -35.77   -38.21
 -39.18   -35.03
 -42.72   -31.13
 -44.68   -26.49
 -47.85   -21.97
 -48.83   -17.58
 -50.05   -12.57
 -50.29    -7.69
 -49.93    -2.93
 -48.34     1.10
 -47.85     5.98
 -46.02     9.03
 -44.19    12.70
 -41.87    15.01
 -39.43    17.82
 -37.23    19.78
 -35.40    21.00
 -32.96    23.07
 -31.13    24.54
 -29.17    25.51
 -27.34    27.10
 -25.51    28.69
 -24.90    29.42
 -22.71    31.13
 -21.36    32.47
 -19.29    34.06
 -17.70    36.01
 -14.77    37.96
 -12.94    39.43
  -9.77    40.53
  -6.71    42.36
  -3.17    43.21
   0.00    44.19
   4.15    44.19
   8.30    44.80
  12.94    44.68
  16.97    43.95
  20.87    42.11
  24.66    40.77
  28.56    38.82
  32.96    36.01
  35.89    33.45
  38.82    29.54
  41.87    25.51
  44.68    21.00
  46.26    16.97
  47.36    11.84
  48.10     8.18
  48.58     3.05
  47.97    -1.59
  46.51    -5.98
  45.78    -9.89
  43.09   -13.43
  41.02   -16.48
  38.94   -19.53
  36.13   -22.09
  33.45   -24.41
  30.52   -25.88
  28.81   -27.22
  26.12   -27.83
  23.93   -29.54
  21.97   -30.03
  20.75   -31.13
  18.19   -32.10
  16.72   -32.71
  14.77   -33.81
  13.31   -34.67
  11.23   -36.01
   9.40   -36.99
   6.23   -38.33
   4.27   -39.43
   0.85   -40.28
  -1.71   -40.89
  -5.62   -41.38
  -8.67   -41.75
 -12.45   -41.75
 -15.87   -40.89
 -20.26   -39.92
 -23.19   -38.21
 -27.47   -37.23
 -30.76   -34.06
 -34.79   -32.35
 -37.23   -29.17
 -40.53   -25.51
 -42.72   -21.85
 -44.43   -18.07
 -46.39   -13.79
 -47.00    -9.52
 -47.24    -5.13
 -47.61    -0.24
 -46.26     4.39
 -46.63     8.30
 -44.07    11.60
 -42.11    15.14
 -39.79    19.17
 -37.35    21.24
 -34.67    24.05
 -31.13    25.88
 -28.44    27.34
 -26.00    28.69
 -23.44    29.79
 -21.12    29.54
 -19.17    31.01
 -16.48    31.13
 -14.77    31.98
 -13.18    31.86
 -11.23    32.71
  -9.40    33.33
  -7.69    34.18
  -5.37    34.67
  -3.54    35.89
  -1.10    35.89
   1.46    36.87
   4.27    37.72
   7.57    37.35
  10.86    37.84
  14.04    37.35
  17.33    36.50
  21.00    35.28
  24.54    33.69
  27.71    32.47
  31.01    29.54
  33.45    27.10
  36.25    24.41
  38.57    20.75
  41.26    17.82
  42.24    13.31
  44.31     9.16
  45.04     5.37
  45.53     0.73
  44.43    -3.54
  44.43    -7.32
  42.36   -11.72
  40.65   -14.40
  38.70   -18.80
  36.50   -21.73
  33.45   -24.29
  30.76   -26.61
  27.83   -28.32
  25.39   -29.91
  22.09   -30.76
  19.41   -31.49
  16.36   -31.74
  15.01   -32.35
  11.96   -32.10
  10.25   -32.96
   7.81   -32.71
   6.96   -33.57
   4.64   -33.57
   3.05   -34.18
   0.49   -34.91
  -1.22   -35.40
  -3.42   -35.77
  -6.10   -36.01
  -8.91   -36.38
 -11.84   -35.64
 -14.40   -35.89
 -17.82   -34.30
 -21.00   -34.18
 -24.17   -32.71
 -26.86   -30.15
 -30.27   -28.81
 -32.59   -26.61
 -35.16   -24.05
 -37.48   -20.63
 -39.55   -17.46
 -41.14   -14.04
 -42.36   -10.38
 -43.70    -6.59
 -43.82    -1.95
 -44.68     1.83
 -43.70     5.49
 -43.09    10.01
 -41.63    13.31
 -39.31    16.97
 -37.60    20.02
 -34.79    22.95
 -31.49    25.51
 -28.81    28.08
 -26.00    29.05
 -22.71    30.40
 -20.14    32.10
 -17.58    32.10
 -14.53    32.59
 -11.60    32.71
  -9.64    32.71
  -7.57    32.35
  -5.49    32.47
  -3.91    32.71
  -2.20    32.59
  -0.37    33.69
   1.46    32.96
   3.78    33.81
   5.98    33.20
   8.18    33.08
  11.60    33.57
  14.16    32.84
  16.60    31.74
  19.29    31.37
  22.95    30.03
  25.15    28.08
  28.20    26.49
  30.76    24.05
  33.33    21.73
  35.16    19.41
  37.60    16.36
  38.70    12.82
  40.04     9.52
  41.26     5.74
  42.24     1.71
  42.11    -2.08
  41.63    -6.10
  40.77   -10.38
  39.31   -13.06
  38.21   -17.21
  36.25   -20.26
  33.45   -23.56
  30.76   -25.88
  27.71   -28.44
  25.27   -30.27
  22.22   -31.74
  18.80   -32.35
  16.11   -33.69
  12.70   -33.81
   9.89   -34.18
   7.69   -33.57
   4.88   -34.18
   3.30   -33.45
   1.10   -33.45
  -0.61   -33.08
  -2.08   -32.71
  -4.76   -32.35
  -5.74   -32.71
  -8.54   -32.35
 -10.62   -32.59
 -12.94   -31.98
 -14.77   -31.62
 -18.31   -31.37
 -20.39   -30.88
 -23.07   -28.69
 -25.27   -27.47
 -28.81   -25.76
 -30.52   -23.80
 -32.71   -21.24
 -35.16   -18.43
 -37.23   -16.24
 -39.06   -13.18
 -40.41    -9.64
 -41.02    -5.62
 -41.38    -1.83
 -41.87     1.95
 -41.02     5.25
 -41.14     9.28
 -39.92    13.18
 -38.21    16.72
 -36.38    19.41
 -34.18    22.71
 -31.86    25.51
 -28.93    27.47
 -26.49    29.79
 -22.71    31.74
 -19.29    33.08
 -15.75    33.20
 -13.31    34.06
  -9.77    33.94
  -7.20    34.18
  -4.39    33.69
  -1.59    33.20
  -0.12    32.59
   1.83    32.47
   3.05    31.62
   4.76    31.25
   6.96    31.13
   8.67    30.40
  10.86    30.27
  12.70    29.05
  15.26    29.42
  17.21    28.69
  19.78    27.95
  21.85    26.12
  24.78    25.15
  26.86    23.07
  29.42    21.24
  31.86    19.41
  33.57    16.85
  35.16    14.04
  36.99    11.23
  38.45     7.32
  38.82     4.15
  39.92     0.73
  39.92    -2.69
  39.79    -6.71
  39.18   -10.86
  38.21   -14.04
  37.11   -16.97
  34.79   -20.51
  33.20   -23.80
  30.15   -26.73
  27.59   -29.42
  24.17   -31.25
  21.12   -32.84
  17.58   -35.03
  14.40   -35.52
  10.74   -35.52
   7.20   -36.01
   4.39   -35.16
   1.95   -34.91
  -0.73   -34.30
  -2.56   -33.45
  -4.88   -32.47
  -7.45   -31.86
  -9.16   -31.01
 -10.38   -30.27
 -12.57   -29.17
 -13.92   -28.56
 -15.63   -27.95
 -17.70   -27.34
 -19.41   -26.12
 -21.48   -25.63
 -23.44   -24.29
 -25.02   -22.95
 -26.98   -21.61
 -29.54   -19.53
 -31.62   -17.46
 -33.20   -15.01
 -35.03   -12.45
 -36.62    -9.64
 -37.35    -6.84
 -37.96    -3.54
 -38.94     0.00
 -38.94     3.17
 -38.82     6.59
 -37.84     9.64
 -37.23    13.06
 -36.13    16.72
 -33.94    19.78
 -32.35    22.83
 -30.03    25.51
 -27.34    27.95
 -23.68    30.03
 -21.24    32.10
 -17.33    33.33
 -14.16    34.55
 -10.74    35.64
  -7.32    35.03
  -4.03    35.16
  -1.34    34.67
   1.46    33.94
   4.52    32.84
   6.71    31.74
   8.91    30.76
  10.38    29.17
  12.45    28.08
  13.43    26.98
  15.14    25.27
  16.60    24.78
  17.82    23.44
  19.41    22.09
  20.75    21.00
  22.46    20.39
  24.05    19.41
  25.39    17.82
  27.47    16.48
  28.81    14.40
  30.64    12.57
  32.23     9.52
  32.96     7.08
  34.18     4.39
  35.16     1.22
  35.52    -1.59
  35.77    -4.88
  35.89    -7.69
  34.55   -10.74
  33.69   -14.04
  32.47   -17.09
  31.01   -20.63
  29.17   -22.71
  27.10   -25.76
  24.54   -28.20
  22.22   -30.27
  19.04   -32.10
  15.87   -33.69
  12.45   -34.67
   9.03   -35.28
   5.62   -35.64
   2.32   -35.52
  -1.34   -35.03
  -4.27   -34.79
  -6.84   -33.33
  -9.52   -32.35
 -11.47   -30.88
 -13.43   -28.93
 -15.26   -27.71
 -16.60   -25.39
 -18.19   -24.54
 -19.65   -22.46
 -20.63   -21.12
 -21.73   -19.90
 -23.32   -18.07
 -23.68   -17.58
 -25.27   -16.24
 -26.25   -14.53
 -27.34   -13.43
 -28.20   -11.47
 -28.93    -9.89
 -30.64    -7.69
 -31.74    -5.62
 -32.47    -3.05
 -32.59     0.12
 -33.69     2.08
 -33.08     5.00
 -33.33     8.18
 -32.71    10.38
 -31.49    13.43
 -30.76    16.48
 -29.42    19.04
 -27.59    21.36
 -25.27    23.93
 -23.44    26.00
 -20.75    27.71
 -17.94    29.91
 -15.38    31.74
 -12.08    32.10
  -8.91    33.20
  -5.86    33.69
  -2.56    33.57
   0.85    32.84
   3.42    32.35
   6.84    31.25
  10.01    30.52
  12.21    28.69
  14.04    26.73
  15.63    25.76
  17.09    24.05
  18.43    21.85
  20.14    19.78
  21.00    17.94
  21.48    16.36
  22.34    14.77
  23.44    13.79
  24.17    12.08
  24.66    10.86
  25.39     9.03
  26.49     7.45
  27.10     6.23
  27.47     4.15
  27.95     2.08
  29.30     0.49
  29.17    -1.95
  29.42    -4.88
  29.17    -6.71
  29.30    -9.16
  28.32   -11.60
  27.59   -14.65
  26.49   -16.60
  24.90   -19.04
  23.07   -21.36
  21.36   -23.68
  18.80   -25.27
  17.21   -27.10
  14.65   -28.56
  11.84   -29.79
   9.28   -30.88
   6.35   -31.86
   3.05   -31.62
  -0.37   -31.74
  -2.81   -31.74
  -5.62   -30.88
  -8.79   -30.03
 -11.11   -29.30
 -13.43   -26.98
 -15.75   -25.76
 -16.97   -24.17
 -18.92   -21.85
 -20.39   -20.26
 -20.87   -18.19
 -21.85   -16.36
 -22.58   -14.40
 -22.95   -12.94
 -23.93   -11.35
 -23.80    -9.77
 -24.05    -8.18
 -24.90    -6.84
 -25.63    -5.37
 -25.39    -3.66
 -25.27    -1.71
 -26.12    -0.98
 -26.37     0.98
 -27.10     3.54
 -26.61     5.25
 -26.12     7.45
 -26.25     8.79
 -25.76    12.21
 -24.66    13.43
 -23.56    16.48
 -22.09    17.46
 -20.51    19.65
 -19.17    21.61
 -16.60    22.95
 -14.65    24.41
 -13.06    26.25
  -9.89    26.61
  -7.32    27.47
  -5.00    27.83
  -1.95    28.08
   0.24    28.32
   3.17    28.08
   5.98    27.22
   7.93    25.88
  10.01    25.15
  12.08    23.80
  14.77    22.71
  16.48    20.63
  17.46    18.43
  18.07    16.97
  19.78    15.01
  20.87    13.18
  21.12    10.86
  21.85     9.03
  22.09     7.93
  22.09     6.35
  22.46     4.15
  22.22     3.66
  21.97     1.59
  22.22     0.37
  22.34    -0.85
  22.22    -2.20
  22.22    -3.05
  22.09    -5.13
  21.85    -6.71
  21.61    -9.03
  21.36   -10.86
  21.12   -12.08
  20.39   -13.79
  18.92   -16.11
  18.31   -17.33
  16.48   -19.17
  14.77   -20.87
  13.31   -22.09
  10.74   -23.07
   8.67   -24.29
   6.84   -25.02
   5.00   -25.15
   1.83   -25.27
   0.00   -26.25
  -2.20   -26.12
  -5.25   -25.51
  -7.08   -24.90
  -9.16   -23.80
 -11.84   -22.58
 -13.31   -21.97
 -14.77   -20.26
 -16.97   -18.92
 -18.68   -16.85
 -19.53   -14.77
 -19.78   -13.43
 -20.87   -11.72
 -21.36   -10.13
 -21.48    -7.81
 -21.73    -5.98
 -21.73    -5.00
 -21.85    -2.93
 -21.48    -2.20
 -20.26    -0.61
 -21.24     0.73
 -20.63     1.83
 -20.75     2.81
 -20.39     4.27
 -19.65     5.49
 -19.65     7.20
 -19.53     8.30
 -18.68    10.25
 -18.31    11.72
 -17.58    13.06
 -16.60    14.16
 -15.50    15.75
 -14.16    16.97
 -12.94    18.31
 -10.99    19.04
  -9.03    20.63
  -7.93    21.00
  -5.49    21.73
  -3.17    22.09
  -1.34    22.34
   0.85    22.09
   2.81    21.97
   4.76    21.36
   6.35    21.12
   8.67    19.90
  10.62    19.41
  12.08    18.07
  13.79    16.11
  14.40    15.26
  16.11    14.04
  17.70    12.08
  18.07    10.01
  18.43     8.91
  18.43     6.71
  18.92     5.13
  19.17     3.91
  18.80     1.83
  18.80     0.85
  18.92    -0.73
  17.94    -1.71
  18.19    -3.17
  17.58    -4.39
  16.97    -5.00
  16.85    -6.47
  16.85    -7.08
  15.63    -8.54
  15.50    -9.40
  14.89   -10.62
  13.79   -12.08
  13.67   -12.33
  12.70   -14.16
  11.23   -15.63
  10.38   -16.72
   8.54   -16.97
   7.57   -18.19
   5.98   -18.43
   4.39   -19.29
   2.93   -20.14
   1.22   -20.14
  -0.61   -20.26
  -2.56   -20.14
  -4.03   -19.53
  -5.74   -19.29
  -8.06   -18.80
  -9.28   -17.70
 -10.62   -16.72
 -12.45   -15.87
 -13.31   -14.89
 -14.77   -13.31
 -15.50   -12.21
 -16.11   -10.86
 -17.21    -9.16
 -17.70    -7.32
 -17.70    -6.47
 -17.82    -4.15
 -17.82    -3.17
 -17.70    -1.83
 -17.70    -0.49
 -17.33     1.10
 -17.09     1.95
 -16.48     2.81
 -16.11     4.27
 -15.99     4.52
 -15.38     6.35
 -14.65     6.84
 -13.67     7.57
 -13.55     8.79
 -12.94     9.52
 -11.72    10.62
 -11.60    10.74
 -10.62    11.96
 -10.13    12.82
  -9.28    13.67
  -7.57    14.40
  -6.47    15.01
  -5.98    15.63
  -3.66    16.48
  -2.20    16.48
  -1.34    16.36
   0.61    16.24
   1.83    16.85
   3.30    16.11
   4.64    15.87
   5.98    14.89
   7.08    14.65
   8.42    13.92
  10.13    12.94
  11.23    11.84
  11.96    11.23
  12.82     9.28
  13.06     8.18
  14.04     6.71
  14.53     5.37
  14.40     4.64
  15.26     2.93
  14.89     1.83
  14.65     0.61
  15.26    -0.24
  14.04    -1.71
  13.92    -2.93
  13.55    -4.03
  13.18    -5.00
  12.45    -5.00
  12.33    -6.35
  11.72    -7.45
  10.86    -7.45
  10.62    -8.42
  10.13    -9.16
   9.03    -9.77
   8.67   -10.74
   7.93   -10.50
   7.45   -11.84
   5.86   -12.21
   5.74   -12.94
   4.64   -13.31
   3.78   -13.18
   2.20   -14.53
   0.98   -14.40
  -0.24   -14.16
  -1.10   -14.89
  -2.69   -14.40
  -3.66   -14.04
  -5.37   -14.40
  -5.62   -13.43
  -7.81   -13.06
  -8.18   -12.21
  -9.40   -12.33
 -10.01   -10.86
 -10.74   -10.13
 -11.96    -8.67
 -12.21    -7.93
 -13.43    -6.84
 -13.31    -5.98
 -13.67    -4.52
 -13.67    -3.54
 -13.43    -2.20
 -13.92    -1.22
 -13.43    -0.37
 -13.55     0.49
 -13.18     1.71
 -12.70     3.05
 -12.21     3.17
 -11.60     4.64
 -11.60     4.76
 -11.11     5.62
 -10.25     6.59
 -10.01     6.96
  -9.03     7.45
  -8.42     8.06
