1,3800,5000,14500,250
20,200,1000,0
   3.91    -3.30
   4.27    -3.42
   3.66    -3.91
   3.42    -3.78
   2.93    -3.78
   2.69    -4.03
   1.83    -3.91
   1.83    -4.39
   1.10    -3.91
   1.71    -4.27
   1.46    -3.78
   0.98    -4.03
   1.46    -4.64
   0.85    -4.15
   0.61    -5.00
   0.73    -5.25
  -0.24    -5.74
   0.24    -5.98
  -0.24    -6.23
  -1.83    -6.47
  -2.20    -7.20
  -3.42    -6.96
  -5.13    -6.59
  -6.23    -5.98
  -6.59    -5.37
  -8.42    -4.39
  -9.28    -2.81
  -9.64    -0.49
  -8.79     0.98
  -7.32     1.95
  -6.84     2.08
  -6.47     2.20
  -6.10     2.69
  -6.71     3.30
  -5.37     4.03
  -5.25     4.03
  -4.03     4.76
  -3.54     4.76
  -3.17     4.39
  -2.32     4.76
  -2.44     4.52
  -2.20     4.76
  -1.95     5.13
  -1.34     4.64
  -1.10     4.76
  -0.98     5.00
  -0.85     5.25
  -1.10     6.23
  -0.85     5.13
   0.49     5.86
  -0.12     6.35
   1.22     6.23
   0.98     6.84
   2.20     6.84
   2.44     7.69
   3.42     7.81
   5.13     8.06
   6.84     7.81
   8.06     6.84
   9.40     5.62
  10.13     3.54
  11.11     2.56
  11.72     0.49
  10.74    -1.59
   9.64    -3.17
   8.06    -3.78
   7.45    -4.39
   7.20    -4.52
   6.59    -4.88
   6.10    -5.49
   5.25    -5.98
   4.52    -5.49
   4.39    -6.35
   2.56    -5.98
   2.93    -6.84
   2.20    -5.74
   2.20    -5.98
   1.83    -5.86
   0.85    -6.10
   1.46    -6.10
   0.98    -6.23
   0.61    -5.86
   0.85    -6.35
   0.00    -6.23
   0.37    -6.71
  -0.49    -7.20
  -1.10    -7.45
  -1.34    -8.18
  -2.20    -8.06
  -3.42    -9.03
  -4.64    -9.16
  -6.84    -9.52
  -8.67    -8.30
 -10.13    -7.32
 -11.23    -5.49
 -12.33    -3.91
 -12.82    -2.20
 -13.06     0.37
 -12.82     2.56
 -11.11     4.15
 -10.13     4.88
  -8.18     5.49
  -7.57     6.10
  -6.71     5.86
  -6.23     6.35
  -5.62     6.47
  -4.76     6.47
  -3.78     6.84
  -3.91     6.96
  -3.54     6.71
  -2.44     6.84
  -2.20     6.96
  -1.71     6.47
  -1.71     7.08
  -0.98     6.35
  -1.22     6.96
  -0.49     6.96
  -0.61     7.32
  -0.12     7.57
   0.00     7.93
   0.73     7.93
   0.98     8.79
   1.71     9.40
   2.81     9.77
   4.03    10.50
   5.62    10.74
   7.20    11.23
   9.89    10.38
  12.33     9.40
  14.28     6.35
  15.26     3.91
  15.50     1.46
  15.01    -0.49
  14.77    -2.93
  13.43    -5.25
  11.47    -6.10
   9.89    -7.08
   9.16    -6.59
   7.57    -6.96
   7.32    -7.32
   7.20    -7.69
   5.98    -7.93
   5.00    -8.30
   4.52    -8.30
   4.27    -8.30
   3.42    -8.30
   2.56    -8.67
   2.20    -9.16
   1.46    -8.91
   1.10    -8.30
   1.22    -8.42
   0.85    -8.42
   0.37    -9.03
   0.61    -9.40
  -0.37    -9.40
  -0.73   -10.25
  -1.59   -10.74
  -1.95   -11.11
  -3.42   -11.60
  -4.52   -12.21
  -6.23   -13.18
  -8.54   -13.55
 -11.11   -13.06
 -14.53   -11.72
 -17.94    -8.91
 -19.29    -5.62
 -19.04    -1.83
 -18.19     1.10
 -17.46     3.66
 -15.87     5.49
 -14.04     7.20
 -12.45     8.54
 -10.62     8.54
  -9.52     8.18
  -8.79     8.30
  -8.67     8.67
  -7.93     9.16
  -7.08     9.77
  -6.71     9.64
  -5.98    10.38
  -4.88    10.86
  -3.78    11.35
  -3.05    11.35
  -1.59    11.60
  -1.71    11.35
  -0.73    11.47
  -0.85    11.72
  -0.37    11.47
   0.00    12.08
   0.85    11.96
   1.59    12.45
   1.95    13.43
   3.17    14.16
   4.52    14.53
   5.86    15.26
   8.30    16.36
  11.11    17.46
  14.53    16.97
  18.31    15.63
  22.22    12.45
  24.78     8.30
  25.63     3.91
  24.90    -1.34
  23.44    -5.25
  21.61    -7.57
  18.80    -9.16
  16.60   -10.62
  14.40   -11.47
  12.57   -11.72
  11.47   -11.11
  10.62   -11.47
  10.50   -12.08
   9.16   -13.18
   9.03   -13.43
   8.18   -14.04
   7.32   -14.65
   5.74   -15.26
   4.27   -15.99
   3.66   -16.36
   2.20   -15.99
   0.49   -15.26
   0.12   -15.50
  -0.85   -15.99
  -1.46   -15.87
  -1.95   -16.48
  -3.05   -16.85
  -3.91   -17.46
  -5.00   -18.31
  -6.59   -19.17
  -8.79   -19.53
 -11.60   -20.63
 -15.01   -21.12
 -19.04   -21.48
 -23.93   -19.53
 -29.42   -15.63
 -33.08   -10.62
 -34.18    -4.15
 -34.18     1.95
 -31.86     7.45
 -28.20    10.99
 -24.78    13.79
 -21.85    15.87
 -18.68    16.11
 -16.24    15.99
 -13.79    16.24
 -13.18    15.87
 -12.70    16.60
 -11.84    16.85
 -11.35    17.58
  -9.89    18.80
  -8.67    19.65
  -7.08    20.63
  -5.86    21.73
  -3.78    21.85
  -2.20    21.61
  -0.24    21.61
   0.49    21.12
   1.71    21.73
   3.05    22.22
   4.03    22.71
   6.23    23.56
   7.93    24.17
   9.28    24.54
  12.21    25.27
  14.77    26.12
  17.94    27.22
  22.22    27.22
  28.20    26.37
  34.42    24.17
  40.65    19.29
  45.29    12.33
  47.85     3.54
  46.75    -5.86
  44.07   -12.57
  39.31   -18.19
  34.18   -21.97
  29.42   -23.56
  24.66   -25.27
  21.24   -25.27
  18.31   -25.51
  16.24   -24.90
  14.77   -23.56
  14.40   -24.54
  13.06   -25.39
  12.21   -26.49
  10.38   -27.47
   8.79   -29.17
   6.59   -29.91
   3.91   -31.01
   1.59   -31.74
  -0.49   -32.35
  -2.93   -32.10
  -5.00   -32.59
  -6.96   -33.20
  -9.40   -33.57
 -12.45   -34.18
 -15.63   -34.18
 -18.92   -34.55
 -22.58   -35.16
 -27.71   -34.91
 -32.59   -33.94
 -38.57   -32.96
 -44.92   -30.27
 -52.00   -26.37
 -59.08   -20.02
 -65.43    -9.64
 -67.14     1.95
 -65.67    15.14
 -59.81    25.63
 -52.49    32.23
 -45.04    36.62
 -37.23    39.06
 -30.76    40.28
 -25.15    40.04
 -21.12    39.92
 -17.70    38.94
 -15.14    37.23
 -13.67    36.99
 -12.70    37.11
 -11.72    38.94
  -9.40    40.77
  -7.20    42.60
  -3.78    43.58
  -0.98    44.68
   2.93    45.65
   6.10    46.75
  10.13    47.36
  14.04    47.49
  18.07    47.73
  23.07    47.97
  27.95    48.10
  33.57    47.85
  39.92    46.39
  46.51    43.70
  52.37    39.06
  57.37    35.64
  63.11    32.59
  70.68    28.08
  79.35    20.75
  86.79     9.16
  91.92    -4.88
  91.67   -21.85
  87.28   -36.87
  78.13   -50.42
  65.92   -59.81
  53.71   -65.55
  41.75   -67.50
  31.49   -66.65
  23.56   -65.31
  16.11   -62.62
  11.11   -60.30
   8.42   -57.13
   6.23   -55.54
   5.13   -55.05
   3.30   -56.76
   0.98   -58.84
  -3.91   -60.79
  -8.42   -62.01
 -14.04   -61.77
 -18.92   -62.01
 -24.17   -61.77
 -29.17   -61.77
 -35.52   -61.77
 -41.63   -60.67
 -47.97   -59.08
 -55.18   -56.88
 -62.50   -54.20
 -70.92   -50.29
 -80.08   -46.02
 -89.36   -37.96
 -97.41   -27.22
-102.42   -14.28
-103.88    -1.71
-104.98     7.08
-109.13    16.36
-115.36    30.76
-117.07    52.73
-108.89    78.25
 -89.48    98.75
 -65.31   108.40
 -44.56   109.38
 -26.86   106.08
 -13.43   101.07
  -2.32    94.73
   5.49    88.26
  10.62    81.54
  13.55    76.42
  14.53    72.63
  15.63    71.41
  17.46    71.78
  20.87    74.10
  26.98    75.93
  33.81    76.54
  41.50    75.20
  48.83    73.61
  55.42    71.17
  63.23    68.73
  71.29    64.58
  78.98    60.55
  86.30    55.66
  94.48    50.05
 102.78    43.09
 111.21    35.16
 119.63    24.90
 128.42    12.70
 136.72    -3.17
 141.85   -22.71
 140.38   -45.29
 132.08   -66.28
 120.97   -81.79
 111.08   -93.14
 104.98  -105.71
  96.92  -124.39
  77.88  -147.58
  44.92  -162.60
   7.45  -160.77
 -20.02  -144.90
 -34.91  -126.83
 -41.75  -111.21
 -46.26   -99.00
 -48.58   -89.72
 -48.46   -82.64
 -47.36   -77.88
 -48.34   -76.66
 -50.54   -76.66
 -55.18   -77.64
 -62.26   -78.49
 -71.53   -76.78
 -80.81   -72.27
 -88.99   -66.65
 -96.07   -60.42
-104.00   -54.08
-111.57   -46.63
-119.38   -37.60
-125.73   -27.34
-131.59   -15.75
-136.84    -3.05
-140.87    10.13
-144.29    24.41
-146.85    40.41
-148.19    58.84
-146.00    81.18
-138.67   105.71
-122.80   129.03
 -99.73   145.87
 -75.81   154.91
 -56.27   158.94
 -39.92   163.94
 -21.36   172.61
   6.23   180.05
  41.87   176.51
  74.22   156.49
  91.31   127.08
  93.26    99.37
  87.52    80.44
  78.98    70.80
  73.24    67.02
  70.19    66.65
  71.90    68.24
  76.17    70.31
  83.98    70.07
  92.29    67.63
 102.78    62.62
 112.55    55.18
 121.22    45.53
 126.95    34.55
 132.08    23.44
 137.33    13.18
 142.46     1.22
 145.87   -12.70
 147.46   -29.42
 146.73   -45.17
 143.68   -61.16
 139.65   -75.93
 134.52   -91.67
 129.15  -107.79
 121.22  -125.73
 108.28  -146.00
  88.75  -164.79
  61.40  -178.83
  32.23  -182.74
   6.59  -180.18
 -12.08  -175.17
 -30.52  -172.61
 -54.32  -171.02
 -83.13  -161.25
-108.89  -138.06
-121.83  -105.47
-117.07   -74.95
-101.68   -56.76
 -85.57   -51.15
 -75.68   -54.93
 -73.73   -62.50
 -78.98   -70.56
 -90.33   -74.71
-105.22   -74.46
-120.85   -68.12
-134.52   -56.88
-145.75   -43.09
-154.30   -27.47
-160.40   -10.50
-162.48     7.08
-162.96    24.05
-160.64    41.38
-158.94    57.50
-154.66    75.56
-147.95    92.53
-138.18   109.25
-125.98   123.05
-113.89   135.38
-101.07   147.34
 -87.28   160.40
 -72.02   173.46
 -51.39   185.67
 -25.39   194.34
   3.30   195.56
  29.66   188.96
  49.93   177.00
  64.45   166.63
  80.32   159.67
 100.34   150.15
 120.36   130.86
 131.59   103.03
 126.46    75.44
 108.64    60.67
  93.87    62.13
  88.75    73.73
  97.41    84.84
 114.62    91.80
 136.35    89.60
 158.45    80.08
 178.10    62.99
 193.73    40.04
 201.66    14.40
 204.83   -11.35
 203.49   -35.77
 198.85   -59.94
 191.28   -82.28
 180.18  -102.66
 168.46  -120.61
 153.81  -136.60
 138.79  -151.86
 122.19  -164.06
 105.10  -175.42
  87.28  -183.96
  69.95  -191.65
  51.76  -198.49
  32.84  -204.96
  11.23  -210.45
 -12.94  -214.48
 -39.67  -212.65
 -66.28  -204.71
 -87.04  -190.67
-102.91  -177.25
-115.48  -166.38
-131.47  -155.64
-148.44  -140.63
-161.25  -118.77
-162.60   -95.34
-155.52   -77.64
-145.75   -75.44
-146.61   -82.28
-161.99   -89.84
-187.74   -85.82
-214.11   -69.82
-235.96   -44.56
-250.24   -13.43
-257.93    22.34
-255.25    58.47
-245.24    92.04
-229.25   120.48
-211.43   143.92
-192.75   163.94
-173.34   182.25
-151.25   197.02
-129.39   209.96
-106.08   218.87
 -83.37   227.05
 -62.01   232.54
 -39.92   236.33
 -18.68   237.67
   2.20   240.36
  24.05   241.82
  48.34   242.07
  74.22   239.50
 102.66   232.91
 130.00   219.73
 152.71   200.93
 169.19   180.91
 180.54   162.60
 193.36   146.85
 207.52   129.64
 219.48   106.93
 224.00    82.89
 221.31    63.48
 218.02    52.37
 221.31    48.71
 235.72    44.31
 258.06    31.62
 282.35     4.76
 297.36   -34.67
 301.03   -79.35
 291.26  -124.63
 272.46  -163.94
 245.97  -197.75
 215.33  -224.73
 182.13  -243.04
 151.49  -255.74
 122.07  -264.28
  94.48  -270.63
  67.38  -274.29
  40.65  -276.86
  15.38  -276.98
  -9.77  -276.25
 -33.57  -273.32
 -57.50  -269.78
 -81.18  -265.14
-105.96  -259.89
-131.84  -253.05
-158.69  -243.53
-187.01  -229.86
-214.60  -209.84
-238.40  -183.84
-254.88  -154.17
-264.04  -125.98
-268.68  -100.71
-275.51   -78.98
-282.47   -55.30
-286.50   -28.93
-284.55    -2.08
-278.32    17.09
-277.22    30.76
-285.52    44.43
-299.07    67.14
-310.67   101.93
-312.62   146.97
-300.29   196.17
-274.90   241.82
-238.77   279.54
-195.43   307.74
-149.90   325.07
-105.59   332.89
 -64.09   332.28
 -29.05   327.51
   2.44   319.34
  30.03   311.52
  54.69   303.71
  78.86   296.14
 101.68   289.06
 125.49   280.27
 149.78   271.61
 174.19   259.89
 199.10   246.58
 224.00   230.83
 249.27   212.77
 274.41   190.92
 298.58   163.45
 319.82   131.23
 333.13    93.99
 339.48    55.66
 338.26    21.00
 334.59    -9.89
 329.71   -37.96
 324.58   -66.77
 316.04   -93.99
 304.81  -118.65
 294.80  -139.53
 289.67  -160.52
 288.57  -185.42
 285.03  -221.19
 271.48  -264.53
 242.31  -309.20
 200.68  -346.31
 150.51  -373.05
  96.31  -386.96
  43.46  -389.28
  -5.86  -382.20
 -48.34  -367.55
 -83.62  -348.75
-112.43  -329.71
-135.25  -310.55
-156.62  -294.80
-176.39  -280.76
-197.63  -266.36
-219.24  -252.93
-242.19  -237.30
-265.14  -219.36
-287.35  -197.75
-309.69  -174.44
-330.20  -148.19
-350.46  -117.19
-367.19   -82.76
-379.76   -43.46
-385.62    -0.85
-385.01    44.07
-374.39    86.06
-358.40   123.17
-339.72   154.54
-321.04   182.13
-302.73   208.50
-282.47   232.06
-262.82   254.88
-243.65   274.17
-226.81   298.34
-206.54   327.27
-179.32   360.47
-137.82   392.58
 -85.82   416.50
 -26.98   427.98
  32.35   424.19
  87.28   409.79
 133.91   385.50
 171.88   357.18
 200.32   326.05
 222.05   297.36
 237.43   270.39
 251.22   247.80
 264.89   227.54
 279.79   209.84
 297.24   191.77
 315.80   171.39
 334.11   148.07
 353.03   121.22
 370.24    91.19
 385.99    56.52
 397.46    18.92
 404.66   -22.46
 407.10   -65.92
 401.86  -111.21
 389.53  -156.37
 368.90  -199.58
 342.53  -238.89
 310.55  -270.39
 278.56  -296.51
 246.34  -317.75
 215.82  -336.18
 184.57  -354.00
 152.59  -370.73
 119.63  -386.35
  84.84  -401.98
  45.04  -417.60
  -2.81  -430.42
 -57.74  -434.45
-114.99  -425.90
-169.43  -405.27
-216.55  -374.02
-253.78  -337.28
-281.25  -297.73
-300.17  -258.30
-311.52  -222.41
-318.36  -191.04
-322.27  -165.16
-327.27  -143.43
-335.21  -124.02
-346.92  -103.64
-359.74   -81.67
-374.39   -54.20
-387.08   -23.32
-396.85    13.06
-402.83    50.66
-405.03    91.80
-402.83   136.11
-393.80   182.37
-376.95   229.49
-350.71   274.78
-317.26   315.92
-276.98   349.73
-234.01   376.22
-188.11   394.78
-143.43   407.84
-100.10   414.55
 -59.94   418.70
 -20.51   420.90
  19.04   422.00
  61.04   421.63
 104.61   418.21
 151.37   408.94
 199.22   393.31
 246.70   366.94
 288.82   331.67
 320.43   289.67
 343.14   245.48
 355.22   202.76
 361.94   162.35
 362.30   126.83
 360.72    95.58
 357.06    69.58
 356.08    47.12
 356.93    27.22
 361.94     6.47
 369.02   -16.60
 376.71   -45.04
 382.81   -77.27
 384.40  -114.38
 382.08  -153.20
 375.37  -195.19
 361.57  -238.16
 341.31  -282.47
 313.48  -325.56
 277.10  -366.21
 232.42  -401.98
 180.42  -429.32
 123.78  -446.66
  67.63  -452.76
  15.50  -451.54
 -32.96  -444.82
 -78.13  -433.11
-120.97  -418.58
-160.77  -401.37
-198.12  -383.18
-235.11  -361.69
-273.07  -336.43
-308.96  -305.18
-340.70  -266.97
-365.36  -224.37
-381.35  -178.47
-388.55  -134.03
-388.06   -92.53
-383.30   -55.66
-375.98   -23.56
-366.70     3.66
-358.28    26.98
-352.17    47.97
-348.14    67.63
-347.05    88.87
-347.66   112.30
-349.00   139.65
-348.14   172.24
-343.38   210.57
-331.42   251.34
-310.91   293.09
-283.20   331.91
-249.15   367.55
-210.82   400.15
-166.26   429.81
-114.01   453.98
 -55.05   469.97
   7.20   474.37
  67.99   465.58
 122.31   447.75
 170.41   423.46
 212.28   396.61
 249.02   367.19
 281.86   337.04
 312.13   304.44
 339.97   269.17
 364.38   231.57
 384.64   190.80
 399.54   146.36
 406.25   100.59
 405.15    54.81
 397.34    14.77
 384.40   -21.36
 369.75   -51.51
 354.49   -76.90
 340.82   -98.51
 328.00  -117.31
 319.34  -135.38
 311.28  -154.66
 306.15  -175.05
 300.05  -197.39
 293.70  -225.10
 283.94  -255.74
 269.78  -290.65
 248.17  -328.13
 217.41  -364.87
 177.49  -398.32
 130.25  -423.58
  78.98  -440.92
  26.61  -451.78
 -26.61  -455.81
 -83.01  -454.35
-140.75  -444.58
-198.61  -422.24
-248.66  -388.43
-288.57  -348.27
-317.50  -307.98
-341.67  -269.78
-362.79  -232.06
-380.74  -192.26
-395.63  -151.00
-405.52  -109.74
-411.38   -66.53
-411.87   -20.87
-404.17    22.95
-389.89    64.21
-369.75    98.14
-347.78   127.32
-324.58   149.54
-303.34   167.97
-284.91   182.98
-269.29   195.92
-257.57   209.84
-246.22   225.34
-236.08   244.14
-223.39   265.87
-209.72   290.04
-191.16   316.53
-167.60   343.38
-136.72   370.97
 -99.37   396.73
 -55.18   417.36
  -2.56   430.79
  52.49   434.81
 107.54   428.22
 159.55   413.33
 208.13   391.97
 254.15   365.84
 297.85   333.13
 336.79   291.63
 365.60   243.41
 381.59   194.70
 389.04   150.15
 393.19   110.72
 396.61    72.75
 398.68    33.81
 397.46    -5.62
 391.24   -45.17
 380.13   -83.62
 362.79  -120.85
 341.06  -154.66
 314.94  -182.37
 287.35  -204.71
 260.74  -220.58
 236.57  -232.30
 215.94  -242.80
 196.53  -251.95
 178.59  -261.47
 163.70  -273.19
 147.71  -286.99
 129.52  -301.88
 109.62  -318.24
  85.21  -335.57
  56.52  -352.29
  22.09  -368.04
 -16.60  -379.64
 -61.16  -386.96
-109.50  -386.72
-160.03  -377.56
-208.37  -358.40
-252.32  -330.81
-290.53  -297.97
-322.75  -261.35
-350.22  -221.92
-373.54  -178.59
-389.16  -131.23
-394.65   -82.28
-391.24   -36.25
-381.35     2.56
-371.09    36.50
-360.60    68.12
-350.22    99.85
-335.45   131.96
-316.41   163.33
-294.43   191.16
-269.53   214.72
-242.31   234.01
-213.99   249.63
-187.13   260.25
-161.99   268.43
-138.55   274.54
-117.68   280.52
 -97.41   286.62
 -76.54   292.36
 -55.30   299.32
 -32.96   306.40
  -9.64   313.48
  16.48   319.34
  45.78   323.73
  77.76   326.66
 112.06   325.68
 149.54   320.07
 189.58   309.57
 229.37   290.65
 266.85   264.28
 298.58   230.47
 323.61   193.48
 342.29   154.05
 354.86   114.87
 364.01    74.46
 367.55    33.20
 364.62    -8.42
 354.61   -48.58
 339.36   -83.86
 320.80  -112.79
 302.49  -138.67
 284.67  -162.84
 265.14  -187.01
 242.55  -210.08
 216.80  -229.61
 189.58  -245.36
 162.60  -256.35
 135.62  -264.77
 109.86  -269.04
  85.82  -272.46
  63.35  -274.05
  41.75  -275.02
  21.24  -275.63
  -0.12  -277.22
 -21.73  -278.08
 -44.56  -278.56
 -68.60  -276.98
 -94.24  -273.44
-120.24  -268.07
-147.22  -260.13
-173.58  -249.39
-202.03  -235.60
-229.98  -218.02
-257.32  -194.95
-281.25  -166.63
-301.27  -132.69
-314.82   -96.07
-320.80   -60.30
-322.39   -24.90
-320.68     8.67
-316.04    41.99
-307.01    75.81
-293.21   108.15
-274.41   135.86
-253.17   158.94
-232.18   177.61
-211.67   194.82
-191.04   210.45
-168.09   225.71
-143.31   238.53
-116.94   248.17
 -90.33   253.66
 -64.70   255.74
 -40.28   255.00
 -17.58   253.42
   3.17   249.51
  21.85   244.51
  39.67   240.36
  56.88   236.21
  74.83   232.06
  93.63   226.68
 113.16   221.80
 133.30   213.75
 154.17   203.86
 175.05   192.26
 196.53   177.61
 215.94   160.03
 234.50   138.92
 251.22   115.11
 265.87    88.75
 275.27    58.47
 280.40    28.20
 279.66    -3.05
 274.54   -33.20
 266.60   -59.57
 257.93   -85.45
 246.22  -110.60
 230.71  -134.77
 212.40  -157.47
 190.19  -175.54
 167.72  -189.21
 145.75  -199.83
 125.61  -208.25
 105.35  -216.19
  84.11  -223.02
  61.52  -227.42
  37.84  -229.13
  15.63  -228.27
  -5.25  -224.98
 -25.15  -219.97
 -44.07  -213.50
 -61.16  -206.18
 -76.42  -198.00
 -90.45  -190.31
-104.61  -182.01
-117.80  -173.46
-131.35  -165.65
-145.26  -156.62
-160.03  -145.75
-174.19  -134.03
-188.96  -119.38
-202.88  -103.39
-216.19   -84.47
-227.54   -62.87
-235.47   -38.82
-240.48   -12.33
-241.21    15.14
-237.18    41.26
-228.39    65.31
-217.90    87.65
-206.18   108.28
-192.38   126.59
-177.00   143.43
-159.67   160.77
-140.26   174.19
-119.02   184.20
 -97.78   190.55
 -77.76   195.31
 -58.84   198.24
 -40.16   200.20
 -21.61   201.66
  -2.56   200.68
  15.99   196.66
  34.06   191.65
  50.90   185.55
  65.43   177.86
  79.22   169.43
  91.92   160.89
 104.00   151.25
 114.62   141.85
 123.90   132.93
 134.40   123.05
 144.04   112.92
 154.54   102.05
 164.79    90.45
 174.19    76.90
 182.50    62.50
 190.80    46.75
 197.75    29.05
 201.90     9.64
 205.20   -11.96
 204.71   -34.55
 199.83   -57.62
 191.53   -78.98
 180.30   -99.24
 166.63  -115.48
 152.47  -130.25
 136.72  -143.07
 120.85  -155.03
 103.03  -165.16
  83.62  -172.49
  64.33  -176.76
  45.41  -178.34
  28.69  -178.71
  11.96  -177.37
  -4.39  -176.03
 -20.26  -173.34
 -35.77  -168.46
 -50.54  -162.60
 -63.96  -155.15
 -76.78  -147.09
 -88.26  -138.43
 -98.39  -129.52
-107.42  -119.63
-115.84  -110.96
-123.05  -100.59
-130.25   -90.70
-137.33   -80.69
-144.04   -70.19
-150.02   -59.33
-157.47   -47.61
-162.23   -34.55
-167.48   -21.48
-171.63    -6.47
-174.07     9.77
-175.29    27.95
-173.34    45.90
-169.07    64.94
-161.25    83.50
-150.15   101.07
-137.57   116.09
-123.29   128.42
-108.52   138.92
 -92.53   147.83
 -76.05   155.52
 -57.74   160.64
 -40.04   163.45
 -23.56   163.57
  -7.20   161.50
   7.69   158.33
  21.61   154.91
  35.03   150.76
  48.34   145.26
  60.42   138.67
  71.90   130.86
  81.91   122.56
  91.06   113.77
  99.12   104.61
 107.06    94.73
 113.40    85.57
 118.04    75.56
 122.44    66.65
 127.08    57.13
 131.71    47.12
 135.99    37.96
 140.01    27.95
 143.07    17.21
 146.12     5.37
 149.17    -7.57
 150.51   -21.61
 150.15   -35.64
 148.44   -51.51
 144.53   -67.87
 137.70   -83.98
 128.17   -99.37
 115.84  -113.04
 101.81  -124.51
  87.65  -133.06
  71.90  -140.50
  56.03  -145.63
  39.79  -148.56
  23.07  -150.02
   7.20  -149.05
  -6.96  -145.75
 -21.00  -142.58
 -33.33  -137.33
 -45.41  -131.59
 -56.27  -125.12
 -66.77  -118.29
 -75.81  -110.96
 -84.35  -102.78
 -91.43   -94.48
 -98.02   -85.08
-103.52   -76.42
-108.76   -66.89
-112.18   -57.37
-115.48   -48.34
-118.41   -39.55
-121.46   -30.88
-123.29   -22.58
-125.61   -13.67
-127.81    -3.91
-129.27     5.49
-131.23    16.36
-131.47    27.71
-131.35    40.16
-129.52    53.22
-125.49    67.50
-119.38    81.67
-110.84    95.70
-100.10   108.03
 -86.79   119.14
 -72.27   127.20
 -57.13   133.91
 -41.38   138.06
 -25.88   140.01
 -10.50   139.53
   4.88   137.45
  18.19   133.67
  30.27   128.30
  41.26   121.83
  51.64   115.72
  60.91   109.38
  68.73   102.29
  76.42    94.60
  83.50    86.79
  89.36    78.49
  94.85    70.43
  99.12    62.01
 102.78    53.22
 105.35    44.31
 108.15    35.52
 110.11    27.34
 111.45    19.29
 112.30    11.60
 112.92     3.66
 114.50    -4.88
 115.36   -13.92
 116.09   -22.83
 115.60   -32.71
 114.01   -43.21
 112.43   -54.32
 109.25   -66.41
 104.37   -78.49
  97.17   -91.06
  87.28  -102.78
  75.56  -112.06
  61.52  -120.73
  46.63  -126.46
  31.62  -130.13
  15.99  -131.23
   0.73  -130.37
 -13.67  -127.20
 -26.49  -122.19
 -37.72  -116.58
 -47.85  -110.35
 -55.91  -102.66
 -64.21   -95.34
 -70.80   -87.40
 -76.17   -80.32
 -81.18   -72.63
 -85.82   -65.55
 -89.72   -57.37
 -93.02   -50.54
 -96.44   -43.09
 -98.27   -35.52
-100.71   -27.10
-102.29   -20.63
-103.39   -12.33
-104.13    -4.76
-104.61     2.81
-104.37    10.50
-104.74    18.43
-104.49    26.86
-103.27    35.77
-101.44    44.92
 -99.98    55.05
 -95.83    65.06
 -90.94    75.44
 -84.47    85.69
 -76.05    95.34
 -65.92   105.96
 -53.10   113.16
 -39.43   118.65
 -25.15   122.68
 -10.25   123.05
   4.15   121.70
  17.82   118.04
  30.03   112.92
  40.41   106.93
  49.07    99.73
  56.88    92.65
  63.96    85.33
  69.34    77.88
  74.83    70.80
  78.61    63.60
  81.67    56.40
  85.33    49.44
  87.52    41.87
  89.36    35.40
  92.04    28.69
  93.38    22.22
  94.73    15.38
  95.83     7.81
  96.68     0.85
  97.17    -6.35
  97.90   -13.67
  96.92   -21.24
  96.92   -29.30
  95.34   -37.48
  93.26   -46.26
  90.21   -55.30
  86.43   -64.58
  81.18   -73.61
  74.83   -82.15
  67.38   -92.04
  57.74   -99.73
  46.39  -107.67
  33.45  -112.79
  19.29  -115.48
   5.62  -116.33
  -8.06  -114.99
 -20.75  -111.82
 -32.35  -106.20
 -42.48   -99.61
 -50.54   -93.14
 -57.74   -85.82
 -63.96   -78.49
 -69.34   -71.17
 -72.75   -63.96
 -76.66   -57.86
 -79.96   -50.42
 -82.76   -44.19
 -85.33   -37.23
 -86.79   -30.40
 -88.75   -23.93
 -89.72   -17.46
 -91.55   -10.99
 -91.80    -4.76
 -91.92     2.93
 -92.53     9.40
 -91.80    16.48
 -91.80    23.44
 -90.45    31.01
 -89.84    39.06
 -87.28    46.51
 -84.35    56.15
 -80.44    64.33
 -75.20    73.24
 -68.36    81.18
 -61.04    89.60
 -51.76    96.68
 -41.14   103.03
 -28.81   108.15
 -15.75   111.57
  -2.08   112.18
  11.60   110.35
  23.68   106.45
  34.91   101.20
  43.58    94.48
  52.86    87.77
  59.33    80.44
  64.21    72.63
  69.21    65.43
  72.02    59.33
  75.68    52.00
  78.74    45.90
  81.05    39.31
  82.76    32.96
  85.08    26.73
  85.94    20.14
  87.52    13.67
  88.26     7.32
  88.38     0.85
  89.36    -6.10
  88.87   -12.21
  88.75   -19.90
  87.77   -26.49
  86.43   -33.69
  85.08   -41.26
  82.89   -49.19
  79.83   -57.50
  75.81   -66.28
  69.82   -74.10
  63.11   -82.52
  54.81   -89.36
  45.65   -96.44
  35.52  -101.81
  23.80  -106.20
  11.11  -108.89
  -2.32  -109.86
 -15.50  -108.03
 -28.20  -103.27
 -38.70   -98.14
 -48.34   -90.70
 -56.03   -83.74
 -62.50   -75.68
 -66.77   -67.75
 -70.56   -61.04
 -73.73   -53.59
 -76.42   -47.12
 -79.22   -40.65
 -80.93   -34.79
 -82.15   -28.32
 -83.62   -22.58
 -85.21   -16.24
 -85.94   -10.01
 -86.79    -3.66
 -87.28     2.93
 -87.40     9.52
 -87.04    15.99
 -86.67    22.58
 -85.69    29.79
 -83.86    36.74
 -82.28    44.56
 -79.22    52.61
 -75.56    60.55
 -70.56    68.24
 -64.70    76.05
 -57.37    83.86
 -48.71    90.45
 -39.67    96.68
 -28.93   100.95
 -18.07   104.74
  -6.23   106.81
   6.96   106.57
  19.29   105.10
  31.74   100.83
  42.11    95.09
  51.88    87.52
  58.72    80.32
  64.70    72.27
  69.82    64.45
  73.12    56.40
  75.81    49.07
  78.00    42.48
  79.47    35.89
  80.81    29.79
  82.52    23.32
  83.13    17.70
  84.35    11.23
  84.96     5.25
  85.57    -0.73
  85.57    -6.84
  85.08   -13.67
  84.84   -19.78
  84.35   -26.37
  83.25   -33.33
  81.30   -40.41
  79.22   -48.10
  76.05   -55.42
  72.63   -63.96
  67.26   -71.53
  60.55   -79.59
  53.10   -86.55
  44.07   -93.51
  34.30   -98.39
  23.07  -102.05
  12.21  -105.59
  -0.24  -106.32
 -12.70  -106.20
 -25.15  -103.15
 -37.11   -98.88
 -47.49   -92.77
 -56.88   -84.84
 -63.60   -77.03
 -69.34   -68.48
 -73.61   -60.30
 -76.78   -52.49
 -79.35   -44.68
 -80.57   -37.48
 -81.91   -30.64
 -82.64   -24.41
 -83.13   -18.07
 -83.98   -12.08
 -84.47    -6.35
 -84.23    -0.61
 -84.35     5.98
 -83.74    11.47
 -84.11    17.94
 -83.37    24.29
 -82.03    30.27
 -80.57    37.48
 -78.86    44.19
 -76.42    51.27
 -73.49    59.08
 -68.97    66.53
 -63.72    74.71
 -57.37    82.40
 -48.95    89.84
 -39.67    95.58
 -29.17   100.83
 -17.70   103.88
  -5.62   106.08
   6.47   106.32
  18.55   105.10
  31.25   102.29
  42.85    97.17
  52.98    90.21
  61.65    81.79
  68.24    73.73
  73.61    64.58
  77.51    56.15
  80.20    47.12
  82.03    39.67
  82.40    32.59
  83.50    25.02
  83.98    19.29
  83.74    13.06
  84.35     7.20
  84.35     1.34
  83.98    -4.39
  83.50   -10.62
  83.37   -15.75
  82.15   -22.34
  81.30   -28.81
  79.83   -34.67
  78.25   -41.38
  75.93   -48.10
  73.24   -54.81
  69.58   -62.62
  65.67   -70.19
  60.06   -78.00
  53.59   -85.69
  45.29   -92.65
  35.52   -98.51
  24.29  -104.00
  12.57  -106.69
  -0.24  -107.79
 -12.45  -108.15
 -24.90  -106.08
 -37.48  -102.54
 -48.71   -96.92
 -59.45   -89.36
 -67.99   -80.32
 -74.34   -70.56
 -79.22   -60.91
 -83.13   -52.00
 -84.47   -42.72
 -85.57   -34.42
 -85.82   -27.59
 -85.82   -20.39
 -85.69   -14.28
 -85.94    -8.30
 -85.57    -2.81
 -85.57     2.93
 -85.21     9.03
 -84.72    15.01
 -84.35    21.61
 -82.76    27.47
 -81.05    34.18
 -79.59    40.28
 -76.78    46.88
 -74.22    53.96
 -70.92    60.91
 -67.02    67.87
 -62.38    75.32
 -56.03    82.64
 -49.19    90.33
 -40.28    96.56
 -30.15   103.03
 -18.43   107.18
  -5.98   110.23
   6.96   111.08
  19.65   109.99
  33.08   107.06
  45.29   102.54
  56.76    96.07
  67.38    88.13
  75.68    77.88
  83.01    67.50
  87.04    56.88
  90.09    46.88
  90.70    37.35
  90.94    28.56
  90.33    20.87
  90.33    14.04
  88.75     7.81
  88.01     1.71
  87.77    -3.91
  87.16    -9.52
  86.91   -15.87
  86.67   -22.22
  84.96   -28.56
  83.74   -35.77
  81.54   -42.48
  78.25   -49.32
  74.95   -56.15
  71.41   -62.99
  66.53   -69.21
  61.52   -76.78
  55.66   -83.01
  49.07   -89.48
  41.14   -95.83
  32.23  -101.81
  21.85  -106.81
  10.25  -111.08
  -3.17  -112.79
 -16.36  -114.01
 -29.54  -111.45
 -43.33  -107.42
 -55.42  -101.56
 -67.38   -93.87
 -77.03   -84.84
 -85.33   -74.58
 -91.67   -62.87
 -95.83   -52.00
 -97.90   -40.41
 -98.02   -30.27
 -97.05   -20.87
 -96.19   -12.82
 -94.48    -5.25
 -92.53     1.10
 -91.19     7.08
 -89.72    12.70
 -88.87    18.80
 -87.77    24.41
 -86.30    31.13
 -84.47    37.48
 -82.89    44.56
 -79.96    51.64
 -75.81    58.59
 -72.51    65.80
 -67.02    73.12
 -61.04    79.47
 -53.96    85.21
 -47.85    91.55
 -39.18    96.19
 -30.64   101.56
 -20.87   105.83
 -10.86   109.99
   0.98   112.55
  13.43   114.38
  27.10   113.40
  40.65   111.21
  53.96   106.57
  66.89    99.73
  78.00    90.70
  88.26    80.20
  95.95    68.85
 101.32    55.79
 104.49    43.58
 105.83    30.88
 105.22    20.51
 103.15    10.74
 100.46     1.59
  98.02    -6.10
  95.46   -12.57
  92.16   -18.19
  90.21   -23.93
  87.89   -30.03
  86.43   -35.89
  84.59   -41.75
  81.79   -48.22
  78.74   -55.30
  74.83   -61.52
  70.43   -68.97
  65.19   -75.07
  59.20   -81.91
  52.61   -87.89
  44.68   -93.38
  36.50   -98.75
  27.34  -102.91
  17.82  -107.18
   7.57  -110.11
  -3.78  -112.30
 -15.63  -112.79
 -27.83  -112.92
 -41.26  -111.08
 -54.20  -106.93
 -67.14  -100.59
 -79.22   -92.90
 -89.97   -82.89
 -98.27   -70.68
-105.22   -58.35
-109.50   -45.17
-111.45   -32.59
-111.21   -20.14
-109.13    -8.06
-106.08     1.83
-102.42    10.01
 -97.90    17.82
 -94.36    23.93
 -90.94    30.40
 -88.13    35.40
 -84.84    40.89
 -82.64    45.90
 -78.98    51.88
 -76.17    58.59
 -72.02    64.70
 -67.26    71.29
 -62.13    77.88
 -56.03    83.62
 -49.44    88.87
 -41.14    93.99
 -33.33    98.51
 -24.29   102.66
 -14.89   105.71
  -4.64   108.64
   6.10   110.35
  16.97   111.33
  28.93   110.72
  41.63   109.01
  54.44   104.61
  66.89    99.37
  78.25    91.55
  88.75    82.40
  98.02    71.17
 105.22    59.57
 109.86    46.26
 113.28    33.33
 114.01    20.14
 112.79     7.45
 110.23    -3.42
 105.83   -13.79
 100.95   -21.73
  96.19   -28.69
  91.19   -34.42
  87.04   -39.79
  83.13   -45.17
  80.08   -49.93
  76.78   -55.18
  73.24   -60.91
  69.46   -66.77
  64.94   -73.12
  59.57   -78.98
  53.22   -84.84
  46.02   -90.09
  38.21   -94.48
  29.30   -98.51
  20.63  -102.42
  11.60  -105.35
   1.46  -107.79
  -8.30  -108.52
 -18.55  -108.89
 -29.79  -108.15
 -41.75  -106.57
 -54.44  -103.76
 -66.16   -98.88
 -77.64   -91.80
 -88.38   -83.01
 -98.51   -72.14
-105.83   -60.55
-111.57   -47.73
-115.36   -34.18
-117.43   -20.75
-116.70    -7.81
-114.75     4.39
-109.99    15.38
-105.22    24.90
 -99.24    33.33
 -93.38    39.92
 -87.52    45.53
 -82.28    49.80
 -78.49    54.57
 -74.10    58.59
 -70.07    63.48
 -66.53    68.97
 -62.38    73.97
 -57.50    79.96
 -51.15    86.18
 -44.31    91.55
 -36.01    96.68
 -27.34   100.46
 -17.46   103.88
  -7.81   105.96
   2.20   107.42
  12.21   108.03
  22.46   107.42
  33.08   106.45
  44.19   103.88
  55.30   100.71
  66.04    96.92
  77.76    90.94
  88.75    83.13
  98.63    73.97
 107.91    62.87
 115.11    50.17
 119.87    35.52
 122.44    21.61
 123.17     7.08
 120.73    -6.84
 117.07   -19.78
 111.21   -31.49
 104.49   -41.38
  96.31   -49.44
  88.26   -55.42
  81.30   -59.81
  74.46   -63.48
  69.21   -66.53
  64.94   -70.43
  60.42   -73.97
  56.64   -78.49
  51.76   -83.62
  45.65   -88.87
  38.82   -94.24
  30.40   -98.88
  21.36  -103.03
  11.60  -106.32
   1.10  -108.40
  -9.89  -109.25
 -19.90  -108.52
 -30.88  -106.93
 -41.87  -104.49
 -52.37  -101.07
 -62.50   -97.53
 -72.75   -91.92
 -83.13   -84.72
 -93.02   -76.42
-102.29   -68.12
-110.60   -57.25
-117.80   -45.04
-123.66   -30.76
-126.71   -16.36
-128.05    -0.85
-125.85    13.18
-121.34    28.32
-114.75    41.87
-106.20    53.34
 -96.31    62.74
 -86.06    69.58
 -75.20    74.10
 -65.55    76.66
 -57.25    78.13
 -50.54    78.98
 -45.41    79.83
 -41.02    80.69
 -36.50    83.37
 -32.10    87.04
 -26.49    91.06
 -20.39    94.97
 -12.08    98.02
  -2.69   101.20
   7.32   102.66
  18.07   103.52
  28.69   102.29
  38.82    99.98
  49.56    96.80
  59.57    92.16
  69.21    86.91
  79.10    80.44
  87.28    73.36
  94.85    65.19
 102.78    54.81
 109.50    44.19
 115.60    32.96
 119.87    20.02
 122.19     6.10
 122.80    -8.54
 120.48   -23.93
 115.72   -38.57
 108.64   -51.64
  98.51   -62.87
  87.28   -72.39
  75.07   -78.25
  63.11   -82.64
  52.25   -84.72
  41.87   -84.59
  33.57   -82.89
  26.86   -80.57
  21.73   -78.74
  18.80   -78.00
  15.50   -78.86
  12.33   -80.81
   7.81   -83.25
   2.32   -85.94
  -5.13   -88.87
 -13.55   -91.06
 -22.58   -91.43
 -32.84   -90.70
 -42.72   -87.89
 -52.61   -84.35
 -61.16   -79.22
 -70.19   -73.36
 -78.25   -66.16
 -86.06   -58.72
 -91.80   -50.42
 -97.53   -41.14
-102.78   -31.01
-106.57   -20.02
-109.25    -8.54
-109.62     3.91
-109.74    16.60
-106.57    29.42
-101.81    42.48
 -94.36    55.05
 -84.84    65.80
 -73.24    73.85
 -60.42    78.86
 -48.10    81.79
 -36.50    81.30
 -26.73    79.22
 -18.80    75.93
 -13.06    72.27
  -9.64    68.48
  -7.08    66.04
  -5.74    65.55
  -3.78    65.19
  -1.83    67.63
   1.71    69.58
   6.47    72.14
  12.94    74.71
  20.02    75.44
  28.69    76.29
  37.60    74.83
  46.14    71.90
  54.93    67.63
  62.99    61.89
  69.95    55.30
  76.17    48.34
  80.93    40.65
  85.33    31.98
  88.87    22.95
  91.31    13.55
  93.02     3.54
  93.75    -6.47
  92.29   -16.72
  89.97   -27.47
  85.57   -38.45
  79.83   -48.71
  71.29   -57.74
  61.89   -65.06
  50.90   -70.07
  40.04   -71.90
  28.69   -71.90
  19.04   -68.73
  12.45   -64.70
   7.08   -60.42
   4.52   -57.01
   3.78   -53.34
   3.42   -51.76
   3.54   -52.25
   3.17   -53.59
   1.46   -56.88
  -1.59   -59.45
  -6.71   -62.74
 -13.18   -65.31
 -20.14   -66.28
 -28.69   -66.28
 -36.99   -64.58
 -45.29   -61.04
 -52.86   -56.88
 -59.20   -51.15
 -65.06   -44.31
 -70.19   -37.48
 -73.97   -29.91
 -77.03   -21.61
 -79.35   -13.67
 -79.96    -5.13
 -81.05     3.54
 -79.59    12.21
 -77.76    20.63
 -74.22    29.42
 -69.70    37.35
 -63.60    45.53
 -56.03    52.49
 -47.73    57.25
 -37.72    60.18
 -28.69    60.67
 -19.78    58.72
 -13.06    55.42
  -9.03    51.51
  -6.59    47.61
  -5.74    44.19
  -5.74    42.85
  -6.47    42.72
  -7.32    44.68
  -6.71    47.61
  -5.25    51.51
  -1.10    55.66
   3.54    59.08
  10.74    61.40
  18.68    62.01
  26.86    61.89
  34.91    59.81
  42.48    56.40
  50.05    51.27
  55.91    45.04
  61.04    39.06
  65.43    32.23
  68.36    24.90
  70.56    16.97
  71.53     9.52
  72.27     1.59
  71.41    -6.35
  69.58   -14.40
  67.38   -22.34
  63.96   -28.69
  58.84   -35.28
  53.10   -41.14
  46.88   -45.41
  39.55   -48.10
  31.01   -50.42
  24.41   -50.42
  18.92   -48.22
  14.16   -45.04
  11.84   -41.87
  10.50   -39.43
  10.38   -38.45
  11.47   -38.57
  12.45   -40.41
  12.45   -43.09
  11.11   -47.49
   8.18   -51.15
   3.30   -55.66
  -2.93   -58.84
 -10.86   -61.16
 -18.55   -62.01
 -27.10   -60.79
 -34.79   -58.23
 -42.72   -53.59
 -48.95   -49.19
 -55.42   -42.97
 -59.45   -36.13
 -62.74   -29.42
 -65.19   -21.97
 -67.02   -14.28
 -67.87    -6.84
 -67.38     0.12
 -66.53     6.96
 -63.84    14.65
 -61.04    20.63
 -57.50    26.86
 -52.61    31.74
 -47.73    36.62
 -41.87    39.31
 -35.89    41.38
 -30.03    42.48
 -24.78    41.99
 -21.12    40.53
 -18.43    39.06
 -16.85    37.35
 -16.85    36.99
 -16.85    37.23
 -17.58    39.31
 -16.97    42.11
 -15.38    46.14
 -12.94    50.66
  -8.67    54.81
  -2.93    58.59
   4.03    61.16
  12.08    62.50
  20.26    62.62
  28.20    61.16
  35.89    57.50
  44.07    52.98
  50.05    47.36
  55.54    41.50
  59.69    34.30
  62.62    27.34
  65.06    20.14
  65.67    13.06
  66.16     5.74
  65.19    -1.46
  64.21    -8.42
  61.65   -14.65
  58.47   -20.26
  54.81   -25.88
  50.29   -30.03
  45.53   -33.94
  40.28   -36.25
  36.01   -38.09
  31.25   -39.06
  27.95   -39.31
  24.41   -38.21
  22.34   -38.21
  21.61   -37.84
  21.36   -38.82
  20.87   -40.28
  19.65   -42.97
  18.31   -47.61
  15.75   -51.27
  10.99   -55.42
   5.49   -58.72
  -0.98   -61.77
  -8.06   -63.35
 -16.24   -63.84
 -24.78   -62.50
 -32.10   -60.18
 -40.16   -56.52
 -47.00   -51.51
 -52.49   -45.78
 -57.86   -39.67
 -61.77   -32.23
 -63.96   -25.02
 -66.28   -17.70
 -66.89   -10.38
 -66.89    -3.17
 -65.43     3.78
 -63.48    10.74
 -61.16    16.60
 -57.62    21.85
 -53.83    26.98
 -49.44    30.76
 -44.92    33.81
 -40.77    36.01
 -36.50    37.60
 -32.35    39.18
 -29.54    39.55
 -26.49    40.04
 -24.41    40.65
 -23.44    41.87
 -22.09    42.97
 -21.00    45.17
 -19.17    48.34
 -15.99    52.12
 -12.33    55.91
  -6.84    58.96
  -1.10    61.89
   6.47    63.23
  13.79    64.33
  22.22    63.48
  29.91    61.40
  37.23    57.98
  44.31    53.71
  50.66    48.10
  55.79    42.72
  60.67    35.77
  63.72    29.30
  65.92    21.48
  67.38    14.16
  67.99     6.71
  67.50    -0.37
  65.92    -7.08
  63.96   -13.55
  60.91   -19.90
  57.13   -25.27
  53.22   -29.91
  48.71   -33.81
  44.68   -36.38
  40.28   -39.06
  35.77   -40.65
  32.35   -41.38
  28.93   -42.72
  26.25   -43.46
  23.80   -44.19
  21.48   -45.53
  19.04   -47.24
  17.46   -50.05
  14.40   -52.37
  10.86   -55.79
   6.10   -58.84
   0.49   -60.91
  -5.98   -62.62
 -12.94   -63.84
 -20.14   -62.99
 -28.08   -61.52
 -35.16   -59.08
 -42.48   -54.57
 -48.71   -50.42
 -54.44   -44.56
 -59.45   -38.21
 -63.11   -31.62
 -65.67   -24.41
 -67.99   -16.72
 -69.09    -9.77
 -69.09    -1.83
 -67.87     4.76
 -66.28    11.60
 -64.09    18.07
 -60.67    23.93
 -56.88    29.30
 -52.25    33.94
 -47.49    37.48
 -42.72    40.41
 -38.21    42.60
 -33.57    44.31
 -30.03    45.78
 -25.88    46.14
 -22.71    47.24
 -19.65    47.85
 -17.33    48.83
 -14.40    50.66
 -11.35    52.12
  -8.54    54.44
  -4.88    56.15
   0.61    58.59
   5.49    60.06
  12.70    61.28
  19.04    61.28
  26.49    59.94
  33.57    58.23
  40.53    54.69
  46.39    50.05
  52.37    45.65
  57.50    39.79
  61.89    33.20
  65.55    26.12
  67.38    19.04
  69.21    11.35
  69.46     4.39
  68.60    -3.78
  67.26   -10.25
  64.94   -16.60
  62.13   -23.68
  58.72   -28.93
  54.32   -34.06
  49.80   -38.21
  45.04   -41.75
  39.92   -44.80
  34.55   -46.51
  30.40   -48.46
  25.51   -48.83
  21.36   -49.93
  17.70   -50.17
  14.40   -51.03
  10.86   -51.03
   7.93   -52.25
   4.88   -53.22
   1.10   -54.57
  -2.32   -55.54
  -7.32   -56.76
 -12.57   -57.74
 -18.55   -58.11
 -24.66   -57.01
 -31.37   -55.54
 -37.84   -52.98
 -43.95   -49.56
 -49.93   -44.80
 -54.93   -40.04
 -59.20   -33.94
 -62.99   -27.59
 -66.16   -21.00
 -68.24   -13.43
 -68.73    -5.86
 -68.97     1.83
 -67.87     8.42
 -65.67    16.11
 -62.62    21.85
 -59.33    28.93
 -55.18    33.33
 -51.15    38.21
 -45.53    41.50
 -40.77    44.68
 -35.64    47.12
 -30.64    49.07
 -25.76    50.54
 -21.48    51.03
 -16.60    51.39
 -12.82    52.12
  -9.40    52.12
  -5.37    52.73
  -1.83    52.25
   1.59    52.73
   5.37    52.25
   9.03    53.59
  13.67    53.34
  18.55    53.59
  23.56    53.22
  29.42    51.76
  35.16    49.68
  40.65    47.00
  46.14    43.46
  51.27    39.06
  55.91    34.30
  59.33    27.59
  62.62    21.85
  64.94    15.01
  66.65     8.30
  66.77     1.34
  66.65    -6.47
  64.82   -13.43
  62.62   -20.02
  59.69   -26.25
  55.30   -31.37
  51.51   -37.11
  46.26   -40.77
  41.50   -44.43
  36.25   -47.24
  31.37   -49.07
  26.25   -51.27
  20.75   -51.39
  16.72   -52.00
  12.08   -52.86
   7.69   -52.49
   4.03   -52.73
   0.00   -52.49
  -4.03   -52.37
  -7.69   -51.39
 -11.84   -51.15
 -15.87   -50.42
 -19.78   -50.17
 -23.32   -49.07
 -27.71   -47.73
 -32.84   -46.02
 -38.09   -43.21
 -42.85   -40.65
 -47.24   -36.87
 -50.90   -32.84
 -55.42   -28.20
 -59.08   -22.09
 -61.16   -16.36
 -63.23    -9.40
 -64.33    -3.30
 -63.96     3.66
 -63.72    10.99
 -61.52    17.09
 -58.84    23.44
 -56.03    29.30
 -51.39    33.94
 -47.36    39.06
 -41.87    42.36
 -37.84    45.90
 -31.98    48.10
 -26.98    50.05
 -21.97    51.15
 -16.97    52.00
 -12.70    52.73
  -8.06    52.25
  -3.54    52.12
   0.61    52.12
   4.88    51.39
   8.42    50.54
  12.33    49.44
  15.99    48.71
  20.26    47.36
  23.68    46.02
  27.59    44.19
  31.37    42.48
  35.64    40.65
  39.18    38.09
  43.46    34.91
  46.88    31.13
  50.78    27.10
  53.96    22.22
  56.76    17.46
  59.33    11.35
  60.42     5.49
  61.28    -1.10
  60.67    -7.57
  59.94   -14.40
  57.62   -20.26
  54.81   -26.12
  51.39   -31.37
  47.12   -35.89
  42.60   -40.16
  37.96   -43.21
  33.33   -46.39
  28.08   -47.85
  23.44   -49.93
  17.70   -50.90
  13.55   -51.76
   8.54   -51.76
   4.27   -51.76
   0.12   -51.51
  -4.88   -50.29
  -7.93   -50.17
 -12.33   -48.58
 -16.24   -47.36
 -19.53   -45.90
 -23.32   -44.80
 -26.73   -42.48
 -30.15   -40.65
 -33.45   -38.45
 -36.99   -36.13
 -40.77   -33.33
 -44.07   -30.03
 -47.61   -26.73
 -50.78   -22.71
 -53.22   -18.31
 -55.30   -12.57
 -57.25    -7.45
 -58.23    -1.46
 -57.86     5.13
 -57.98    10.86
 -56.40    16.60
 -54.20    22.34
 -50.78    27.95
 -47.36    32.47
 -43.70    37.35
 -39.43    40.65
 -34.30    44.19
 -29.17    46.02
 -24.29    47.12
 -19.65    48.95
 -14.77    49.19
 -10.62    50.17
  -6.35    50.05
  -1.83    49.80
   1.83    49.56
   6.59    48.95
  10.50    47.49
  14.04    46.88
  17.94    45.17
  21.12    43.95
  24.54    42.24
  27.95    40.16
  31.62    37.96
  35.03    35.77
  38.45    32.71
  41.75    30.15
  44.56    26.61
  47.49    22.83
  50.05    19.04
  52.61    13.92
  54.57     9.16
  56.03     3.91
  56.64    -1.95
  56.03    -7.32
  55.79   -13.92
  53.83   -19.29
  50.90   -24.90
  47.85   -29.54
  44.43   -34.18
  39.43   -38.21
  35.40   -42.36
  30.64   -44.19
  26.12   -46.26
  20.75   -47.61
  15.99   -49.44
  12.21   -49.56
   7.57   -49.32
   3.91   -49.44
   0.00   -48.58
  -4.39   -47.97
  -8.67   -47.36
 -12.21   -47.36
 -15.99   -45.65
 -19.65   -43.82
 -23.44   -42.48
 -26.61   -40.28
 -30.76   -38.70
 -33.81   -35.64
 -36.62   -33.33
 -39.92   -30.52
 -43.33   -26.86
 -45.65   -24.05
 -48.71   -19.90
 -50.54   -16.24
 -52.25   -11.35
 -54.32    -6.47
 -54.81    -0.98
 -55.54     4.15
 -55.30    10.74
 -54.32    16.48
 -51.88    21.61
 -49.80    26.98
 -45.53    31.98
 -41.75    36.01
 -37.60    39.67
 -32.96    42.85
 -28.32    45.04
 -23.44    46.63
 -18.31    47.61
 -13.43    48.83
  -9.16    48.95
  -4.76    48.71
  -0.61    48.58
   3.30    47.97
   7.20    47.73
  10.62    46.14
  14.40    45.04
  17.94    44.19
  22.22    42.48
  25.63    40.65
  28.56    38.70
  31.86    36.01
  35.28    33.57
  38.57    31.62
  41.14    28.20
  43.58    24.90
  46.14    21.12
  48.58    17.58
  50.66    13.06
  52.86     8.30
  54.32     3.54
  54.93    -1.59
  55.42    -7.32
  54.81   -12.94
  53.34   -18.68
  50.90   -24.78
  47.97   -30.27
  44.19   -34.91
  40.16   -39.31
  35.52   -42.48
  30.64   -45.29
  25.63   -47.36
  20.63   -48.71
  15.14   -49.56
  10.13   -49.93
   5.37   -49.93
   0.98   -49.68
  -3.17   -49.32
  -6.96   -47.61
 -10.13   -46.26
 -14.40   -45.41
 -17.70   -43.82
 -21.85   -42.11
 -24.54   -40.41
 -28.08   -38.70
 -30.64   -36.50
 -34.06   -33.81
 -36.87   -31.86
 -40.65   -28.44
 -42.72   -26.12
 -44.92   -21.73
 -47.36   -18.31
 -50.42   -14.89
 -51.64   -10.86
 -53.22    -5.62
 -54.20    -0.49
 -55.42     5.00
 -55.18    10.50
 -54.44    15.99
 -52.00    22.09
 -50.42    27.47
 -46.51    32.84
 -42.24    37.96
 -37.96    41.63
 -33.08    45.53
 -27.59    47.73
 -22.46    49.68
 -17.21    50.66
 -11.60    51.27
  -6.84    51.39
  -1.46    50.66
   2.93    50.05
   6.71    48.71
  11.11    47.00
  14.77    45.90
  18.19    44.07
  21.12    42.60
  24.66    40.53
  27.71    38.45
  29.91    35.77
  33.57    33.57
  36.25    31.37
  39.06    28.32
  41.50    25.88
  43.70    22.83
  45.90    19.41
  48.46    15.14
  50.29    11.47
  52.25     6.96
  53.71     2.81
  54.44    -2.56
  55.18    -8.18
  54.57   -14.40
  53.47   -20.39
  51.64   -25.39
  48.46   -31.74
  44.68   -37.48
  40.53   -41.50
  35.16   -45.53
  29.91   -48.46
  24.41   -50.78
  18.80   -52.12
  12.94   -52.98
   7.32   -53.22
   2.44   -52.86
  -2.69   -51.64
  -6.96   -50.29
 -11.35   -48.58
 -15.63   -46.63
 -19.41   -45.04
 -22.71   -43.46
 -25.88   -40.53
 -28.69   -38.33
 -31.25   -35.89
 -34.18   -32.71
 -36.99   -30.03
 -39.31   -27.34
 -41.50   -24.29
 -43.82   -20.87
 -45.65   -18.68
 -47.73   -14.65
 -49.32   -10.86
 -51.15    -6.71
 -52.00    -1.95
 -53.59     2.44
 -53.59     7.08
 -53.96    12.57
 -53.10    18.43
 -51.76    24.05
 -49.56    29.42
 -45.78    34.91
 -42.11    39.55
 -37.72    43.95
 -31.98    47.49
 -25.63    50.78
 -20.51    52.73
 -14.16    54.20
  -8.54    54.08
  -2.56    54.20
   1.95    53.59
   7.45    51.64
  12.57    49.56
  16.11    47.73
  20.51    45.65
  23.80    42.72
  27.22    39.92
  29.79    37.48
  32.59    34.30
  35.03    32.35
  37.11    29.30
  39.18    25.76
  41.26    22.83
  42.85    19.41
  44.68    16.60
  45.90    13.55
  47.61    10.01
  47.97     6.23
  50.05     1.95
  50.54    -2.32
  51.27    -7.20
  51.27   -11.72
  50.54   -16.24
  49.93   -21.85
  47.85   -26.73
  45.53   -32.10
  41.87   -37.48
  37.84   -42.60
  33.81   -46.75
  28.20   -50.05
  22.46   -52.49
  15.99   -53.96
   9.89   -55.42
   3.91   -55.18
  -2.08   -54.81
  -7.57   -53.47
 -12.57   -51.39
 -17.21   -48.95
 -21.12   -46.26
 -25.02   -43.21
 -28.08   -40.28
 -30.76   -36.50
 -33.81   -33.94
 -36.38   -30.27
 -38.57   -26.98
 -39.18   -24.05
 -40.65   -21.24
 -42.24   -18.19
 -43.21   -14.89
 -44.07   -11.72
 -45.29    -8.42
 -46.88    -4.64
 -47.61    -1.34
 -47.97     2.08
 -48.46     6.23
 -48.71    10.13
 -48.46    14.53
 -47.85    19.17
 -46.02    24.05
 -44.19    29.17
 -42.11    34.42
 -38.82    39.31
 -34.42    43.21
 -29.54    47.36
 -24.78    50.42
 -18.43    52.12
 -11.84    53.83
  -5.86    54.32
   0.24    54.69
   6.47    53.34
  11.47    52.25
  16.72    49.93
  20.63    47.24
  24.90    43.95
  28.81    40.16
  31.37    37.23
  33.94    33.45
  35.89    29.54
  37.60    26.12
  39.06    22.58
  40.41    19.53
  41.26    16.48
  42.11    13.55
  43.46    10.74
  43.46     7.81
  44.56     4.76
  44.80     1.59
  45.90    -1.95
  45.90    -5.49
  46.39    -9.28
  46.26   -13.67
  45.90   -17.70
  44.68   -21.85
  43.46   -27.34
  40.77   -31.25
  38.21   -36.13
  34.06   -40.04
  30.03   -44.80
  25.39   -47.97
  20.02   -50.42
  14.04   -52.49
   8.18   -54.20
   2.32   -54.20
  -3.54   -53.59
  -9.52   -52.73
 -14.89   -50.17
 -19.65   -47.61
 -24.17   -44.68
 -28.32   -41.63
 -31.86   -37.60
 -34.18   -33.69
 -36.74   -30.15
 -38.21   -26.37
 -39.55   -22.71
 -40.77   -19.04
 -41.26   -16.11
 -41.38   -12.82
 -42.48    -9.89
 -42.48    -6.84
 -43.09    -4.03
 -43.46    -0.98
 -43.70     2.08
 -44.31     5.49
 -44.43     8.91
 -44.19    12.57
 -44.07    16.24
 -43.33    20.51
 -41.50    25.02
 -39.79    29.42
 -37.72    33.81
 -34.55    37.72
 -31.25    41.50
 -26.37    45.04
 -21.85    47.61
 -16.24    50.05
 -10.62    51.51
  -4.27    52.73
   1.71    52.37
   7.20    52.25
  12.70    50.66
  18.07    48.34
  22.46    45.53
  26.00    42.11
  30.64    38.70
  33.45    35.03
  35.64    31.37
  37.72    27.10
  39.06    23.56
  40.16    19.17
  41.38    16.48
  41.26    12.82
  42.36     9.40
  42.24     6.47
  42.24     3.54
  42.24     1.10
  42.24    -2.69
  42.48    -5.49
  42.36    -8.54
  42.24   -12.08
  41.63   -15.14
  40.65   -18.92
  40.16   -22.95
  38.21   -27.10
  36.74   -30.52
  34.30   -35.03
  31.25   -38.33
  27.34   -41.99
  22.83   -44.92
  17.94   -47.85
  12.21   -49.80
   6.59   -50.66
   1.46   -52.00
  -4.52   -51.51
 -10.01   -50.17
 -15.50   -47.73
 -20.39   -45.78
 -24.78   -43.21
 -28.56   -40.16
 -31.49   -36.38
 -34.91   -32.47
 -37.11   -28.08
 -38.82   -24.54
 -40.16   -20.51
 -40.65   -16.85
 -41.63   -14.04
 -41.75   -10.62
 -41.63    -6.84
 -42.24    -3.42
 -42.11    -1.10
 -42.24     1.83
 -42.48     4.39
 -41.75     7.57
 -41.14    10.86
 -41.26    13.92
 -40.53    17.82
 -39.67    20.87
 -37.96    25.02
 -36.01    28.93
 -34.18    32.23
 -31.86    36.38
 -28.20    40.04
 -24.29    42.97
 -20.75    45.78
 -15.14    47.97
 -10.25    50.17
  -4.39    50.54
   1.46    51.15
   7.08    50.42
  12.82    49.68
  17.94    47.36
  23.44    44.56
  26.37    41.02
  30.64    38.45
  33.33    34.06
  36.50    30.15
  38.57    26.86
  39.55    22.83
  41.26    18.80
  41.87    15.38
  41.99    11.47
  42.97     7.93
  41.87     4.64
  42.60     1.83
  42.60    -1.10
  42.48    -4.76
  42.36    -6.96
  41.50   -10.38
  41.63   -13.31
  40.65   -16.48
  40.16   -20.39
  38.70   -24.05
  37.11   -27.34
  35.28   -31.49
  31.98   -35.03
  29.42   -39.43
  25.51   -42.24
  21.36   -45.29
  16.85   -48.10
  11.72   -50.05
   5.98   -51.64
   0.24   -52.25
  -5.13   -51.64
 -10.86   -50.90
 -16.85   -49.19
 -21.85   -46.26
 -26.00   -43.70
 -30.76   -40.16
 -33.94   -36.13
 -36.87   -32.23
 -39.18   -28.32
 -41.26   -24.17
 -42.11   -20.02
 -42.48   -15.99
 -44.07   -12.08
 -44.19    -8.54
 -43.82    -5.62
 -43.82    -1.83
 -43.21     0.98
 -42.97     4.15
 -43.46     7.57
 -42.48    10.38
 -41.99    14.04
 -41.38    16.85
 -40.16    20.51
 -39.43    24.17
 -37.60    27.71
 -35.89    31.37
 -33.57    35.16
 -30.52    38.70
 -26.98    42.48
 -22.71    45.65
 -18.19    48.22
 -12.94    50.17
  -7.08    51.76
  -1.10    52.61
   4.39    53.10
  10.13    51.64
  15.99    50.54
  21.24    48.22
  26.49    44.92
  31.13    41.87
  34.42    37.60
  37.60    33.45
  39.92    29.17
  42.36    24.66
  43.70    20.63
  44.19    16.11
  45.04    12.45
  45.04     8.54
  45.04     4.52
  45.17     1.22
  44.07    -1.95
  43.70    -5.25
  43.46    -8.67
  42.72   -11.35
  42.11   -14.16
  41.26   -17.94
  39.79   -21.24
  38.33   -24.90
  37.11   -27.83
  35.03   -31.74
  33.20   -35.28
  30.15   -38.57
  26.61   -42.36
  22.71   -45.78
  17.94   -47.85
  13.31   -50.29
   8.18   -52.12
   1.83   -52.61
  -3.54   -53.71
  -9.77   -52.86
 -15.38   -51.15
 -21.48   -49.68
 -27.10   -45.90
 -31.25   -42.97
 -35.64   -38.82
 -39.31   -34.79
 -42.36   -29.91
 -43.46   -25.27
 -45.04   -20.75
 -46.14   -16.72
 -46.63   -11.47
 -46.63    -8.30
 -46.75    -3.78
 -46.39    -0.49
 -45.41     3.30
 -44.43     6.47
 -43.21    10.50
 -42.48    13.31
 -41.63    16.48
 -40.28    19.17
 -39.31    22.46
 -37.11    25.39
 -36.38    28.81
 -34.30    31.74
 -32.23    34.91
 -29.30    38.33
 -26.37    41.75
 -21.97    44.68
 -18.55    47.49
 -12.82    49.56
  -8.42    51.64
  -2.81    52.61
   3.17    53.34
   9.03    53.10
  14.89    52.00
  20.87    50.29
  26.25    47.61
  31.13    44.56
  36.01    40.16
  40.04    35.64
  42.97    31.13
  45.78    25.63
  47.00    20.75
  48.34    15.75
  48.34    10.99
  48.46     6.59
  47.97     1.95
  47.36    -1.71
  46.26    -5.49
  45.29    -8.54
  43.70   -12.21
  41.87   -15.01
  41.38   -17.82
  39.06   -21.36
  37.72   -23.68
  35.77   -26.86
  33.81   -29.42
  31.74   -32.23
  29.42   -35.28
  27.47   -38.09
  23.93   -41.14
  21.24   -43.33
  16.72   -45.90
  12.94   -47.97
   7.81   -50.29
   3.30   -51.64
  -3.42   -52.25
  -9.03   -52.61
 -14.40   -52.00
 -20.39   -50.29
 -26.49   -47.85
 -31.37   -44.80
 -36.50   -41.50
 -41.14   -36.87
 -43.70   -31.62
 -46.51   -26.49
 -48.46   -21.48
 -50.17   -15.99
 -50.29   -10.62
 -49.93    -5.86
 -49.32    -0.98
 -48.34     2.81
 -47.36     7.20
 -45.29    10.86
 -43.70    14.53
 -41.26    18.07
 -40.77    20.26
 -38.33    22.95
 -36.01    24.90
 -34.18    28.44
 -32.23    30.03
 -29.91    33.08
 -27.59    35.64
 -24.54    37.72
 -21.97    40.28
 -18.92    42.11
 -14.77    45.29
 -11.47    46.75
  -6.71    48.46
  -2.32    49.80
   3.30    50.42
   8.06    50.90
  14.04    50.05
  19.65    48.95
  25.15    47.36
  30.52    44.19
  35.77    40.89
  39.67    36.99
  44.07    32.59
  47.24    26.98
  49.56    21.48
  50.90    15.38
  51.39    10.74
  51.39     4.76
  50.78     0.12
  49.19    -5.00
  48.10    -9.28
  46.02   -12.82
  43.82   -16.60
  41.50   -20.02
  38.70   -22.95
  36.87   -25.51
  34.18   -27.59
  31.98   -30.03
  29.66   -31.62
  26.61   -34.06
  25.02   -36.01
  22.09   -37.96
  19.17   -39.92
  16.36   -42.24
  12.45   -43.09
   9.16   -44.92
   5.00   -46.63
   0.12   -47.24
  -4.03   -48.10
  -8.67   -48.83
 -13.92   -48.22
 -18.31   -47.24
 -24.29   -45.53
 -28.81   -42.97
 -34.42   -40.41
 -38.57   -36.74
 -43.33   -32.10
 -46.39   -27.71
 -49.19   -22.46
 -51.03   -16.48
 -51.76   -10.74
 -52.12    -5.13
 -51.27     0.24
 -50.54     5.49
 -49.19     9.89
 -46.39    14.53
 -43.95    17.82
 -41.26    21.61
 -38.70    24.41
 -35.89    27.10
 -32.96    29.42
 -30.15    31.74
 -28.32    33.57
 -24.90    34.91
 -22.09    36.74
 -19.41    37.84
 -16.60    39.79
 -13.67    40.89
 -10.01    42.36
  -6.84    43.33
  -3.17    44.43
   0.61    45.65
   4.76    45.65
   9.03    46.02
  13.67    45.78
  18.43    44.92
  23.19    43.70
  28.08    41.26
  32.59    39.06
  37.11    35.77
  40.65    31.98
  44.68    27.22
  48.22    22.09
  50.17    17.21
  51.88    11.84
  52.00     5.49
  52.00     0.24
  50.90    -5.49
  49.44   -10.74
  47.12   -15.14
  44.68   -19.78
  41.87   -22.58
  38.57   -26.37
  35.28   -29.66
  31.86   -31.25
  29.05   -33.69
  25.02   -34.91
  22.22   -35.52
  19.41   -38.33
  16.60   -38.70
  13.55   -39.79
  11.23   -40.28
   7.57   -41.26
   4.52   -42.24
   0.85   -42.60
  -2.81   -43.21
  -6.23   -43.46
 -10.13   -42.85
 -14.28   -43.09
 -18.43   -42.36
 -22.58   -40.77
 -27.10   -39.55
 -31.62   -36.87
 -35.52   -34.42
 -39.67   -30.27
 -42.97   -26.73
 -46.39   -22.83
 -48.58   -17.46
 -50.29   -11.84
 -51.76    -6.59
 -51.64    -0.37
 -51.03     4.64
 -49.44    10.13
 -47.85    15.26
 -45.29    20.26
 -41.99    23.93
 -39.06    27.22
 -35.52    30.64
 -31.74    32.84
 -28.32    34.67
 -24.41    36.74
 -21.24    37.11
 -17.82    38.45
 -14.28    39.31
 -11.47    39.67
  -7.81    40.65
  -5.13    40.65
  -2.08    41.26
   1.22    40.53
   4.52    41.14
   7.57    41.26
  10.74    41.26
  14.40    40.41
  18.80    40.04
  22.58    38.45
  26.00    36.74
  30.64    35.03
  34.55    32.59
  38.09    28.93
  41.14    25.88
  44.92    21.24
  47.24    16.48
  49.07    11.84
  50.29     5.98
  50.54     1.10
  50.42    -4.27
  49.44    -9.77
  47.61   -15.01
  45.29   -19.78
  42.24   -24.17
  38.94   -28.20
  35.16   -30.76
  31.62   -34.06
  27.34   -35.89
  24.17   -37.60
  19.53   -38.94
  16.36   -39.67
  12.45   -40.04
   9.03   -40.65
   5.62   -40.77
   2.93   -40.77
   0.00   -40.41
  -3.30   -39.92
  -6.47   -40.16
  -9.89   -39.06
 -13.31   -38.82
 -16.24   -38.09
 -20.02   -37.60
 -22.95   -36.13
 -26.61   -34.42
 -30.52   -32.47
 -33.69   -30.27
 -37.23   -27.10
 -40.41   -23.68
 -43.46   -19.90
 -45.53   -15.75
 -47.61   -10.74
 -48.95    -5.98
 -49.32    -0.85
 -49.68     4.88
 -48.22    10.13
 -47.00    15.50
 -44.68    19.90
 -42.24    24.41
 -38.45    27.95
 -35.03    31.25
 -31.13    34.30
 -27.10    36.87
 -23.19    38.70
 -18.92    39.67
 -15.26    40.16
 -10.99    40.41
  -7.57    40.89
  -3.78    40.65
  -0.49    40.65
   2.56    40.28
   5.49    40.04
   8.54    38.94
  11.60    37.72
  14.53    37.60
  17.94    36.50
  20.51    35.03
  23.80    33.94
  26.98    32.10
  30.03    30.03
  33.45    27.34
  36.25    25.02
  39.43    21.73
  41.50    18.43
  44.56    14.53
  45.41     9.28
  47.12     5.13
  47.73     0.12
  47.73    -5.00
  47.24    -9.89
  45.78   -15.26
  43.82   -19.90
  41.14   -24.41
  38.09   -28.20
  34.18   -31.86
  30.64   -34.67
  26.00   -36.99
  21.73   -39.31
  17.94   -39.92
  14.16   -40.77
   9.40   -41.75
   5.74   -41.02
   2.08   -40.77
  -1.22   -40.41
  -4.52   -39.55
  -7.81   -38.33
 -10.99   -37.60
 -13.79   -36.50
 -16.97   -35.64
 -19.04   -34.91
 -21.97   -33.08
 -24.29   -31.98
 -27.47   -29.66
 -30.15   -27.47
 -32.96   -25.51
 -35.28   -22.71
 -37.84   -19.65
 -40.53   -16.11
 -42.72   -12.08
 -44.07    -8.18
 -45.90    -3.66
 -46.26     0.73
 -46.14     5.74
 -45.53    10.50
 -44.68    15.26
 -42.36    19.41
 -40.16    24.17
 -36.99    28.32
 -33.69    31.62
 -30.03    35.03
 -25.63    37.11
 -21.85    39.43
 -16.97    40.41
 -12.45    41.02
  -8.18    41.63
  -4.27    41.14
  -0.61    40.65
   2.32    39.92
   6.47    39.06
   9.52    37.60
  12.33    36.62
  15.01    35.40
  17.94    33.69
  20.14    32.35
  23.07    30.88
  25.88    29.30
  28.20    27.47
  30.76    24.66
  32.71    22.95
  35.64    20.63
  37.48    17.70
  40.16    14.77
  41.26    11.11
  42.24     6.84
  44.43     3.17
  44.43    -1.83
  44.68    -6.23
  44.07   -11.11
  42.60   -16.36
  41.14   -20.63
  38.94   -24.66
  35.28   -29.30
  32.35   -32.59
  28.08   -34.91
  24.41   -37.84
  19.78   -39.06
  14.89   -40.41
  10.86   -41.50
   6.96   -41.50
   2.56   -40.89
  -1.34   -40.41
  -5.37   -38.94
  -8.54   -37.96
 -12.21   -36.62
 -14.53   -35.28
 -16.72   -33.94
 -19.29   -32.84
 -21.85   -30.40
 -24.05   -28.69
 -25.63   -26.73
 -28.44   -25.02
 -30.27   -23.19
 -32.35   -20.63
 -34.91   -18.43
 -36.87   -15.14
 -39.06   -12.21
 -40.53    -8.67
 -41.87    -5.37
 -42.24    -1.71
 -42.85     2.69
 -43.09     7.08
 -42.24    11.84
 -41.75    15.87
 -39.67    20.75
 -37.60    24.78
 -33.94    28.93
 -31.62    32.23
 -26.98    34.67
 -22.71    37.72
 -18.43    39.79
 -14.40    41.02
  -9.89    41.38
  -5.49    41.02
  -1.10    40.89
   2.93    40.04
   6.96    38.57
  10.50    37.35
  13.31    35.77
  15.99    34.30
  18.43    31.98
  19.90    30.27
  22.71    28.56
  24.66    26.49
  26.37    24.78
  28.69    23.07
  29.91    21.00
  32.35    18.80
  34.67    16.36
  36.25    13.55
  37.48    10.86
  38.70     7.57
  39.67     3.30
  41.26     0.00
  41.63    -4.27
  41.50    -8.54
  40.77   -12.45
  39.55   -17.46
  37.84   -20.63
  35.89   -25.15
  32.71   -29.05
  29.54   -32.23
  25.51   -35.40
  21.36   -38.09
  17.09   -39.67
  12.82   -40.89
   7.81   -41.50
   4.03   -41.02
  -0.85   -40.89
  -4.76   -40.16
  -9.16   -38.57
 -12.57   -37.48
 -15.50   -35.28
 -17.94   -33.20
 -20.14   -31.13
 -22.58   -28.69
 -24.54   -26.73
 -26.73   -24.17
 -28.32   -22.09
 -29.66   -20.75
 -31.49   -17.70
 -32.47   -15.50
 -33.69   -13.06
 -35.03   -10.50
 -36.74    -7.69
 -37.96    -4.88
 -38.21    -1.22
 -39.31     2.20
 -39.67     5.86
 -39.55     9.64
 -38.45    13.67
 -37.84    17.70
 -36.25    21.85
 -34.18    25.27
 -31.01    28.93
 -27.10    32.59
 -24.17    35.28
 -19.78    37.60
 -16.11    39.79
 -11.23    40.53
  -6.23    41.38
  -1.83    40.77
   2.69    40.65
   6.84    39.31
  10.25    38.21
  14.16    36.25
  17.33    34.55
  19.90    32.10
  22.22    29.17
  24.66    26.86
  26.49    24.78
  28.08    22.34
  29.30    19.65
  30.15    17.58
  31.13    15.14
  32.35    12.57
  33.45     9.77
  34.55     7.69
  35.77     4.88
  36.25     1.83
  36.99    -0.61
  36.74    -4.15
  36.99    -7.69
  36.62   -11.23
  35.77   -15.01
  34.91   -19.04
  33.20   -22.34
  30.88   -26.12
  28.44   -29.42
  25.88   -31.98
  21.12   -34.79
  16.97   -36.87
  13.31   -38.57
   8.79   -40.28
   4.88   -40.89
   0.24   -40.28
  -4.88   -39.55
  -8.42   -38.57
 -12.33   -36.99
 -15.87   -34.79
 -19.17   -31.98
 -22.22   -29.79
 -24.66   -27.22
 -26.73   -24.90
 -28.08   -21.85
 -29.42   -19.41
 -29.91   -16.11
 -31.13   -13.79
 -32.23   -11.60
 -32.59    -9.03
 -32.84    -6.47
 -33.81    -4.27
 -33.94    -1.46
 -34.30     0.73
 -34.42     3.30
 -34.30     6.84
 -34.42     9.52
 -33.94    13.06
 -32.96    15.99
 -31.74    19.53
 -30.15    22.34
 -27.83    25.63
 -25.39    29.42
 -22.71    31.98
 -19.04    34.30
 -15.50    36.38
 -11.35    37.23
  -6.71    38.94
  -2.56    39.55
   1.83    39.55
   5.98    38.94
  10.38    36.87
  13.92    35.89
  17.46    33.81
  21.12    31.13
  23.68    28.08
  25.63    24.90
  27.71    22.22
  28.81    19.29
  30.15    16.36
  30.64    13.43
  31.49    10.99
  31.49     8.79
  31.86     6.10
  32.10     3.17
  31.86     0.73
  32.47    -1.22
  31.98    -3.54
  32.10    -6.35
  31.62    -9.52
  31.37   -11.84
  30.40   -14.40
  29.30   -17.94
  28.08   -21.00
  26.73   -23.07
  23.93   -26.61
  21.73   -28.81
  19.04   -30.76
  15.50   -33.20
  11.72   -34.91
   8.91   -35.89
   4.15   -36.87
  -0.24   -37.11
  -4.64   -36.74
  -8.30   -36.13
 -11.72   -34.55
 -16.24   -32.96
 -19.41   -31.49
 -21.97   -28.56
 -24.05   -25.51
 -27.10   -22.46
 -28.32   -19.78
 -29.05   -16.24
 -30.15   -13.31
 -31.13   -10.74
 -30.76    -7.81
 -31.62    -5.00
 -31.37    -2.69
 -31.13    -0.12
 -30.15     2.69
 -30.27     4.64
 -29.05     6.96
 -29.42     8.91
 -28.81    11.60
 -27.83    13.67
 -26.73    16.24
 -25.02    18.68
 -24.29    21.61
 -21.85    23.44
 -20.39    25.51
 -17.58    28.44
 -15.50    29.79
 -11.96    31.62
  -9.16    32.47
  -5.25    33.69
  -1.71    34.55
   2.20    34.55
   6.10    33.69
   9.03    32.84
  12.94    31.98
  16.11    30.15
  19.04    28.08
  22.46    25.63
  24.78    22.95
  26.86    19.65
  27.59    16.60
  29.30    13.43
  29.66    10.74
  30.03     7.45
  30.40     5.13
  29.66     1.71
  29.05    -0.24
  28.93    -2.93
  28.20    -4.52
  27.22    -7.69
  26.61    -9.40
  25.51   -11.23
  24.66   -13.06
  23.68   -15.75
  22.58   -16.60
  20.75   -19.04
  19.65   -20.75
  17.58   -22.09
  15.75   -24.29
  13.31   -25.88
  11.47   -27.22
   8.91   -28.69
   5.37   -30.03
   2.20   -30.40
  -0.61   -31.01
  -3.91   -30.27
  -7.45   -30.40
 -10.74   -29.30
 -14.04   -28.32
 -16.24   -25.88
 -19.53   -24.66
 -21.97   -22.22
 -24.41   -19.41
 -25.76   -16.48
 -27.22   -13.79
 -28.32   -10.86
 -28.56    -7.81
 -29.05    -4.88
 -28.56    -2.69
 -27.83     0.12
 -27.71     3.05
 -26.98     4.88
 -26.00     6.84
 -24.66     8.91
 -23.19    10.99
 -22.71    12.94
 -21.36    14.40
 -19.65    15.38
 -19.04    17.70
 -17.33    18.80
 -15.99    19.78
 -15.01    21.85
 -12.45    23.07
 -10.25    24.17
  -8.18    25.39
  -5.62    26.25
  -3.66    26.86
  -0.24    27.59
   2.69    27.34
   5.13    27.47
   7.93    26.73
  10.74    26.12
  13.43    24.29
  15.99    22.22
  18.92    21.00
  20.75    19.41
  22.71    16.85
  24.29    14.04
  25.15    11.60
  26.37     8.30
  26.61     5.37
  26.00     3.78
  26.73     0.37
  25.63    -2.56
  25.27    -3.91
  24.05    -6.47
  22.58    -8.54
  21.61   -10.25
  20.39   -11.96
  19.29   -13.55
  17.82   -14.53
  16.48   -16.11
  15.14   -16.97
  13.67   -17.94
  12.21   -19.53
  10.86   -19.90
   9.40   -21.24
   6.59   -22.09
   4.88   -22.95
   3.30   -23.68
   0.85   -24.17
  -1.95   -24.41
  -3.78   -23.80
  -6.35   -24.17
  -8.42   -22.95
 -11.23   -22.34
 -13.31   -20.87
 -15.99   -19.41
 -17.94   -17.82
 -19.53   -15.87
 -21.48   -13.92
 -22.09   -10.99
 -23.07    -9.28
 -23.32    -6.35
 -24.78    -3.91
 -24.29    -1.46
 -24.17     0.73
 -23.44     3.05
 -22.22     5.62
 -21.48     7.20
 -20.51     9.03
 -19.65    10.74
 -17.94    12.33
 -16.72    12.94
 -15.26    14.65
 -13.43    15.14
 -12.45    16.11
 -10.86    16.60
  -9.64    17.82
  -8.67    18.68
  -6.59    19.17
  -5.49    20.14
  -3.05    20.02
  -1.22    20.51
   0.49    20.63
   2.56    21.12
   4.64    20.75
   6.96    20.02
   8.54    20.02
  10.38    18.68
  12.57    18.07
  14.40    15.87
  16.60    14.89
  17.94    12.94
  19.53    10.99
  20.63     9.40
  20.87     6.84
  21.36     5.13
  21.73     2.08
  21.73     0.61
  21.36    -1.83
  20.14    -3.66
  19.78    -5.98
  18.92    -7.20
  17.94    -9.40
  15.99   -10.62
  14.77   -11.60
  13.92   -12.94
  12.33   -13.31
  11.23   -14.89
   9.52   -15.26
   7.81   -15.75
   7.20   -16.48
   5.37   -16.85
   4.27   -17.21
   2.69   -17.33
   1.46   -17.82
  -0.61   -18.07
  -1.59   -18.07
  -3.66   -18.19
  -5.49   -17.94
  -6.71   -16.97
  -9.28   -16.48
 -10.50   -15.50
 -11.60   -14.65
 -13.79   -14.04
 -15.01   -12.21
 -16.11   -10.99
 -17.21    -9.16
 -18.19    -7.08
 -18.80    -5.49
 -19.17    -3.66
 -19.41    -1.59
 -18.68     0.49
 -19.17     2.32
 -18.19     4.39
 -17.09     5.86
 -16.72     8.06
 -15.50     8.91
 -14.53     9.89
 -13.06    10.99
 -11.84    12.33
 -10.74    13.06
  -9.16    13.43
  -8.30    14.04
  -6.71    14.40
  -5.49    14.40
  -3.78    15.38
  -2.93    15.14
  -1.59    15.50
   0.00    15.38
   1.34    15.99
   2.32    15.01
   3.78    14.77
   5.25    14.53
   6.59    14.65
   7.57    13.67
   9.64    12.94
  10.50    12.57
  11.96    10.86
  13.31    10.25
  14.53     8.91
  14.77     7.45
  15.26     5.25
  16.11     4.03
  16.60     2.81
  16.72     0.37
  16.72    -0.73
  15.99    -2.69
  15.38    -4.39
  15.01    -5.86
  13.92    -6.96
  13.18    -8.42
  12.08    -9.28
  10.74   -10.50
   9.52   -11.35
   8.18   -11.60
   7.32   -12.21
   6.10   -12.33
   5.00   -13.18
   4.03   -12.57
   2.44   -13.31
   1.59   -13.43
   0.24   -13.92
  -0.73   -13.55
  -1.95   -12.82
  -3.42   -13.06
  -4.03   -12.94
  -5.13   -12.57
  -6.71   -12.21
  -7.69   -11.84
  -8.42   -10.74
  -9.89    -9.52
 -10.86    -9.03
 -11.72    -8.18
 -12.57    -7.32
 -13.06    -5.98
 -13.43    -4.76
 -13.92    -3.05
 -14.40    -1.95
 -14.16    -0.37
 -14.40     1.22
 -14.16     2.69
 -13.92     3.66
 -12.94     5.00
