1,3800,5000,14500,250
20,200,1000,0
  -4.39     6.35
  -4.27     5.98
  -3.91     5.86
  -3.66     6.23
  -3.42     6.47
  -3.30     6.47
  -2.69     6.71
  -3.05     6.10
  -2.32     5.74
  -2.20     6.23
  -1.71     6.10
  -2.08     5.86
  -2.08     5.74
  -2.20     5.37
  -1.83     6.10
  -1.95     5.74
  -2.08     5.49
  -2.08     5.37
  -2.20     5.98
  -2.44     5.49
  -1.71     5.62
  -2.20     5.74
  -2.56     6.10
  -1.83     5.98
  -1.83     5.86
  -1.95     5.98
  -1.22     6.71
  -1.71     6.84
  -1.34     6.71
  -1.10     6.71
  -1.59     6.84
  -0.98     6.84
  -1.22     7.32
  -1.10     6.96
  -1.22     7.20
  -0.98     7.69
  -1.10     7.69
  -1.46     8.06
  -0.49     8.06
  -0.61     8.18
  -0.49     9.28
  -0.61     8.91
  -0.24     8.91
   0.12     9.40
   0.12     9.89
   0.73     9.89
   0.98    10.62
   1.59    10.50
   1.46    11.35
   2.08    12.08
   2.81    12.33
   3.91    12.70
   4.52    12.94
   5.37    12.70
   6.59    12.82
   7.93    12.57
   8.42    11.96
   9.40    12.45
  10.13    11.35
  10.86    10.13
  12.33    10.62
  12.70     9.52
  13.92     8.91
  13.92     7.81
  14.89     6.59
  15.14     5.74
  15.63     4.39
  15.87     2.93
  14.89     1.83
  15.01     0.73
  14.04    -0.24
  13.06    -0.98
  12.21    -0.73
  11.35    -1.34
  11.35    -1.59
  11.11    -1.59
  10.74    -1.71
  10.74    -1.22
  10.62    -2.08
  10.74    -2.20
  10.38    -2.08
   9.89    -2.32
   9.52    -2.93
   9.64    -2.56
   9.03    -2.56
   9.40    -3.05
   9.28    -2.32
   9.03    -2.69
   9.89    -2.93
  10.38    -3.05
  10.13    -4.27
   9.77    -5.00
   9.40    -5.25
   8.67    -6.35
   8.30    -6.84
   6.71    -6.59
   6.35    -6.59
   6.47    -5.74
   5.49    -5.25
   5.49    -5.00
   5.98    -4.39
   5.86    -4.52
   7.32    -4.64
   6.59    -4.27
   6.59    -5.25
   6.71    -5.00
   6.71    -5.49
   6.59    -6.10
   6.47    -6.35
   6.59    -6.47
   6.59    -6.71
   6.35    -6.59
   5.98    -6.96
   6.59    -6.59
   5.98    -7.08
   6.35    -7.93
   5.37    -7.81
   5.13    -8.18
   4.76    -8.67
   4.64    -9.03
   3.78    -8.79
   3.91    -8.30
   3.30    -8.30
   3.05    -8.42
   3.05    -8.67
   2.44    -8.06
   2.20    -8.06
   2.20    -8.54
   2.20    -7.93
   2.08    -7.81
   2.08    -7.20
   2.20    -6.71
   2.08    -6.59
   2.56    -6.71
   3.17    -6.59
   3.05    -7.08
   3.54    -7.45
   3.78    -7.45
   3.91    -7.93
   4.03    -8.54
   3.54    -8.30
   3.30    -8.79
   3.54    -9.40
   4.03   -10.01
   3.54    -9.77
   3.54   -10.62
   3.05   -11.35
   2.81   -11.47
   2.20   -11.72
   1.95   -12.08
   1.46   -12.57
   1.10   -12.57
   0.49   -12.45
   0.12   -12.82
  -0.61   -12.70
  -0.61   -12.45
  -0.85   -11.84
  -1.34   -12.08
  -1.10   -12.08
  -0.73   -11.96
  -1.22   -12.08
  -0.85   -12.08
  -1.22   -11.96
  -0.73   -13.06
  -0.73   -12.45
  -0.73   -13.31
  -0.37   -13.92
  -0.49   -13.92
  -0.37   -14.89
  -0.85   -15.87
  -0.85   -16.24
  -1.46   -17.46
  -1.71   -18.80
  -1.83   -19.78
  -3.30   -20.51
  -4.27   -22.34
  -5.86   -22.95
  -7.08   -23.93
  -9.16   -25.02
 -10.99   -25.51
 -13.18   -25.63
 -16.24   -25.88
 -18.80   -25.51
 -21.36   -23.68
 -23.93   -23.07
 -25.63   -21.00
 -27.10   -18.07
 -28.32   -16.11
 -28.56   -13.79
 -28.69   -11.60
 -28.93   -10.38
 -28.69    -8.91
 -29.17    -7.93
 -29.05    -6.47
 -28.44    -4.88
 -27.71    -3.54
 -27.47    -2.93
 -27.59    -1.46
 -26.61    -0.37
 -26.12    -0.24
 -25.63    -0.24
 -25.02     0.37
 -25.15     0.24
 -25.63     0.85
 -25.27     1.34
 -26.12     1.71
 -26.49     2.69
 -27.10     2.93
 -28.20     4.15
 -27.95     5.25
 -28.93     5.86
 -28.20     7.69
 -27.22    10.25
 -26.49    11.23
 -24.66    12.21
 -24.66    13.92
 -24.05    15.14
 -21.12    14.89
 -20.39    15.01
 -19.65    15.26
 -18.19    15.01
 -17.46    15.38
 -16.48    14.40
 -15.63    14.16
 -15.63    13.31
 -15.63    12.82
 -15.26    12.45
 -15.75    11.60
 -16.11    10.99
 -17.21    11.23
 -18.07    11.35
 -19.41    11.72
 -20.14    12.70
 -21.00    13.67
 -21.73    15.38
 -21.00    16.60
 -20.63    18.19
 -20.39    20.02
 -19.17    21.00
 -18.07    22.22
 -17.21    22.71
 -16.24    23.07
 -14.89    23.68
 -13.92    23.80
 -12.08    23.80
 -11.23    23.68
 -10.86    23.07
  -9.64    23.07
  -8.79    22.22
  -8.91    21.00
  -9.28    20.39
  -9.40    19.90
 -10.62    19.90
 -11.47    19.53
 -12.45    19.78
 -13.31    21.00
 -14.53    21.97
 -13.92    23.19
 -14.40    25.27
 -13.67    25.63
 -13.43    26.98
 -12.82    28.08
 -13.18    29.30
 -11.60    29.91
 -11.60    31.13
 -10.86    31.86
  -9.89    32.71
  -9.28    33.57
  -9.16    34.42
  -7.20    35.64
  -6.71    36.50
  -6.10    37.23
  -4.88    37.72
  -4.03    38.33
  -3.54    39.31
  -2.08    39.92
  -1.46    40.41
  -0.37    41.63
   1.22    42.48
   2.69    42.72
   3.78    43.33
   5.13    43.95
   5.98    44.43
   7.32    44.43
   8.67    44.80
   9.28    45.78
  10.74    46.02
  11.96    46.88
  13.31    47.36
  14.40    47.49
  15.63    48.22
  16.85    49.07
  18.19    50.05
  20.39    50.90
  21.12    51.76
  22.95    52.25
  25.15    53.59
  26.37    54.57
  28.44    56.15
  30.88    57.62
  33.94    58.96
  37.35    60.55
  40.28    61.89
  44.56    63.96
  49.32    65.06
  55.18    66.16
  60.79    66.65
  67.87    66.28
  74.83    65.67
  82.28    63.23
  90.94    60.55
  99.12    55.66
 107.18    48.34
 113.16    40.53
 118.29    30.64
 121.46    20.26
 121.95    10.50
 121.34     1.22
 119.26    -6.96
 116.21   -13.92
 113.40   -19.90
 110.84   -26.12
 108.15   -31.49
 105.10   -35.77
 101.81   -41.14
  98.63   -45.29
  94.48   -48.83
  90.70   -52.49
  87.04   -55.30
  83.50   -57.13
  80.08   -59.69
  76.66   -61.65
  73.49   -63.48
  70.56   -65.43
  67.63   -67.26
  64.82   -68.73
  62.13   -70.07
  59.20   -71.66
  56.40   -73.36
  53.83   -74.46
  50.54   -75.81
  46.63   -77.51
  43.70   -78.13
  40.16   -78.49
  36.38   -78.61
  33.57   -78.37
  30.64   -78.13
  27.95   -77.39
  26.00   -76.42
  23.80   -76.05
  22.22   -75.81
  19.65   -74.83
  18.80   -74.46
  17.21   -74.10
  15.63   -72.27
  14.77   -71.78
  14.16   -71.04
  14.28   -69.95
  14.53   -69.82
  14.65   -70.07
  15.26   -70.56
  15.14   -72.14
  15.38   -73.97
  15.26   -76.17
  14.77   -78.49
  13.31   -80.81
  11.11   -82.89
   8.54   -84.47
   6.35   -86.30
   3.66   -87.16
   0.49   -88.13
  -1.95   -89.11
  -4.76   -88.99
  -7.32   -88.87
  -9.28   -88.38
 -10.62   -88.01
 -11.11   -88.26
 -12.33   -89.36
 -12.45   -89.36
 -13.43   -90.58
 -14.16   -92.90
 -15.14   -94.24
 -15.87   -96.44
 -17.70   -99.49
 -19.04  -103.15
 -21.73  -106.45
 -25.15  -110.72
 -29.42  -115.23
 -33.81  -118.41
 -41.02  -121.46
 -47.85  -124.02
 -54.81  -126.46
 -62.62  -127.32
 -69.58  -128.05
 -77.15  -127.44
 -85.08  -126.83
 -92.41  -125.49
-100.10  -123.90
-107.67  -121.70
-115.36  -118.53
-122.44  -115.36
-130.25  -110.60
-136.11  -106.45
-141.97  -101.93
-148.32   -97.17
-153.69   -92.16
-159.18   -86.91
-164.43   -81.30
-169.80   -76.42
-174.80   -70.92
-179.57   -64.70
-184.69   -58.59
-189.58   -52.61
-194.58   -44.92
-198.61   -37.60
-203.13   -30.40
-206.67   -22.09
-210.69   -14.04
-213.87    -5.62
-217.04     3.30
-219.36    12.70
-221.68    22.34
-223.39    32.59
-225.10    41.75
-225.46    52.37
-225.71    62.99
-225.83    74.34
-224.98    85.33
-223.27    95.70
-221.07   107.79
-218.87   119.26
-214.72   130.00
-211.18   140.26
-207.15   151.00
-203.61   162.23
-200.07   173.71
-195.68   187.26
-189.21   201.90
-180.79   218.38
-169.43   234.38
-154.05   249.39
-136.60   262.57
-116.94   273.32
 -96.56   281.62
 -75.68   286.87
 -54.32   290.53
 -32.10   292.11
  -7.32   290.77
  16.97   286.25
  40.28   276.61
  61.77   262.57
  79.83   244.87
  92.04   225.71
  99.24   205.81
 101.93   187.01
 101.44   172.00
  98.51   158.57
  94.73   149.05
  91.19   142.46
  87.77   136.47
  86.43   132.32
  85.82   129.15
  86.43   125.37
  86.30   120.61
  86.67   115.72
  85.69   110.72
  84.35   106.93
  82.40   103.03
  80.20   100.34
  78.86    97.53
  76.54    95.83
  74.95    94.12
  73.00    93.14
  72.02    92.90
  70.43    91.80
  70.19    91.43
  68.73    91.19
  67.50    90.45
  64.94    90.70
  62.74    92.29
  60.79    95.09
  59.33    98.63
  59.94   103.39
  62.26   108.52
  66.28   112.43
  71.29   114.26
  76.05   114.87
  79.59   115.11
  81.54   115.36
  82.76   115.11
  83.86   117.68
  85.45   121.70
  88.26   126.46
  93.26   131.84
 100.71   137.70
 109.99   141.97
 120.97   145.14
 132.81   145.87
 145.26   144.17
 157.10   140.75
 166.99   135.13
 175.54   128.05
 182.37   121.58
 188.11   115.84
 191.89   110.96
 197.14   106.93
 202.76   103.15
 209.84   100.22
 216.67    96.68
 224.37    90.82
 232.18    85.45
 239.01    79.35
 245.24    72.75
 251.46    66.77
 258.54    61.04
 266.11    56.03
 276.00    50.78
 287.11    43.70
 300.29    33.57
 312.62    19.41
 323.00     2.08
 330.08   -16.72
 334.23   -37.35
 335.08   -57.86
 333.37   -76.90
 331.05   -93.38
 327.15  -109.86
 322.88  -124.63
 318.36  -140.26
 312.99  -154.17
 307.25  -169.31
 300.17  -183.59
 291.99  -197.51
 282.59  -210.94
 273.32  -222.17
 263.43  -233.03
 253.54  -242.55
 244.63  -251.46
 235.84  -260.25
 227.54  -270.14
 218.38  -279.42
 208.37  -289.55
 198.12  -299.68
 186.16  -309.20
 174.56  -316.89
 161.01  -325.93
 147.34  -332.52
 133.30  -338.75
 119.87  -343.99
 105.96  -348.75
  93.14  -352.54
  78.98  -355.71
  64.82  -358.89
  52.25  -361.57
  38.45  -363.77
  25.39  -364.87
  12.33  -366.09
  -0.73  -366.58
 -13.79  -368.04
 -27.34  -369.26
 -41.63  -369.63
 -55.79  -370.00
 -70.92  -369.87
 -85.57  -369.14
-102.05  -367.55
-117.92  -365.48
-135.01  -362.18
-152.22  -357.54
-170.29  -350.46
-188.11  -341.92
-204.47  -330.20
-219.97  -315.31
-232.54  -297.73
-240.72  -282.23
-245.61  -265.50
-247.80  -250.85
-249.02  -238.40
-249.63  -227.91
-250.61  -218.26
-250.85  -208.74
-249.39  -200.56
-246.22  -193.12
-242.55  -188.23
-237.30  -186.40
-232.91  -188.72
-231.32  -195.07
-234.01  -205.20
-243.41  -216.43
-258.91  -225.46
-280.40  -230.83
-305.05  -229.74
-331.18  -221.44
-354.49  -207.03
-373.17  -187.50
-385.74  -165.65
-393.68  -144.90
-397.58  -124.39
-400.15  -107.30
-402.47   -93.38
-403.69   -79.59
-406.86   -66.41
-410.28   -53.47
-413.21   -39.31
-415.65   -24.17
-416.87    -9.64
-416.50     5.49
-415.04    19.41
-412.35    31.86
-409.55    42.60
-408.45    52.00
-408.57    59.57
-409.91    67.87
-414.67    77.39
-420.78    88.38
-427.49   102.78
-433.23   120.48
-436.89   140.63
-438.35   161.74
-435.18   184.57
-429.32   207.03
-421.39   227.42
-411.25   246.34
-400.76   263.92
-390.01   279.30
-379.27   294.68
-368.65   309.57
-357.54   325.20
-344.24   340.33
-329.22   355.10
-313.60   368.53
-297.36   379.03
-281.13   388.55
-265.75   396.48
-250.85   403.81
-236.45   411.25
-221.80   418.21
-206.42   424.68
-190.43   430.54
-174.44   435.18
-157.47   437.38
-142.70   438.48
-129.76   437.74
-120.48   437.99
-112.55   438.96
-105.83   442.75
 -99.24   449.22
 -91.43   457.52
 -81.91   468.51
 -68.73   479.49
 -53.22   490.84
 -36.50   501.22
 -16.72   510.25
   5.13   519.04
  28.81   526.73
  54.20   531.86
  80.81   534.67
 108.64   534.30
 137.21   531.86
 164.92   524.78
 190.92   514.28
 214.36   501.59
 235.35   487.06
 252.93   470.95
 268.31   454.96
 281.01   439.82
 293.33   426.03
 302.98   413.21
 313.48   400.88
 322.63   389.40
 332.15   379.39
 341.43   369.63
 350.46   360.47
 359.99   352.29
 369.63   343.38
 380.86   333.98
 392.21   324.46
 403.56   314.45
 415.53   302.61
 426.03   290.28
 436.89   278.08
 446.53   265.63
 455.69   252.69
 465.45   241.21
 474.24   228.52
 483.28   216.80
 492.55   204.35
 502.08   192.02
 511.84   178.96
 522.95   164.67
 533.20   149.78
 543.70   133.18
 554.69   115.23
 565.19    95.95
 573.61    75.68
 581.67    53.83
 588.62    33.08
 594.60    10.25
 598.75   -12.57
 602.66   -35.28
 606.08   -59.08
 607.79   -83.98
 608.15  -111.21
 606.32  -138.92
 600.59  -167.48
 592.16  -195.56
 579.59  -221.19
 565.67  -244.38
 551.51  -264.16
 537.96  -281.74
 526.25  -297.49
 515.50  -312.62
 504.64  -327.51
 494.87  -342.77
 485.84  -358.40
 477.05  -375.49
 468.02  -394.04
 457.89  -414.67
 445.68  -437.26
 430.30  -461.06
 411.74  -484.50
 388.43  -505.86
 363.16  -525.51
 336.67  -541.26
 307.50  -553.83
 278.81  -562.74
 249.76  -569.09
 221.31  -572.02
 195.43  -573.12
 171.39  -572.51
 149.29  -570.68
 128.66  -569.21
 108.76  -568.24
  89.23  -567.63
  70.56  -566.65
  51.39  -566.89
  32.71  -564.33
  14.16  -562.13
  -4.27  -558.84
 -21.97  -554.93
 -38.45  -550.29
 -54.57  -545.78
 -69.82  -541.75
 -84.47  -537.35
 -98.27  -534.79
-112.92  -533.33
-128.91  -532.47
-146.85  -531.49
-166.02  -529.91
-187.13  -526.25
-208.86  -520.75
-231.45  -511.35
-253.17  -499.76
-271.73  -486.69
-288.45  -471.80
-303.83  -456.79
-317.38  -441.89
-330.08  -426.64
-342.29  -411.74
-352.66  -396.36
-362.43  -380.74
-370.97  -364.14
-376.22  -348.02
-380.25  -332.64
-382.45  -318.97
-384.16  -306.64
-384.89  -297.00
-385.86  -288.21
-387.70  -281.37
-391.11  -275.27
-395.87  -270.51
-401.25  -265.26
-407.96  -260.50
-415.89  -255.37
-424.32  -250.98
-433.59  -245.00
-444.95  -238.65
-457.15  -231.08
-469.60  -223.27
-482.67  -212.89
-495.97  -200.81
-509.16  -187.13
-522.09  -172.00
-532.59  -155.76
-541.75  -138.92
-551.03  -121.83
-560.06  -102.91
-568.24   -84.84
-575.68   -65.80
-583.01   -47.36
-588.62   -25.76
-593.99    -3.54
-596.19    18.80
-597.66    41.75
-596.92    63.35
-595.09    85.45
-592.90   106.93
-589.36   126.95
-585.94   147.22
-581.42   166.50
-577.51   186.16
-572.51   205.32
-567.50   225.22
-561.40   243.29
-553.96   261.96
-548.22   280.64
-541.26   299.44
-534.06   319.21
-526.37   337.89
-517.21   357.06
-508.30   377.08
-496.58   396.73
-485.35   416.75
-472.05   435.18
-458.01   454.22
-443.73   472.05
-428.47   489.62
-413.21   506.84
-396.97   523.32
-381.10   540.04
-364.99   556.88
-348.27   573.73
-330.44   590.94
-311.40   609.74
-289.55   627.93
-265.99   647.71
-239.38   664.67
-208.74   682.25
-175.66   696.53
-142.09   707.89
-106.20   716.67
 -71.17   720.83
 -35.89   722.53
  -1.46   721.07
  31.86   718.02
  63.23   714.36
  94.85   707.76
 127.56   701.66
 159.67   692.63
 191.53   682.50
 222.29   670.17
 252.56   655.15
 281.86   638.06
 308.47   618.16
 333.86   598.27
 355.83   577.51
 375.98   555.05
 396.48   532.10
 412.96   508.67
 428.96   484.74
 442.75   461.06
 454.22   436.77
 463.62   410.89
 471.80   386.72
 476.56   362.43
 479.49   339.48
 482.18   317.99
 481.69   298.22
 481.08   278.81
 480.10   262.57
 479.49   248.41
 478.88   234.01
 479.37   221.07
 480.71   208.86
 482.42   195.31
 484.01   181.88
 485.11   167.97
 484.99   154.05
 484.74   140.50
 483.76   127.81
 482.79   116.82
 482.79   106.20
 482.91    95.70
 484.13    85.57
 486.21    75.32
 488.65    63.84
 491.09    52.25
 493.53    39.79
 495.61    26.37
 497.80    12.33
 498.29    -2.56
 498.66   -18.31
 498.78   -33.33
 496.58   -49.44
 493.16   -65.67
 489.75   -80.93
 484.25   -95.34
 479.00  -108.89
 473.27  -121.34
 466.31  -133.67
 459.59  -145.87
 453.25  -156.98
 446.29  -167.60
 438.72  -177.73
 431.88  -187.13
 425.17  -195.19
 420.04  -202.64
 414.55  -210.08
 410.52  -217.16
 407.47  -225.59
 405.03  -233.89
 402.59  -242.92
 400.63  -253.42
 397.95  -264.65
 396.00  -277.22
 392.21  -290.77
 387.45  -305.54
 381.35  -320.31
 374.27  -334.84
 365.48  -349.00
 356.08  -362.79
 346.19  -375.61
 335.57  -387.94
 325.07  -400.27
 313.35  -410.64
 301.64  -422.24
 288.94  -433.35
 276.25  -444.46
 264.28  -454.22
 250.49  -464.23
 236.94  -473.63
 223.39  -484.25
 210.21  -493.53
 196.41  -502.32
 182.37  -511.84
 167.72  -521.61
 152.47  -530.88
 136.84  -540.77
 120.12  -549.32
 102.54  -559.08
  82.89  -568.24
  61.40  -577.64
  38.94  -586.18
  15.63  -592.90
  -8.06  -597.17
 -33.45  -602.78
 -58.72  -604.49
 -83.25  -605.71
-108.52  -605.96
-133.06  -605.10
-158.94  -602.91
-185.79  -599.85
-212.77  -595.09
-239.75  -589.11
-267.46  -581.42
-296.75  -571.41
-325.81  -559.33
-352.42  -545.78
-378.30  -529.54
-403.56  -512.33
-427.37  -493.77
-449.46  -473.39
-469.60  -452.39
-489.14  -430.30
-507.45  -406.86
-524.90  -381.84
-541.63  -355.22
-556.64  -328.00
-570.19  -296.39
-580.44  -265.01
-587.77  -233.03
-590.70  -200.56
-589.84  -169.56
-584.47  -140.38
-576.78  -115.72
-567.26   -93.51
-557.25   -75.32
-548.83   -60.67
-543.46   -47.73
-541.75   -35.64
-542.24   -21.97
-545.04    -5.00
-548.22    15.26
-548.58    37.72
-546.88    62.01
-541.14    88.13
-532.10   113.28
-518.80   136.84
-503.42   157.84
-484.62   177.37
-464.97   192.63
-444.95   204.83
-425.54   213.26
-406.98   218.99
-390.50   222.66
-377.32   225.22
-365.36   226.56
-356.08   229.13
-348.14   231.93
-340.45   235.84
-334.11   239.75
-327.88   244.14
-321.78   249.27
-315.55   254.88
-310.06   260.62
-303.34   267.70
-297.00   274.90
-289.92   284.30
-281.86   292.72
-272.83   302.00
-262.21   310.30
-249.76   318.12
-238.04   324.10
-225.10   329.10
-212.65   333.01
-200.68   334.84
-189.33   337.04
-178.59   339.36
-168.95   340.33
-159.06   342.53
-149.78   343.99
-140.63   346.31
-130.74   348.63
-121.70   350.59
-111.94   352.91
-102.17   355.10
 -91.43   357.42
 -81.18   359.13
 -69.70   359.99
 -58.11   360.35
 -46.39   359.86
 -35.52   357.79
 -25.02   355.96
 -14.77   353.76
  -6.23   351.56
   2.20   348.39
  10.50   346.44
  18.31   344.24
  25.88   342.29
  33.57   340.45
  40.41   338.62
  47.97   337.65
  55.91   337.16
  63.11   335.21
  71.66   334.59
  80.81   334.47
  89.60   332.76
  99.61   331.05
 108.76   328.61
 118.41   326.29
 127.44   321.78
 137.45   318.73
 145.39   314.33
 154.05   309.57
 161.99   305.42
 169.68   301.88
 176.27   296.88
 184.08   293.09
 192.26   288.94
 199.10   284.67
 206.67   281.13
 214.36   278.08
 222.05   274.78
 230.83   271.85
 240.23   268.68
 250.37   264.65
 260.99   259.77
 271.97   254.52
 283.57   247.68
 294.68   240.48
 305.30   232.91
 317.50   222.78
 328.49   213.01
 338.50   201.78
 347.90   189.70
 356.93   178.10
 365.11   165.16
 374.02   151.25
 380.13   137.21
 387.33   123.66
 392.70   108.03
 398.32    94.12
 402.34    77.39
 405.15    61.77
 408.20    45.29
 410.40    28.81
 411.74    11.60
 412.35    -5.00
 411.74   -22.83
 410.40   -40.28
 407.59   -57.74
 403.44   -75.07
 397.22   -92.90
 390.01  -109.86
 381.96  -126.46
 370.73  -141.36
 360.35  -155.27
 348.63  -168.46
 336.06  -179.08
 324.83  -189.70
 312.50  -199.46
 300.05  -208.62
 287.60  -214.72
 275.15  -220.70
 262.45  -226.20
 250.98  -230.47
 239.50  -233.40
 230.35  -235.23
 221.44  -237.43
 213.87  -240.11
 206.54  -244.26
 199.10  -249.39
 191.65  -254.76
 182.98  -259.03
 172.85  -265.01
 161.50  -270.26
 149.90  -274.54
 137.82  -276.37
 125.49  -277.83
 112.55  -278.56
 100.71  -277.47
  89.48  -275.27
  79.47  -272.58
  70.31  -269.29
  62.38  -266.60
  54.69  -262.82
  49.07  -260.86
  42.72  -258.79
  37.11  -257.08
  30.64  -255.25
  24.90  -254.39
  18.55  -252.56
  12.33  -250.85
   6.10  -248.90
   0.61  -247.68
  -5.00  -246.58
 -10.62  -244.63
 -16.11  -244.02
 -22.22  -243.16
 -28.69  -242.19
 -36.38  -241.94
 -44.07  -239.99
 -51.39  -237.79
 -58.84  -234.01
 -66.28  -230.22
 -72.14  -225.71
 -79.22  -221.19
 -83.98  -215.82
 -89.84  -211.79
 -94.48  -206.91
 -99.00  -202.03
-103.52  -197.27
-108.15  -192.50
-111.94  -187.01
-114.62  -181.40
-117.19  -175.78
-119.14  -170.90
-120.85  -166.14
-121.95  -161.87
-122.92  -159.55
-124.02  -156.49
-125.12  -154.05
-128.05  -152.34
-130.98  -150.15
-134.40  -147.58
-137.94  -144.65
-141.24  -140.87
-144.65  -136.72
-147.83  -132.08
-149.78  -127.20
-151.49  -122.80
-152.34  -118.04
-152.95  -114.75
-153.69  -111.33
-153.93  -107.91
-153.93  -105.22
-155.27  -102.66
-155.52  -100.46
-156.86   -98.14
-158.08   -96.92
-159.55   -95.34
-161.01   -94.12
-163.33   -93.02
-165.89   -91.06
-168.58   -89.11
-171.88   -87.65
-174.93   -86.18
-177.73   -83.37
-180.91   -80.81
-185.42   -79.10
-189.09   -76.90
-193.97   -74.46
-199.22   -70.68
-204.47   -66.89
-210.21   -62.50
-215.33   -58.11
-219.97   -51.27
-225.34   -45.65
-229.98   -38.45
-233.52   -31.25
-237.55   -23.56
-240.60   -14.77
-243.29    -5.86
-245.97     2.81
-247.19    11.60
-248.66    21.24
-249.27    30.15
-249.88    39.55
-250.37    49.44
-250.00    58.11
-248.41    67.38
-247.68    76.90
-245.73    86.91
-243.29    97.66
-240.60   107.67
-236.69   117.92
-232.18   128.42
-226.68   138.79
-220.58   148.80
-213.62   157.47
-206.18   166.38
-198.12   174.68
-189.94   182.25
-181.03   188.96
-171.75   195.07
-161.87   201.05
-152.22   206.42
-141.85   211.18
-130.74   213.99
-119.75   216.55
-108.40   218.14
 -98.02   218.75
 -87.89   218.75
 -78.98   218.51
 -70.07   216.92
 -62.50   215.21
 -55.30   212.89
 -48.46   211.30
 -41.99   209.84
 -35.52   209.11
 -29.66   207.89
 -23.44   207.28
 -17.09   206.18
 -10.99   204.10
  -3.66   202.39
   2.81   200.20
   9.03   197.63
  15.01   195.19
  20.39   191.41
  25.39   187.99
  30.52   184.69
  34.91   181.40
  39.18   178.34
  42.85   175.05
  46.51   171.75
  49.68   169.07
  53.59   165.77
  56.64   162.84
  59.69   159.91
  62.87   156.98
  66.28   154.54
  68.97   151.73
  72.27   149.41
  74.83   146.73
  77.76   144.04
  80.57   141.11
  83.86   138.55
  86.91   136.11
  89.72   133.18
  93.75   129.15
  96.56   126.46
  99.98   122.19
 103.03   118.04
 105.59   113.04
 107.18   108.76
 108.76   104.13
 109.74    99.37
 110.23    95.21
 109.62    91.06
 109.25    87.52
 108.64    83.98
 108.03    81.18
 107.54    78.37
 106.93    76.42
 106.32    74.10
 106.20    72.14
 105.35    70.68
 105.10    69.21
 104.74    68.73
 104.86    68.36
 105.22    67.75
 106.45    67.14
 107.67    67.14
 109.86    66.53
 110.96    65.80
 113.65    64.45
 115.97    62.26
 118.41    60.55
 120.61    58.35
 122.92    56.03
 124.02    53.47
 125.61    50.29
 126.34    47.36
 127.56    44.80
 127.93    42.11
 128.54    39.67
 128.91    37.35
 129.76    35.28
 129.76    33.45
 130.49    32.35
 131.47    30.88
 132.08    29.66
 133.79    28.20
 135.38    27.10
 137.82    25.88
 140.87    24.66
 143.07    22.95
 146.24    20.75
 150.02    17.94
 154.42    15.01
 157.84    11.35
 161.13     7.08
 164.31     1.95
 167.72    -4.15
 170.90   -10.13
 173.22   -16.36
 174.56   -22.83
 175.66   -29.54
 175.54   -36.87
 175.05   -44.19
 174.44   -50.78
 173.58   -56.88
 172.00   -63.72
 170.65   -69.21
 167.97   -75.20
 166.14   -81.67
 163.57   -87.40
 160.77   -93.75
 158.57   -99.37
 155.52  -104.61
 152.22  -109.99
 149.05  -115.36
 145.87  -120.36
 142.58  -126.34
 139.53  -131.59
 135.25  -136.84
 130.49  -142.58
 126.22  -148.68
 120.61  -154.79
 114.01  -160.77
 106.93  -166.26
  99.98  -170.78
  91.19  -173.95
  83.13  -177.25
  75.07  -179.81
  66.89  -181.40
  59.69  -181.64
  51.88  -182.13
  45.17  -182.13
  37.96  -181.88
  31.25  -181.76
  24.78  -181.27
  18.19  -181.03
  11.35  -180.54
   4.64  -179.08
  -2.44  -177.86
  -8.42  -175.66
 -14.89  -173.46
 -20.87  -171.26
 -26.61  -168.09
 -31.49  -164.67
 -36.25  -161.25
 -40.65  -158.08
 -44.43  -154.30
 -48.46  -151.12
 -51.88  -147.83
 -54.81  -144.53
 -57.62  -141.24
 -60.42  -138.31
 -63.48  -135.62
 -65.55  -133.30
 -68.60  -130.37
 -71.41  -127.81
 -73.36  -125.24
 -75.32  -122.07
 -78.25  -119.51
 -80.81  -116.58
 -82.89  -113.89
 -85.08  -111.57
 -87.40  -108.28
 -89.48  -105.10
 -91.06  -102.42
 -93.14   -99.85
 -94.12   -97.05
 -95.95   -94.36
 -97.17   -91.31
 -98.27   -88.38
 -99.37   -85.57
-100.95   -82.40
-102.17   -80.20
-103.52   -77.03
-105.10   -73.97
-105.47   -71.17
-105.96   -68.97
-106.20   -65.80
-106.57   -62.87
-106.81   -59.94
-106.20   -57.62
-106.08   -55.42
-105.83   -53.22
-105.47   -52.25
-105.71   -50.42
-105.35   -49.19
-104.86   -48.10
-106.32   -47.12
-106.69   -46.02
-107.79   -45.53
-108.40   -44.43
-109.74   -43.95
-111.21   -41.99
-112.92   -40.53
-114.50   -39.43
-115.48   -38.09
-117.31   -36.38
-119.38   -33.69
-120.97   -31.25
-123.05   -29.17
-124.27   -27.22
-125.49   -24.17
-126.95   -20.87
-127.93   -18.07
-128.54   -15.87
-128.91   -13.55
-129.27   -10.38
-129.76    -7.81
-130.98    -5.86
-131.35    -3.30
-132.32    -0.98
-133.06     0.98
-134.40     3.42
-134.77     5.62
-136.84     8.06
-138.06    10.38
-139.40    12.82
-141.24    15.26
-142.82    18.68
-145.14    22.46
-147.34    25.63
-148.80    29.30
-150.27    34.55
-152.22    39.06
-153.44    44.43
-154.79    50.17
-155.40    55.30
-155.76    61.65
-155.64    68.24
-155.15    74.58
-154.17    81.18
-152.59    87.89
-150.76    93.99
-147.71   100.59
-144.90   107.06
-142.46   112.79
-138.67   118.77
-134.77   124.15
-130.25   129.03
-125.61   134.89
-121.34   139.40
-116.82   143.31
-111.69   147.83
-106.69   152.34
-101.56   156.86
 -96.80   160.52
 -91.67   164.55
 -86.06   168.95
 -79.96   172.85
 -73.49   176.64
 -66.89   180.54
 -59.33   183.47
 -51.88   185.91
 -43.58   187.99
 -34.67   189.70
 -26.61   190.43
 -17.94   190.55
  -9.40   189.09
  -1.34   187.74
   5.98   185.30
  12.82   183.35
  18.68   180.79
  23.93   177.49
  28.93   174.19
  33.20   171.26
  36.74   169.31
  41.38   167.48
  45.29   165.65
  49.93   164.43
  55.18   162.96
  60.30   161.99
  66.16   159.91
  71.90   157.84
  78.49   154.66
  83.86   150.51
  89.97   146.12
  94.36   141.11
  98.51   135.99
 101.93   130.49
 104.98   125.00
 107.06   119.38
 108.40   114.87
 110.47   109.62
 111.82   105.35
 112.30   100.83
 113.40    96.68
 113.77    93.14
 114.26    89.84
 114.99    86.43
 115.84    83.37
 116.94    80.57
 117.43    77.88
 118.65    74.46
 119.87    71.78
 120.73    67.99
 121.70    64.94
 122.31    61.28
 122.68    57.50
 123.17    54.69
 122.92    51.27
 123.05    48.22
 122.44    45.29
 122.68    42.48
 122.31    39.67
 122.19    36.87
 121.34    34.42
 120.73    32.47
 120.36    30.27
 119.38    27.71
 118.77    26.37
 118.04    24.78
 117.80    23.80
 117.55    22.22
 117.55    21.85
 117.68    20.87
 118.16    20.02
 119.51    18.92
 120.61    18.31
 121.22    17.21
 122.68    15.99
 124.51    14.40
 126.10    12.94
 128.30    10.86
 130.13     8.06
 131.71     5.49
 133.42     2.69
 135.99    -0.24
 137.33    -3.05
 138.18    -6.84
 140.26   -10.62
 141.48   -13.92
 142.21   -18.19
 142.94   -22.46
 143.19   -26.86
 142.82   -31.01
 142.82   -35.28
 141.72   -39.43
 140.99   -42.85
 139.65   -46.26
 139.53   -50.17
 138.55   -52.86
 138.43   -55.79
 138.06   -59.20
 137.94   -62.01
 136.60   -65.67
 136.11   -68.97
 135.38   -72.14
 134.89   -76.05
 134.16   -79.47
 134.16   -83.25
 133.79   -87.16
 133.79   -91.31
 133.79   -94.36
 133.18   -99.49
 132.45  -104.61
 131.96  -109.13
 130.37  -114.75
 129.03  -119.75
 127.20  -125.73
 125.37  -131.47
 122.56  -137.82
 119.87  -143.31
 116.58  -150.51
 113.28  -155.76
 108.64  -161.38
 104.49  -167.72
  99.37  -173.34
  93.99  -178.59
  87.65  -184.08
  81.79  -189.09
  75.56  -193.85
  68.60  -198.49
  61.16  -202.76
  53.96  -207.52
  45.78  -211.55
  37.11  -215.33
  27.59  -218.38
  18.19  -221.07
   8.06  -223.02
  -2.08  -224.12
 -12.33  -224.85
 -22.34  -224.49
 -32.35  -223.63
 -42.48  -222.17
 -52.73  -219.85
 -62.62  -216.80
 -72.63  -213.26
 -81.79  -208.98
 -90.70  -202.76
 -99.00  -197.02
-106.32  -191.65
-112.18  -185.30
-118.16  -178.96
-123.41  -172.73
-127.93  -166.87
-132.20  -161.62
-136.11  -156.13
-140.01  -150.02
-144.41  -144.29
-148.07  -139.04
-152.22  -133.42
-155.76  -127.20
-158.33  -120.61
-162.23  -114.50
-164.79  -108.52
-166.75  -101.56
-169.07   -94.85
-169.43   -88.13
-170.90   -81.79
-170.65   -75.81
-170.90   -68.97
-170.78   -63.84
-170.17   -58.23
-169.56   -52.98
-168.46   -48.95
-168.09   -43.82
-167.24   -40.04
-166.50   -35.16
-166.02   -31.37
-165.28   -27.59
-165.04   -23.44
-164.31   -19.90
-163.57   -15.99
-162.60   -11.23
-161.99    -8.06
-160.52    -3.78
-159.91     0.12
-158.57     3.05
-156.98     6.84
-155.88     9.89
-154.91    13.18
-152.95    16.11
-151.73    18.55
-149.78    21.61
-148.56    24.17
-147.34    26.25
-145.63    28.56
-144.65    30.88
-143.68    32.71
-142.46    33.94
-141.11    36.99
-140.87    38.09
-140.01    39.67
-139.40    41.38
-139.89    43.33
-140.14    44.80
-140.63    46.51
-141.36    48.83
-142.70    51.27
-144.04    54.08
-144.65    57.62
-145.63    62.13
-146.00    66.16
-145.87    71.29
-145.75    76.78
-144.41    81.30
-143.07    86.43
-141.24    91.55
-139.40    95.95
-137.33    99.85
-134.16   104.37
-132.32   108.03
-129.27   111.33
-126.34   114.87
-123.41   118.77
-121.83   121.95
-118.65   125.12
-116.46   128.78
-113.65   131.84
-110.84   135.25
-108.40   138.92
-104.98   141.97
-102.54   145.75
 -99.12   149.17
 -95.34   151.12
 -91.80   154.79
 -88.62   157.47
 -85.94   160.28
 -81.67   163.70
 -79.47   166.75
 -75.81   169.31
 -72.51   172.36
 -69.21   176.15
 -66.04   180.05
 -62.38   183.96
 -58.35   187.50
 -53.71   191.89
 -49.56   195.80
 -43.70   199.58
 -38.33   204.22
 -33.45   207.64
 -26.73   211.67
 -20.51   215.58
 -13.55   219.48
  -5.98   223.14
   2.69   226.93
  11.47   230.35
  20.39   232.18
  30.88   234.62
  40.77   235.84
  50.66   236.69
  61.40   236.57
  71.53   235.72
  82.03   235.35
  92.77   234.01
 103.52   231.45
 114.50   228.39
 125.61   225.46
 136.96   220.70
 148.56   214.84
 159.18   208.01
 169.80   201.05
 179.44   192.38
 187.74   183.23
 195.31   174.07
 202.27   164.18
 208.25   154.42
 213.01   143.31
 217.29   133.42
 220.95   123.41
 223.39   112.79
 225.59   103.15
 226.93    93.14
 227.91    83.86
 228.27    74.71
 229.25    66.28
 229.25    57.74
 228.39    49.32
 228.03    41.50
 227.91    33.69
 226.44    25.51
 225.71    17.58
 223.63    10.13
 221.07     2.20
 218.99    -5.49
 216.06   -12.33
 212.77   -18.80
 209.96   -25.88
 206.30   -31.37
 203.00   -36.74
 199.22   -42.48
 195.92   -47.24
 191.65   -51.76
 188.11   -56.76
 184.57   -61.04
 180.54   -64.94
 176.51   -68.24
 172.97   -71.90
 169.07   -74.95
 165.41   -78.00
 161.25   -81.18
 158.08   -83.62
 154.79   -85.82
 151.12   -88.13
 148.56   -89.97
 145.63   -92.04
 142.82   -93.87
 140.50   -96.19
 138.31   -97.66
 135.38  -100.10
 132.57  -102.54
 130.49  -104.86
 128.17  -106.81
 125.61  -109.13
 123.41  -111.33
 121.34  -113.65
 118.29  -115.48
 115.84  -117.92
 113.53  -120.00
 110.84  -121.70
 108.28  -123.90
 105.71  -125.85
 103.88  -126.95
 101.20  -129.27
  99.12  -130.74
  97.53  -132.81
  95.70  -134.89
  94.24  -137.21
  92.90  -140.01
  90.70  -142.70
  88.01  -145.87
  86.91  -149.66
  84.72  -153.20
  81.54  -156.98
  78.25  -160.16
  74.46  -164.55
  70.80  -168.46
  66.28  -171.63
  61.40  -175.17
  55.66  -178.34
  51.15  -181.15
  45.41  -183.84
  40.28  -185.67
  34.67  -187.62
  29.05  -189.21
  24.17  -190.43
  18.19  -191.04
  13.18  -191.89
   7.93  -193.12
   3.30  -193.48
  -1.59  -194.09
  -6.23  -195.31
 -10.99  -196.41
 -16.36  -197.39
 -20.63  -198.73
 -26.12  -200.32
 -31.49  -201.90
 -37.60  -203.49
 -44.31  -204.83
 -51.27  -206.30
 -58.11  -206.79
 -65.80  -207.52
 -73.61  -208.01
 -81.54  -208.01
 -90.70  -207.28
 -99.61  -205.69
-108.76  -204.35
-117.55  -201.90
-125.98  -198.85
-134.89  -194.95
-142.33  -191.77
-150.63  -187.62
-158.33  -182.74
-166.50  -178.10
-174.56  -173.10
-182.01  -166.99
-189.70  -160.77
-198.49  -154.05
-205.69  -146.12
-212.65  -138.31
-218.75  -129.15
-225.22  -120.00
-230.71  -111.45
-234.86  -101.56
-239.14   -91.06
-242.92   -80.81
-245.61   -69.95
-246.95   -59.08
-248.05   -47.97
-248.29   -36.74
-247.07   -26.12
-244.75   -15.63
-242.92    -6.71
-240.23     2.08
-236.69    10.13
-234.13    17.33
-230.83    24.29
-228.03    30.40
-225.22    36.74
-222.66    43.58
-220.58    50.42
-217.29    56.76
-214.48    64.45
-211.06    71.17
-206.30    77.39
-202.03    83.50
-197.63    88.87
-192.99    94.97
-188.60    99.12
-184.08   103.76
-179.08   108.64
-174.80   113.04
-170.17   117.68
-164.79   122.07
-160.03   126.10
-153.81   130.37
-147.83   134.03
-142.09   137.08
-135.86   138.67
-129.39   141.24
-123.90   143.31
-118.16   144.29
-113.65   144.65
-108.64   145.63
-104.37   145.87
 -99.73   146.97
 -95.95   147.22
 -92.41   148.19
 -88.62   148.56
 -84.84   148.19
 -80.93   149.05
 -77.76   150.27
 -74.71   150.63
 -71.41   151.61
 -68.36   153.32
 -65.31   153.93
 -62.38   154.79
 -58.96   156.13
 -54.81   157.59
 -51.76   159.18
 -47.49   159.79
 -43.70   161.25
 -39.55   161.74
 -35.28   161.87
 -31.37   162.48
 -27.22   162.60
 -23.19   162.96
 -19.78   162.84
 -16.11   162.60
 -12.33   162.96
  -9.40   162.72
  -6.47   162.84
  -3.42   163.09
   0.12   163.09
   3.17   163.21
   6.35   163.94
   9.28   164.92
  12.82   165.53
  16.36   166.14
  20.39   166.75
  25.02   167.72
  29.66   168.58
  34.06   169.31
  38.94   169.43
  43.21   169.43
  48.95   169.31
  54.69   168.70
  60.06   168.21
  65.19   167.11
  70.56   165.77
  75.07   164.06
  80.57   162.11
  85.69   159.91
  90.21   157.71
  95.09   155.76
  98.75   153.20
 102.42   150.88
 107.06   148.56
 110.96   146.61
 114.87   144.65
 118.77   143.19
 123.54   141.24
 128.54   139.53
 132.93   137.45
 138.18   135.25
 143.68   133.06
 149.66   130.74
 156.01   127.69
 161.50   123.66
 168.21   119.51
 174.44   114.75
 180.54   109.01
 186.16   103.27
 191.28    96.56
 196.53    89.23
 201.42    81.79
 204.71    73.73
 208.01    66.04
 210.08    57.62
 213.13    50.17
 214.48    42.11
 216.55    34.67
 217.65    27.22
 218.63    19.65
 219.48    11.84
 220.34     3.66
 221.07    -4.52
 220.83   -13.06
 220.46   -21.61
 219.48   -30.88
 217.41   -40.28
 214.60   -49.80
 211.79   -57.98
 207.40   -65.92
 202.64   -73.49
 197.63   -81.54
 191.53   -88.13
 185.79   -93.99
 178.96   -98.88
 172.73  -103.03
 166.38  -106.69
 159.79  -109.25
 154.30  -110.96
 149.66  -112.43
 145.87  -114.14
 143.19  -114.75
 140.50  -116.70
 138.79  -118.53
 137.45  -121.46
 136.35  -125.37
 134.89  -129.15
 132.81  -134.52
 129.64  -139.89
 125.85  -146.24
 121.22  -152.71
 115.60  -158.69
 108.76  -164.18
 101.56  -169.31
  93.75  -173.22
  84.84  -176.39
  76.05  -179.08
  67.14  -180.66
  58.47  -181.15
  49.56  -180.91
  40.77  -179.44
  32.84  -177.12
  25.15  -174.56
  19.29  -171.02
  12.94  -167.48
   8.06  -163.33
   3.66  -159.06
   0.61  -156.37
  -1.95  -152.83
  -4.03  -150.15
  -5.74  -147.83
  -8.30  -145.87
  -9.16  -144.65
 -10.99  -143.68
 -13.18  -142.33
 -14.89  -141.72
 -17.09  -141.97
 -19.65  -141.85
 -21.97  -141.48
 -25.27  -141.11
 -28.32  -141.24
 -31.49  -140.63
 -34.79  -140.26
 -38.09  -139.77
 -41.63  -138.43
 -45.29  -136.96
 -48.95  -135.99
 -52.25  -134.40
 -55.05  -132.69
 -57.62  -130.98
 -60.67  -129.39
 -62.87  -127.93
 -65.55  -126.22
 -67.50  -124.39
 -70.43  -123.17
 -72.63  -122.19
 -74.83  -121.09
 -77.51  -120.12
 -79.96  -119.26
 -82.76  -118.29
 -85.94  -117.43
 -89.36  -117.07
 -92.65  -115.84
 -96.31  -114.50
-100.95  -112.92
-104.74  -111.45
-109.01  -109.13
-112.92  -107.79
-117.68  -104.00
-120.73  -100.95
-124.76   -97.66
-128.91   -94.97
-131.96   -90.94
-135.50   -87.52
-138.43   -83.37
-141.85   -78.86
-144.53   -74.46
-147.09   -69.70
-149.54   -65.67
-151.37   -61.65
-153.08   -57.01
-155.03   -52.49
-156.74   -47.73
-158.81   -43.09
-159.91   -38.57
-161.13   -34.06
-162.60   -28.81
-163.57   -25.27
-164.43   -19.90
-165.41   -15.01
-166.14   -10.01
-167.36    -4.88
-167.72     0.00
-168.33     4.88
-168.70    11.11
-168.95    16.72
-168.21    22.22
-167.60    27.47
-166.87    33.81
-165.53    39.67
-163.57    45.04
-161.50    51.03
-159.30    56.15
-156.62    61.28
-154.05    66.16
-150.76    70.56
-147.58    74.95
-144.17    79.35
-141.24    83.13
-138.18    87.40
-135.13    91.19
-131.35    94.48
-127.81    98.02
-123.90   101.32
-120.36   104.49
-116.09   108.03
-112.55   111.21
-108.28   113.65
-104.00   116.09
 -99.61   118.53
 -95.21   120.36
 -90.21   122.31
 -85.94   123.54
 -81.79   124.63
 -78.00   125.12
 -73.61   125.37
 -70.31   125.73
 -67.50   126.59
 -64.70   126.83
 -62.13   127.32
 -60.42   127.81
 -58.11   129.76
 -55.79   131.10
 -53.47   133.42
 -50.54   136.23
 -47.61   138.55
 -43.95   141.36
 -40.16   143.92
 -35.40   146.61
 -29.79   148.93
 -24.54   150.63
 -17.82   152.22
 -11.84   152.59
  -4.39   152.71
   1.83   152.10
   8.54   150.76
  14.40   148.80
  20.39   145.63
  25.39   142.33
  29.42   139.04
  33.57   136.11
  36.25   131.84
  39.31   128.66
  41.38   126.10
  43.58   123.66
  44.43   120.97
  46.39   119.14
  47.49   117.07
  49.32   115.72
  50.66   114.75
  52.37   113.77
  53.83   112.92
  56.76   112.06
  58.72   111.33
  61.77   110.47
  64.33   109.74
  66.77   108.76
  70.07   107.42
  73.12   106.08
  76.42   104.25
  80.08   101.93
  83.01   100.10
  85.94    97.41
  88.87    94.60
  92.04    92.29
  94.24    89.48
  96.80    86.30
  98.27    83.01
 100.71    79.71
 102.54    76.66
 103.88    73.97
 104.98    71.53
 106.08    68.24
 107.30    65.31
 109.13    62.99
 110.35    60.18
 110.96    57.62
 112.18    55.66
 113.53    52.61
 115.11    50.29
 116.70    48.10
 118.41    45.78
 119.75    42.85
 121.22    39.92
 122.80    36.62
 124.76    33.33
 126.10    29.91
 127.20    26.37
 128.66    22.46
 128.66    18.55
 130.13    14.89
 130.74    11.23
 130.49     7.08
 130.25     2.93
 130.37    -1.10
 130.62    -4.52
 130.13    -8.42
 129.64   -12.08
 128.66   -15.26
 127.93   -19.90
 127.56   -23.56
 126.46   -27.22
 125.37   -30.40
 124.39   -34.30
 122.56   -37.72
 120.85   -41.75
 119.75   -45.17
 117.31   -48.46
 115.60   -51.51
 113.40   -54.08
 110.84   -56.76
 108.52   -59.81
 107.06   -62.50
 104.98   -64.33
 102.54   -66.89
  99.73   -69.09
  97.66   -71.53
  95.34   -74.22
  93.38   -76.17
  90.70   -78.61
  88.13   -80.20
  85.57   -81.54
  83.50   -83.86
  81.18   -84.84
  78.98   -86.43
  76.78   -87.52
  74.34   -88.75
  71.78   -90.21
  69.95   -91.92
  67.75   -93.26
  65.43   -94.12
  63.96   -95.83
  61.89   -97.29
  59.69   -98.51
  57.50  -100.59
  55.54  -101.81
  52.86  -103.88
  50.29  -105.10
  47.97  -106.57
  45.04  -107.42
  42.24  -109.13
  39.18  -110.96
  36.38  -111.94
  33.69  -113.04
  30.76  -113.28
  28.32  -114.62
  25.15  -115.48
  22.71  -116.46
  19.78  -117.80
  17.21  -118.29
  13.92  -119.63
  10.62  -120.48
   7.20  -121.95
   4.03  -122.44
   0.37  -123.29
  -4.03  -124.27
  -7.93  -124.51
 -11.72  -124.02
 -16.24  -124.39
 -20.51  -124.15
 -24.41  -123.41
 -28.69  -122.92
 -32.35  -121.70
 -36.25  -120.97
 -40.41  -118.90
 -44.07  -117.19
 -47.61  -115.60
 -51.27  -113.65
 -54.32  -112.18
 -57.37  -109.62
 -59.94  -107.67
 -62.74  -106.08
 -65.31  -104.49
 -67.50  -102.66
 -70.56  -100.83
 -73.12   -99.12
 -75.93   -97.41
 -79.22   -95.70
 -81.67   -94.12
 -84.59   -92.41
 -87.65   -90.09
 -90.58   -87.28
 -93.99   -84.59
 -96.31   -82.15
 -99.61   -79.22
-101.93   -75.93
-105.10   -72.14
-107.42   -69.58
-109.25   -66.53
-111.33   -62.13
-113.16   -57.98
-114.38   -54.81
-115.72   -50.42
-116.70   -46.02
-117.55   -42.11
-118.16   -38.94
-118.77   -35.03
-118.53   -31.74
-119.51   -28.08
-118.90   -24.29
-119.02   -21.24
-118.90   -17.70
-118.53   -14.89
-118.16   -11.72
-117.31    -8.18
-117.80    -5.37
-116.58    -3.05
-115.72     0.12
-116.33     3.05
-115.23     5.00
-114.62     8.18
-114.38    10.99
-114.38    13.43
-113.40    15.75
-112.55    18.55
-112.43    21.12
-111.82    23.56
-111.08    26.25
-110.35    28.56
-109.62    31.13
-108.52    34.06
-107.18    37.11
-106.57    39.18
-105.35    41.50
-104.61    44.56
-103.15    46.75
-102.54    49.07
-100.83    51.15
 -99.98    54.20
 -99.49    56.52
 -98.02    58.72
 -96.31    61.52
 -95.46    64.21
 -93.99    67.14
 -92.90    69.95
 -90.94    73.36
 -89.23    75.68
 -86.67    78.61
 -84.23    81.91
 -81.91    84.23
 -78.74    87.16
 -76.05    88.99
 -73.00    91.06
 -69.58    93.26
 -66.16    94.60
 -62.87    96.80
 -59.69    97.29
 -56.03    98.39
 -52.73    99.12
 -49.93   100.10
 -46.26   100.34
 -43.58   101.07
 -41.14   100.95
 -38.45   101.20
 -35.77   100.95
 -33.81   101.20
 -31.74   101.20
 -29.54   101.07
 -27.59   101.32
 -25.76   101.32
 -24.29   102.05
 -22.34   103.03
 -20.87   103.15
 -18.92   104.37
 -17.09   105.47
 -15.01   106.20
 -13.18   107.18
 -10.74   108.28
  -8.42   109.86
  -6.23   110.96
  -2.44   112.06
   0.37   113.04
   3.54   113.89
   7.32   114.75
  10.99   115.60
  14.53   116.21
  18.31   116.58
  22.71   117.31
  26.37   116.70
  30.52   116.09
  34.91   115.11
  39.31   114.50
  43.09   112.79
  47.85   111.45
  51.03   109.86
  55.18   107.54
  58.59   105.22
  62.01   102.78
  64.94   100.22
  68.12    97.53
  70.56    94.85
  72.14    92.41
  74.10    89.97
  76.42    87.77
  78.86    85.82
  80.44    83.62
  82.28    81.30
  84.23    78.74
  85.69    76.90
  88.62    75.07
  90.58    71.90
  93.14    70.31
  94.60    67.50
  96.44    65.19
  99.12    62.26
 100.46    60.18
 102.17    57.01
 104.37    54.32
 105.71    51.03
 106.93    48.22
 108.40    44.80
 110.23    41.75
 110.96    38.57
 112.30    34.67
 113.16    31.01
 113.77    28.20
 114.38    24.54
 115.23    21.36
 115.23    17.70
 115.48    14.04
 115.84    11.23
 115.36     7.69
 116.09     5.00
 115.11     1.83
 113.53    -2.20
 114.50    -6.59
 114.01    -7.32
 112.18   -12.08
 111.08   -14.77
 110.96   -17.94
 109.01   -19.90
 108.40   -22.95
 107.18   -25.15
 105.96   -26.86
 105.10   -30.03
 104.13   -32.23
 102.66   -33.94
 101.68   -36.62
 100.46   -38.94
  99.61   -40.89
  98.51   -43.09
  96.80   -44.92
  96.19   -47.49
  95.34   -49.19
  93.99   -51.15
  92.90   -53.71
  92.04   -55.42
  90.70   -57.62
  89.72   -59.57
  88.62   -61.40
  87.04   -63.84
  85.94   -66.28
  84.72   -67.75
  83.86   -69.95
  82.52   -72.51
  80.57   -74.34
  79.10   -76.90
  78.13   -79.47
  76.78   -81.91
  74.58   -84.23
  73.36   -87.52
  71.53   -89.72
  69.58   -91.80
  67.02   -94.97
  65.06   -97.90
  62.26  -100.22
  59.20  -102.78
  56.27  -105.22
  52.73  -107.54
  49.32  -109.74
  45.53  -111.57
  41.87  -113.65
  37.96  -115.11
  34.18  -116.58
  29.66  -117.07
  25.63  -118.53
  22.09  -118.53
  18.19  -119.26
  14.65  -119.14
  10.62  -119.02
   7.08  -118.77
   2.69  -119.02
  -0.85  -118.65
  -4.03  -117.80
  -7.69  -117.31
 -10.99  -116.58
 -14.28  -116.21
 -16.97  -115.23
 -20.39  -114.01
 -24.05  -112.92
 -26.37  -112.67
 -29.17  -111.69
 -32.23  -109.99
 -34.67  -109.99
 -36.87  -108.76
 -39.92  -107.30
 -42.48  -106.57
 -45.29  -105.59
 -47.73  -104.74
 -50.54  -104.00
 -52.98  -103.27
 -55.42  -101.81
 -58.23  -101.07
 -61.28   -99.85
 -64.58   -98.63
 -67.63   -98.02
 -70.92   -96.19
 -73.85   -94.97
 -76.78   -93.26
 -79.83   -91.06
 -83.74   -89.23
 -86.67   -87.16
 -89.60   -84.47
 -92.29   -82.28
 -95.21   -79.22
 -98.14   -76.29
-101.20   -73.36
-102.91   -69.95
-105.83   -66.65
-107.79   -63.11
-109.99   -59.45
-111.08   -56.15
-112.55   -52.37
-114.26   -49.19
-115.48   -45.90
-116.33   -41.99
-117.43   -39.06
-118.29   -35.40
-118.65   -31.74
-119.75   -28.69
-120.73   -25.51
-121.34   -22.34
-121.46   -18.55
-122.56   -15.01
-123.05   -11.60
-123.41    -7.81
-123.66    -4.52
-123.78    -0.61
-123.29     3.05
-123.29     6.96
-122.80    10.99
-121.95    14.16
-120.97    18.07
-119.87    22.09
-119.38    25.39
-117.31    28.93
-115.72    31.98
-113.77    35.52
-111.94    37.96
-110.23    41.26
-108.40    43.33
-106.45    45.53
-104.49    47.85
-103.27    50.17
-101.44    51.88
 -99.37    53.71
 -97.90    55.91
 -96.68    57.86
 -94.73    59.81
 -93.02    62.01
 -92.29    63.60
 -89.84    65.80
 -88.01    67.14
 -86.67    68.97
 -85.33    70.92
 -83.37    72.63
 -81.91    73.61
 -79.96    76.17
 -78.74    77.64
 -77.27    79.59
 -74.83    81.05
 -73.85    82.89
 -72.14    83.62
 -70.19    85.45
 -69.21    87.28
 -67.63    88.87
 -65.92    91.06
 -65.06    92.65
 -63.60    94.36
 -61.65    97.05
 -60.06    99.00
 -59.45   101.32
 -56.64   103.39
 -54.69   105.71
 -53.10   109.01
 -50.54   111.33
 -47.24   114.14
 -44.80   117.07
 -41.63   119.51
 -37.72   121.95
 -33.94   124.63
 -30.15   126.83
 -26.37   128.66
 -21.61   131.10
 -17.46   132.45
 -13.18   134.03
  -8.42   135.38
  -3.17   136.47
   2.20   137.45
   8.30   137.94
  13.55   137.94
  19.29   137.70
  24.90   137.33
  30.27   136.35
  35.52   135.13
  41.26   133.79
  46.02   131.59
  51.03   129.76
  55.54   127.08
  59.94   124.27
  64.09   121.22
  68.73   118.16
  72.39   114.62
  76.17   111.57
  79.71   108.15
  82.40   104.49
  85.33   101.07
  87.77    97.53
  89.72    94.73
  92.29    91.19
  93.99    87.65
  95.70    84.59
  97.41    81.67
  99.00    77.88
 100.83    74.10
 102.29    72.02
 103.76    68.36
 104.74    64.82
 106.45    61.89
 107.18    59.08
 108.03    55.79
 109.25    53.22
 109.86    50.29
 110.47    47.61
 111.45    44.68
 112.43    41.87
 112.55    38.33
 113.40    35.52
 114.62    33.69
 114.99    30.40
 115.36    27.95
 116.70    25.15
 117.68    21.97
 117.55    19.65
 118.53    16.72
 119.38    13.43
 120.24    10.50
 120.61     7.32
 121.22     3.91
 121.09     0.24
 121.70    -3.17
 121.22    -6.96
 121.46   -10.38
 120.97   -14.16
 120.61   -17.82
 119.87   -20.87
 118.90   -24.41
 117.68   -27.59
 116.82   -30.76
 115.97   -33.94
 114.75   -37.72
 113.16   -40.41
 111.82   -43.33
 110.72   -46.51
 109.38   -49.07
 107.18   -52.25
 105.35   -54.93
 104.13   -58.84
 102.54   -61.04
 100.46   -63.23
  98.75   -65.55
  96.68   -68.24
  94.97   -70.68
  93.02   -73.85
  90.58   -75.68
  88.99   -78.49
  86.67   -81.05
  84.23   -83.13
  81.67   -85.69
  78.74   -87.77
  76.17   -89.60
  73.36   -91.67
  70.68   -93.99
  67.75   -95.21
  65.19   -96.44
  62.87   -98.02
  59.69   -99.61
  57.01  -100.95
  54.57  -102.42
  52.00  -103.76
  49.32  -104.49
  46.26  -105.47
  44.07  -106.93
  41.50  -107.79
  38.33  -108.76
  35.77  -109.86
  32.47  -110.84
  30.15  -111.94
  27.34  -112.92
  24.41  -113.89
  21.36  -114.87
  18.31  -116.21
  15.14  -116.82
  12.21  -117.55
   9.52  -118.53
   6.59  -118.77
   2.93  -120.12
  -0.12  -119.75
  -3.42  -120.61
  -7.08  -121.22
 -10.62  -121.46
 -14.16  -121.83
 -17.58  -122.31
 -21.36  -122.07
 -25.02  -122.44
 -28.93  -121.83
 -33.08  -121.95
 -37.60  -121.70
 -41.26  -121.58
 -46.02  -120.85
 -50.29  -120.00
 -54.81  -119.26
 -59.33  -117.68
 -63.48  -115.84
 -68.36  -113.89
 -72.88  -111.45
 -77.39  -108.89
 -82.03  -106.69
 -86.06  -103.76
 -89.72  -100.71
 -93.02   -96.80
 -97.29   -92.53
-100.46   -88.99
-103.64   -84.84
-105.83   -80.93
-108.76   -77.03
-110.47   -72.63
-112.67   -68.48
-113.77   -64.45
-115.23   -59.69
-116.58   -55.42
-118.04   -51.27
-119.26   -47.00
-119.75   -42.72
-120.61   -38.70
-120.36   -34.06
-120.48   -29.79
-120.00   -25.88
-120.24   -21.73
-119.75   -18.19
-118.65   -14.16
-117.80   -10.86
-116.58    -7.81
-115.23    -4.64
-114.26    -1.10
-113.16     1.83
-111.82     4.52
-110.72     6.35
-109.25     8.91
-107.67    11.11
-106.69    13.79
-105.96    16.11
-104.49    18.07
-103.76    19.65
-102.78    21.48
-101.44    23.80
-100.22    25.51
 -99.12    28.08
 -97.78    29.66
 -97.05    31.01
 -96.68    32.47
 -95.83    33.94
 -94.60    35.28
 -93.87    36.99
 -93.02    39.06
 -93.02    40.65
 -92.41    42.48
 -91.55    44.43
 -91.55    46.26
 -90.70    47.97
 -89.48    50.29
 -88.99    52.98
 -88.26    55.18
 -87.04    57.62
 -85.69    59.45
 -84.59    61.65
 -83.37    63.72
 -81.42    65.92
 -79.96    68.12
 -78.49    70.07
 -76.54    72.02
 -75.20    74.10
 -74.10    76.05
 -72.27    77.51
 -71.29    79.47
 -69.09    81.18
 -67.75    82.64
 -65.92    85.33
 -64.21    87.04
 -62.38    89.60
 -60.55    91.06
 -58.47    93.38
 -56.03    95.83
 -53.59    98.02
 -51.39    99.73
 -49.19   102.17
 -46.26   103.39
 -43.33   104.86
 -40.41   107.18
 -37.72   109.25
 -35.03   110.35
 -32.23   111.82
 -28.08   113.40
 -24.54   114.75
 -21.00   115.72
 -18.07   116.94
 -14.89   118.04
 -11.35   118.65
  -7.45   119.38
  -3.30   120.36
   0.12   120.97
   3.54   121.46
   7.45   121.83
  11.72   121.95
  15.75   121.58
  19.90   121.22
  24.29   120.97
  28.20   120.73
  31.86   119.75
  35.89   118.90
  40.04   118.04
  43.70   117.07
  47.36   115.84
  50.66   114.87
  54.44   113.04
  58.11   111.45
  61.89   109.86
  65.55   108.03
  69.21   105.59
  72.88   104.00
  76.66   101.68
  80.44    99.61
  83.98    97.41
  87.16    94.85
  90.09    92.41
  93.63    89.23
  97.17    86.18
  99.61    83.74
 103.39    80.44
 106.32    76.78
 108.52    73.00
 112.18    68.36
 114.99    64.21
 117.68    60.42
 119.87    55.30
 121.83    50.42
 123.54    45.78
 124.88    41.14
 125.73    36.38
 126.34    31.62
 126.83    26.49
 126.83    21.12
 126.71    15.99
 126.34    11.23
 125.24     6.47
 123.41     1.10
 122.07    -3.54
 120.48    -7.45
 118.53   -11.84
 115.84   -15.14
 113.89   -18.55
 111.69   -21.12
 108.89   -24.05
 106.57   -26.86
 103.76   -29.79
 101.20   -31.62
  98.51   -33.94
  95.83   -35.16
  93.38   -36.62
  90.70   -38.45
  88.26   -39.31
  86.79   -40.04
  84.59   -40.89
  83.13   -41.26
  81.42   -42.11
  79.22   -42.60
  78.13   -42.97
  76.90   -43.95
  76.17   -44.31
  75.07   -45.04
  74.46   -45.17
  73.85   -45.53
  72.88   -46.39
  71.41   -47.12
  71.29   -47.61
  71.04   -48.46
  71.17   -49.68
  71.17   -50.17
  70.80   -51.27
  70.92   -52.12
  70.92   -53.59
  70.92   -54.93
  70.92   -56.88
  71.17   -59.08
  70.68   -61.16
  69.95   -63.23
  69.58   -65.67
  68.85   -68.73
  68.60   -69.70
  67.87   -72.14
  66.65   -74.83
  65.67   -77.03
  64.58   -79.35
  62.87   -82.15
  62.50   -84.47
  60.06   -87.77
  58.23   -90.45
  56.40   -93.26
  53.83   -95.95
  51.64   -99.24
  48.46  -101.56
  46.39  -104.00
  42.85  -105.71
  40.41  -108.40
  37.35  -110.47
  34.18  -112.55
  31.25  -113.28
  27.34  -116.09
  23.68  -117.80
  20.02  -118.90
  15.38  -120.61
  11.72  -122.07
   7.45  -123.41
   3.54  -124.63
  -0.61  -125.49
  -4.76  -126.22
  -8.79  -126.59
 -13.55  -126.71
 -17.58  -126.71
 -22.46  -127.08
 -27.59  -126.83
 -32.23  -127.08
 -36.62  -126.22
 -41.87  -125.61
 -46.88  -124.02
 -51.39  -122.44
 -56.15  -120.85
 -60.67  -118.90
 -65.06  -117.19
 -68.97  -115.48
 -73.00  -112.43
 -77.03  -110.11
 -80.93  -107.42
 -84.84  -104.49
 -88.62  -100.95
 -91.55   -98.39
 -95.95   -94.85
 -98.27   -91.67
-101.81   -88.26
-104.61   -84.47
-107.42   -81.18
-109.74   -78.00
-111.57   -74.10
-114.50   -70.68
-116.33   -67.02
-118.41   -63.48
-120.36   -59.94
-122.31   -55.54
-123.90   -51.15
-126.22   -47.49
-127.32   -43.09
-129.03   -39.31
-130.13   -35.28
-131.47   -31.01
-132.20   -26.61
-133.06   -21.73
-134.40   -17.46
-135.13   -12.57
-135.25    -8.54
-135.01    -3.17
-135.62     1.22
-135.01     6.84
-134.28    11.72
-133.54    16.72
-132.08    21.73
-131.10    26.49
-128.30    31.01
-125.98    35.89
-124.39    39.79
-121.95    43.95
-118.53    47.12
-115.72    51.03
-112.06    55.05
-108.52    58.84
-105.83    61.04
-101.93    63.35
 -98.27    65.31
 -94.48    67.75
 -90.70    69.82
 -87.28    71.66
 -84.35    72.14
 -81.18    73.00
 -77.76    73.73
 -74.83    74.46
 -71.78    74.71
 -68.60    74.83
 -65.92    75.07
 -63.35    75.20
 -61.04    74.71
 -58.96    74.71
 -56.52    74.22
 -56.15    74.22
 -54.32    73.85
 -52.86    73.36
 -52.00    73.24
 -51.51    73.49
 -50.54    73.73
 -49.80    73.49
 -49.44    74.10
 -49.19    74.71
 -48.46    75.44
 -48.10    76.29
 -47.97    77.64
 -47.12    78.86
 -46.75    80.20
 -45.53    81.79
 -44.80    83.98
 -44.43    85.33
 -42.97    87.52
 -41.38    89.72
 -39.92    91.31
 -38.45    93.51
 -35.89    95.34
 -34.30    97.78
 -32.10    99.37
 -29.91   100.95
 -26.98   102.91
 -24.66   104.86
 -21.48   106.69
 -18.92   107.79
 -16.24   108.89
 -12.82   110.11
  -9.89   111.94
  -6.23   113.40
  -3.54   114.62
   0.85   115.23
   4.27   116.09
   7.93   117.07
  11.47   117.31
  15.14   117.68
  19.41   118.16
  22.71   118.90
  26.86   118.16
  31.25   118.41
  35.52   118.04
  39.31   117.43
  43.46   116.58
  47.85   115.60
  51.88   115.11
  55.30   113.89
  59.08   112.18
  63.35   111.21
  67.50   110.11
  71.04   107.91
  75.44   106.20
  79.22   104.13
  83.86   102.66
  87.40   100.10
  91.19    97.66
  94.97    94.97
  99.00    92.04
 102.66    88.75
 106.45    84.84
 110.23    81.91
 113.40    78.49
 116.21    73.36
 119.14    69.21
 121.95    65.19
 124.27    60.79
 126.71    55.91
 127.93    51.51
 130.13    47.12
 131.23    42.11
 132.32    37.60
 134.28    33.33
 134.52    28.08
 135.01    23.56
 136.11    18.92
 135.74    14.40
 136.23     9.89
 136.11     5.25
 135.86     0.73
 135.50    -3.17
 135.13    -8.79
 134.28   -12.70
 133.67   -16.85
 132.81   -20.75
 131.47   -25.02
 130.49   -29.42
 129.15   -33.33
 127.69   -37.11
 125.85   -41.14
 124.39   -45.17
 122.68   -48.46
 120.61   -52.73
 118.41   -56.64
 116.58   -60.55
 114.38   -63.60
 110.96   -67.38
 109.01   -71.04
 106.57   -74.34
 103.15   -77.39
 100.10   -80.81
  97.41   -83.74
  93.75   -86.55
  89.84   -88.99
  86.55   -91.92
  83.01   -94.73
  79.22   -96.44
  75.07   -99.00
  71.17  -100.22
  67.14  -101.93
  63.23  -103.03
  59.08  -104.13
  55.30  -104.86
  51.03  -105.47
  47.00  -106.45
  43.46  -106.57
  40.16  -106.08
  35.52  -106.08
  32.35  -105.96
  28.69  -106.08
  25.27  -105.22
  22.22  -104.74
  18.92  -103.76
  16.72  -102.78
  13.67  -101.68
  11.60  -100.83
   8.91   -99.98
   6.71   -98.63
   5.00   -97.66
   3.42   -96.68
   1.83   -95.95
  -0.24   -94.97
  -0.73   -94.36
  -2.32   -93.87
  -3.30   -92.90
  -4.88   -92.65
  -5.74   -92.90
  -6.71   -92.77
  -8.30   -93.14
  -9.40   -92.77
 -10.99   -93.99
 -11.60   -93.75
 -13.55   -94.97
 -15.50   -95.83
 -17.46   -96.31
 -19.65   -96.92
 -22.58   -97.17
 -25.02   -98.63
 -27.95   -99.00
 -30.52   -99.24
 -33.20   -99.73
 -36.01   -99.73
 -39.55   -99.12
 -42.97   -99.00
 -46.02   -99.24
 -49.19   -98.39
 -52.49   -97.41
 -56.15   -96.92
 -59.20   -95.58
 -63.11   -94.36
 -66.53   -93.26
 -68.85   -91.43
 -73.00   -89.60
 -75.93   -88.26
 -79.10   -86.67
 -81.54   -84.84
 -84.35   -83.25
 -87.65   -81.05
 -90.94   -78.25
 -93.14   -75.93
 -96.31   -74.10
 -99.00   -71.41
-101.93   -68.60
-104.74   -65.43
-107.42   -62.87
-109.74   -60.06
-112.30   -56.76
-115.23   -54.08
-116.94   -50.90
-118.65   -47.36
-120.85   -43.95
-123.41   -40.16
-125.49   -36.13
-127.69   -32.71
-128.91   -27.95
-130.98   -23.68
-132.69   -19.17
-133.91   -15.38
-134.77   -10.25
-135.99    -5.86
-136.60    -0.98
-136.84     3.66
-137.45     7.93
-137.57    12.94
-137.08    17.58
-136.60    23.56
-135.74    28.69
-134.77    34.06
-133.30    38.94
-130.98    44.31
-129.15    49.44
-127.56    53.10
-125.61    57.37
-122.31    62.01
-120.48    65.31
-117.31    69.09
-114.14    73.12
-111.45    76.54
-108.40    79.96
-104.98    82.89
-101.32    86.30
 -97.66    89.36
 -94.48    92.04
 -90.94    94.60
 -87.77    97.05
 -84.72    99.24
 -80.69   101.56
 -77.64   103.76
 -73.73   105.35
 -70.31   107.06
 -66.65   109.38
 -62.87   110.84
 -58.96   112.18
 -55.18   113.65
 -51.15   115.60
 -47.49   116.46
 -42.72   117.92
 -38.82   118.77
 -35.16   119.87
 -31.13   120.73
 -27.34   120.73
 -22.95   121.46
 -18.43   121.95
 -14.40   121.83
  -9.89   121.34
  -5.49   121.09
  -0.85   120.85
   3.30   119.02
   7.45   117.92
  11.84   116.82
  15.38   115.97
  18.55   113.89
  22.46   111.94
  26.00   110.60
  28.81   108.52
  32.35   106.69
  34.30   104.13
  37.60   101.93
  39.79    99.49
  42.11    96.44
  44.92    94.73
  46.26    92.29
  48.34    89.36
  49.93    87.04
  51.64    85.33
  52.61    82.52
  53.34    80.57
  54.57    79.10
  54.57    77.03
  55.54    75.32
  56.40    73.36
  56.88    71.78
  57.50    70.68
  58.23    69.70
  58.35    68.73
  59.45    67.63
  60.06    67.63
  60.79    66.77
  62.01    66.04
  63.60    65.67
  64.82    65.31
  65.92    64.94
  68.12    64.58
  69.46    63.72
  71.90    63.23
  73.85    62.50
  76.17    61.52
  78.98    59.81
  80.69    59.08
  83.50    57.86
  86.91    56.27
  88.38    54.08
  90.94    52.37
  93.51    49.80
  95.95    47.85
  98.14    45.29
 100.10    42.24
 102.17    39.06
 104.00    36.38
 106.20    32.84
 107.67    29.66
 109.38    26.37
 109.99    23.32
 111.57    20.26
 112.06    16.36
 113.89    13.06
 114.14    10.25
 114.14     6.84
 115.36     3.05
 116.58     0.12
 116.09    -3.17
 116.70    -6.71
 117.92   -10.38
 117.80   -14.04
 117.92   -17.58
 118.53   -21.00
 118.16   -25.88
 118.65   -29.30
 117.92   -33.20
 117.31   -37.11
 117.43   -41.63
 116.70   -44.68
 115.72   -49.32
 114.62   -53.71
 113.65   -59.20
 110.72   -62.13
 108.89   -67.87
 106.93   -72.02
 104.86   -75.93
 102.66   -79.83
  99.85   -84.84
  96.56   -87.77
  93.14   -92.16
  89.60   -95.21
  86.18   -98.75
  82.52  -101.93
  77.88  -105.10
  73.36  -108.28
  68.97  -110.60
  64.21  -112.79
  59.81  -114.26
  55.18  -116.58
  50.78  -118.41
  46.14  -119.75
  40.89  -120.48
  36.50  -121.22
  32.23  -122.44
  27.59  -122.44
  22.71  -123.05
  18.19  -123.05
  13.92  -122.80
   9.77  -122.56
   5.13  -122.07
   1.22  -121.83
  -3.05  -121.09
  -7.08  -120.36
 -11.11  -119.63
 -14.77  -118.77
 -18.55  -117.07
 -22.22  -116.46
 -26.49  -115.11
 -30.40  -113.89
 -33.33  -112.43
 -38.09  -111.08
 -41.14  -109.50
 -45.17  -107.54
 -48.58  -105.35
 -52.12  -103.03
 -55.54  -101.56
 -58.96   -98.88
 -62.26   -96.19
 -64.94   -93.63
 -67.63   -90.82
 -70.68   -88.01
 -73.24   -84.47
 -75.81   -81.18
 -77.76   -77.76
 -80.08   -74.10
 -81.91   -70.80
 -83.01   -67.26
 -83.98   -64.21
 -85.08   -60.67
 -86.18   -57.50
 -87.40   -53.71
 -87.52   -50.90
 -87.77   -47.49
 -87.65   -43.95
 -87.52   -41.14
 -87.40   -37.96
 -87.16   -35.52
 -87.16   -32.84
 -86.30   -30.40
 -85.33   -28.20
 -85.08   -26.37
 -84.59   -24.54
 -84.23   -22.83
 -83.50   -20.87
 -83.37   -19.53
 -82.40   -18.55
 -82.64   -16.97
 -81.79   -15.87
 -82.40   -14.89
 -82.89   -13.31
 -82.40   -12.57
 -82.64   -11.60
 -82.76   -10.38
 -83.74    -8.67
 -84.23    -8.18
 -84.35    -6.71
 -84.72    -4.64
 -85.94    -3.05
 -86.67    -1.95
 -87.28    -0.37
 -88.13     2.20
 -89.48     4.27
 -89.60     6.59
 -89.60     8.42
 -90.58    10.62
 -91.06    13.18
 -90.94    15.63
 -91.43    18.07
 -91.06    20.87
 -91.06    23.44
 -91.06    25.88
 -91.06    28.69
 -90.82    31.62
 -90.21    33.69
 -89.48    37.35
 -88.62    39.55
 -88.50    42.48
 -86.91    45.04
 -86.30    47.36
 -84.84    50.54
 -84.47    53.34
 -83.01    55.79
 -81.91    57.86
 -80.44    60.55
 -79.47    63.48
 -77.27    65.80
 -76.29    69.09
 -74.10    71.41
 -73.12    73.85
 -70.92    76.54
 -68.85    78.74
 -66.77    81.54
 -64.94    84.11
 -62.01    87.04
 -59.81    89.36
 -56.88    91.67
 -54.32    94.60
 -51.51    96.80
 -48.46    99.37
 -44.68   101.20
 -41.14   103.15
 -37.11   105.35
 -33.33   106.93
 -29.54   108.40
 -25.51   109.74
 -21.24   110.96
 -16.72   111.94
 -12.70   113.16
  -7.93   113.40
  -4.03   113.65
   0.49   114.38
   5.00   113.77
   9.40   113.16
  13.92   112.79
  17.82   111.57
  22.34   111.21
  26.25   109.99
  29.79   108.15
  34.42   106.81
  38.45   105.59
  42.11   103.88
  45.65   101.44
  48.83    99.12
  52.37    97.05
  55.54    95.34
  58.96    92.16
  61.65    89.97
  65.19    87.16
  67.63    84.23
  70.19    81.18
  72.75    78.86
  74.83    75.81
  77.39    72.51
  78.74    70.07
  80.57    67.26
  82.28    63.84
  84.72    61.04
  86.06    57.86
  87.65    54.93
  88.62    52.25
  90.33    48.83
  92.29    45.41
  92.90    42.36
  93.99    38.94
  94.48    35.52
  96.19    32.23
  97.17    28.56
  97.29    25.27
  97.41    21.48
  97.53    17.70
  97.78    14.16
  97.78    10.86
  96.92     7.20
  96.44     3.54
  95.83    -0.61
  94.60    -2.93
  93.14    -6.71
  92.41    -9.89
  90.33   -12.82
  89.23   -15.26
  87.28   -18.31
  85.33   -20.75
  83.13   -22.83
  81.18   -25.27
  79.22   -27.10
  76.78   -28.69
  75.20   -29.91
  73.24   -31.74
  71.53   -32.59
  69.21   -32.96
  67.63   -34.67
  66.53   -35.28
  65.06   -36.50
  63.11   -36.38
  62.13   -37.60
  60.42   -38.57
  59.81   -38.94
  58.72   -40.41
  58.59   -40.65
  57.37   -41.14
  56.27   -42.24
  55.79   -43.09
  55.18   -43.21
  54.08   -45.04
  53.59   -46.14
  53.22   -47.49
  52.37   -48.83
  51.64   -50.42
  50.90   -51.51
  49.80   -53.47
  48.46   -54.69
  47.61   -55.91
  46.14   -57.74
  44.68   -58.96
  43.21   -60.79
  41.26   -62.01
  40.28   -63.48
  38.70   -64.82
  36.50   -65.67
  35.03   -67.14
  32.96   -68.60
  30.64   -69.82
  28.56   -70.56
  26.73   -71.66
  24.41   -72.14
  22.95   -72.75
  20.87   -74.10
  18.55   -74.22
  16.72   -75.07
  14.65   -75.93
  12.45   -76.17
  10.38   -77.03
   8.30   -77.51
   5.86   -78.37
   3.05   -78.86
   1.22   -79.10
  -0.98   -79.35
  -3.78   -79.71
  -6.47   -80.44
  -8.18   -80.08
 -10.99   -80.32
 -13.92   -80.57
 -16.24   -80.69
 -19.53   -80.08
 -22.22   -79.83
 -25.15   -79.71
 -28.20   -78.98
 -31.98   -78.49
 -33.81   -77.51
 -36.74   -76.29
 -39.55   -76.17
 -42.85   -74.34
 -45.90   -73.12
 -48.83   -71.78
 -51.03   -69.82
 -53.83   -67.87
 -56.15   -66.41
 -58.11   -63.84
 -60.91   -61.89
 -63.48   -60.06
 -65.43   -57.01
 -67.50   -54.81
 -69.09   -52.12
 -71.17   -49.32
 -72.75   -46.26
 -74.22   -44.19
 -74.95   -41.50
 -76.42   -38.33
 -77.76   -36.01
 -78.37   -33.33
 -79.35   -30.27
 -80.08   -27.83
 -80.57   -24.54
 -81.18   -21.73
 -81.67   -19.04
 -81.79   -15.63
 -81.79   -13.06
 -82.15   -10.74
 -81.79    -7.81
 -82.28    -5.74
 -81.67    -3.05
 -82.03     0.37
 -81.42     2.32
 -80.81     4.88
 -80.69     7.81
 -79.96    10.38
 -79.96    13.06
 -78.98    15.87
 -78.49    18.19
 -76.90    20.63
 -76.29    23.32
 -74.58    26.00
 -73.85    28.32
 -72.27    30.52
 -71.29    32.59
 -68.97    35.28
 -67.50    36.87
 -65.31    39.67
 -64.21    41.99
 -62.13    43.21
 -59.81    45.04
 -57.74    47.12
 -55.05    48.10
 -53.34    50.05
 -50.90    51.03
 -48.71    52.12
 -46.26    53.47
 -43.33    53.83
 -41.26    54.93
 -38.70    55.66
 -36.87    55.79
 -33.94    55.79
 -31.37    56.52
 -29.54    56.27
 -27.71    55.91
 -25.76    56.03
 -24.05    55.54
 -22.71    55.30
 -20.63    54.69
 -19.04    54.69
 -18.43    54.44
 -16.97    53.22
 -15.14    53.59
 -14.40    53.34
 -13.43    52.73
 -12.08    52.73
 -10.99    52.61
 -10.62    52.49
  -9.16    52.12
  -8.54    52.12
  -6.96    52.86
  -6.84    52.86
  -5.98    52.37
  -5.00    52.98
  -4.03    52.86
  -2.32    53.34
  -1.22    53.47
  -0.37    54.32
   1.22    54.44
   2.56    53.83
   3.78    54.57
   5.37    54.44
   7.20    54.20
   8.18    54.57
  10.13    54.08
  11.47    53.96
  13.18    54.20
  14.53    53.47
  16.36    52.61
  17.46    52.98
  18.92    51.88
  21.24    51.51
  22.34    51.27
  23.80    50.90
  25.76    49.56
  26.61    49.32
  28.56    48.58
  29.42    47.73
  31.49    47.12
  31.98    46.14
  33.33    45.41
  34.91    44.80
  36.50    43.82
  37.60    42.72
  39.55    41.14
  40.65    40.77
  41.87    39.79
  43.33    38.09
  44.92    36.99
  45.78    35.77
  47.36    34.18
  48.83    32.84
  49.44    31.62
  51.15    29.42
  52.25    27.95
  53.10    26.37
  53.96    24.41
  55.05    22.22
  55.54    20.75
  56.76    18.43
  57.25    16.72
  58.23    14.40
  58.72    12.45
  59.08    10.86
  59.57     8.30
  59.81     6.47
  59.57     4.27
  59.57     2.20
  59.69    -0.85
  59.45    -2.08
  58.72    -4.39
  58.59    -6.47
  57.86    -8.54
  57.37   -11.11
  57.25   -12.82
  56.03   -14.40
  55.30   -16.85
  54.57   -18.43
  53.59   -20.26
  52.49   -22.09
  51.39   -23.68
  49.93   -25.15
  48.71   -27.10
  47.24   -27.95
  46.02   -30.03
  45.17   -31.01
  43.09   -32.47
  41.99   -34.06
  40.77   -34.30
  38.82   -35.89
  37.60   -37.11
  36.25   -37.48
  34.30   -38.57
  32.71   -39.31
  31.25   -40.04
  29.66   -41.14
  28.69   -41.02
  26.73   -42.11
  24.54   -42.60
  23.32   -43.09
  21.24   -43.70
  19.78   -44.07
  18.55   -44.43
  16.97   -44.80
  15.38   -44.68
  13.92   -44.92
  11.72   -45.41
  10.62   -45.04
   8.67   -44.56
   7.20   -45.04
   5.74   -44.43
   3.91   -44.19
   2.56   -44.31
   1.71   -43.21
  -0.37   -43.33
  -1.83   -42.97
  -2.81   -42.24
  -4.15   -41.50
  -6.10   -41.02
  -6.71   -39.79
  -7.93   -39.79
  -8.18   -38.82
  -9.89   -37.96
 -10.86   -37.48
 -11.35   -36.25
 -12.45   -35.16
 -12.94   -35.03
 -13.79   -34.06
 -14.89   -33.45
 -14.53   -33.20
 -15.26   -31.98
 -16.48   -31.37
 -16.48   -30.88
 -17.09   -30.03
 -17.58   -30.15
 -17.46   -29.42
 -18.07   -29.05
 -18.92   -28.20
 -19.41   -27.83
 -19.90   -27.83
 -20.26   -27.22
 -20.75   -26.73
 -21.24   -26.61
 -21.48   -25.39
 -22.46   -26.00
