1,3800,5000,14500,250
20,200,1000,0
  -7.20     2.32
  -7.20     2.81
  -7.08     2.44
  -6.84     3.05
  -6.59     2.81
  -6.59     3.17
  -6.47     3.17
  -6.84     3.42
  -5.98     3.91
  -5.49     4.15
  -5.13     3.78
  -5.00     3.66
  -5.00     2.69
  -5.25     3.05
  -5.98     2.56
  -6.35     2.69
  -6.59     3.17
  -7.20     3.66
  -7.45     4.15
  -7.69     5.00
  -7.57     5.37
  -7.08     5.98
  -7.08     6.59
  -6.96     7.32
  -6.10     7.93
  -5.86     8.06
  -4.88     8.79
  -4.27     8.42
  -3.54     8.91
  -3.05     8.54
  -2.44     8.54
  -1.22     8.18
  -1.46     8.06
  -1.10     7.45
  -0.98     7.57
  -0.98     6.84
  -0.98     6.47
  -0.98     6.47
  -0.98     5.98
  -1.10     6.35
  -1.59     6.84
  -1.10     6.35
  -1.59     6.59
  -1.34     6.35
  -1.95     6.71
  -1.59     6.84
  -2.20     7.45
  -1.71     7.69
  -1.83     7.69
  -1.71     8.42
  -1.59     8.54
  -1.34     9.16
  -1.10     9.52
  -1.22    10.25
   0.00    10.86
   0.12    11.60
   1.34    11.72
   2.20    12.57
   3.17    12.82
   4.52    13.18
   6.10    13.06
   7.81    12.33
   9.03    11.96
  10.01    10.38
  10.25     9.77
  11.35     8.54
  11.47     8.06
  11.84     7.69
  12.57     6.71
  13.92     5.37
  13.92     3.91
  14.16     2.32
  13.31     0.61
  12.57    -1.10
  10.38    -1.71
   9.03    -1.95
   8.18    -1.34
   8.18    -0.49
   8.30    -0.49
   8.42     0.24
   9.16    -0.12
   9.28    -0.61
   9.03    -0.98
   9.52    -2.08
   9.03    -2.08
   8.54    -2.44
   8.30    -2.56
   8.42    -2.69
   8.18    -2.69
   8.54    -3.17
   9.03    -3.91
   8.30    -4.39
   7.81    -5.13
   7.08    -5.13
   6.59    -5.37
   6.10    -5.25
   5.98    -4.76
   6.10    -4.76
   6.10    -5.98
   5.37    -5.37
   5.49    -6.35
   5.37    -6.10
   5.13    -6.23
   4.03    -5.86
   4.64    -5.25
   4.64    -5.49
   4.88    -5.62
   5.37    -5.62
   5.25    -5.49
   5.37    -6.23
   5.62    -6.96
   5.74    -7.08
   5.62    -7.57
   5.74    -8.42
   4.76    -8.42
   5.00    -9.28
   3.54    -9.77
   2.93   -10.50
   2.20    -9.89
   1.71   -10.62
   1.10    -9.89
   0.98   -10.01
   0.37   -10.01
  -0.49    -9.77
  -0.24    -9.40
  -0.49    -9.16
  -0.98    -8.30
  -0.61    -8.79
  -0.61    -8.06
  -0.24    -8.42
  -0.37    -8.30
  -0.24    -8.54
  -0.24    -8.30
   0.12    -9.16
   0.00    -9.28
   0.00    -9.64
  -0.24   -10.38
  -0.49   -10.13
  -0.49   -10.50
  -0.37   -11.23
  -0.61   -11.72
  -0.85   -12.08
  -1.10   -12.33
  -1.95   -12.70
  -2.08   -13.92
  -2.44   -14.04
  -3.54   -15.01
  -3.78   -15.75
  -5.00   -16.72
  -5.74   -17.46
  -7.57   -17.94
  -9.40   -18.55
 -10.99   -18.92
 -12.70   -19.53
 -14.77   -18.92
 -17.46   -18.07
 -19.53   -17.21
 -21.24   -15.26
 -23.19   -13.18
 -23.80   -10.99
 -23.93    -8.54
 -24.17    -7.08
 -23.80    -5.49
 -23.68    -3.42
 -23.93    -2.69
 -23.32    -1.34
 -22.34     0.61
 -21.61     1.22
 -20.51     1.95
 -19.90     1.71
 -18.92     1.46
 -19.04     0.85
 -19.41     0.85
 -20.26     0.98
 -21.85     1.83
 -22.58     3.54
 -23.07     4.88
 -23.19     6.47
 -22.83     8.79
 -21.97     9.89
 -20.87    11.84
 -19.78    12.94
 -18.31    13.92
 -17.21    14.04
 -15.63    14.28
 -14.04    14.65
 -12.94    14.77
 -11.84    14.53
 -10.62    13.79
  -9.64    13.06
  -9.03    11.96
  -8.91    11.23
  -9.52    10.38
 -10.25     9.40
 -10.99     9.52
 -11.96     9.64
 -12.45     9.89
 -13.67    10.25
 -14.04    11.11
 -14.53    12.70
 -14.65    14.28
 -14.89    15.50
 -13.67    17.21
 -12.45    18.19
 -11.35    19.04
 -10.50    19.78
  -8.54    20.39
  -7.93    20.63
  -7.45    20.02
  -6.47    20.14
  -5.37    19.78
  -5.74    19.53
  -4.27    19.65
  -3.78    19.41
  -3.42    20.26
  -3.54    19.78
  -2.56    20.39
  -2.08    19.65
  -1.95    19.78
  -1.22    20.02
  -1.83    19.65
  -1.10    19.29
  -1.46    19.53
  -1.34    20.02
  -0.49    20.39
  -0.85    21.12
  -0.24    21.85
   0.24    22.34
   0.73    22.83
   1.46    23.80
   2.08    24.17
   3.05    24.05
   2.81    24.41
   3.42    25.39
   4.03    25.88
   4.52    26.61
   5.25    27.34
   6.23    28.44
   6.84    29.30
   8.18    30.15
   9.40    31.62
  11.11    32.96
  12.57    34.67
  15.38    35.52
  17.94    36.99
  21.00    38.21
  24.90    39.55
  29.91    39.92
  34.91    38.94
  40.28    36.99
  45.41    33.94
  50.90    29.54
  53.71    23.93
  55.66    18.43
  55.18    12.94
  55.30     8.06
  54.08     4.27
  52.73     1.46
  52.12    -1.46
  51.15    -4.27
  50.66    -7.20
  49.56    -9.64
  48.10   -12.33
  46.63   -14.16
  45.41   -16.48
  44.80   -17.58
  42.85   -19.04
  42.48   -21.00
  41.38   -23.19
  40.28   -25.39
  38.70   -27.10
  36.74   -29.05
  34.30   -31.62
  31.62   -33.45
  28.44   -34.42
  26.00   -35.16
  22.95   -34.42
  19.90   -33.81
  18.19   -32.35
  16.85   -31.49
  16.36   -31.01
  16.24   -29.30
  15.38   -29.17
  14.16   -27.83
  14.65   -27.71
  14.53   -27.34
  15.50   -27.59
  16.11   -27.83
  16.11   -27.71
  16.97   -28.93
  17.58   -29.91
  17.82   -31.01
  17.21   -32.23
  17.09   -33.94
  15.87   -34.79
  15.38   -36.25
  14.28   -37.84
  13.92   -39.18
  13.06   -40.41
  12.21   -41.38
  10.99   -42.48
   9.28   -43.82
   7.45   -44.43
   6.47   -45.17
   5.13   -46.02
   4.39   -46.26
   3.66   -46.75
   3.42   -47.97
   2.56   -49.19
   1.46   -50.90
  -0.73   -53.22
  -2.08   -55.42
  -4.39   -57.37
  -6.96   -59.08
 -10.01   -60.55
 -13.31   -61.65
 -16.85   -61.89
 -20.02   -61.89
 -23.32   -61.77
 -26.49   -61.65
 -29.05   -61.04
 -31.01   -60.79
 -33.69   -60.91
 -35.40   -60.91
 -37.84   -61.77
 -40.65   -62.26
 -43.70   -62.99
 -47.36   -63.96
 -52.12   -64.82
 -56.64   -64.94
 -61.77   -64.82
 -67.75   -63.60
 -72.63   -61.77
 -78.13   -59.45
 -83.13   -57.01
 -87.40   -54.32
 -91.92   -51.88
 -97.41   -49.68
-103.27   -47.00
-109.25   -43.82
-116.70   -40.65
-125.37   -35.52
-134.16   -29.42
-143.19   -19.17
-151.00    -6.10
-156.86    10.50
-157.96    28.44
-153.81    45.90
-145.14    60.91
-135.25    73.49
-124.39    80.81
-114.50    85.94
-106.45    90.09
 -98.63    93.14
 -90.94    96.19
 -83.98    99.85
 -76.05   102.17
 -68.97   104.00
 -61.77   105.59
 -54.81   105.71
 -48.71   105.96
 -42.36   105.59
 -36.74   104.25
 -32.10   103.27
 -26.98   101.93
 -22.95   100.83
 -17.82    99.73
 -14.04    97.41
 -10.13    95.83
  -6.59    93.75
  -3.91    91.19
  -1.59    88.75
  -0.49    86.43
   0.12    84.47
   1.10    83.13
   1.59    81.91
   2.56    81.91
   3.42    81.91
   4.39    81.54
   5.13    81.91
   5.13    81.91
   5.49    81.79
   5.86    82.28
   5.62    83.86
   6.23    86.30
   7.45    88.75
   8.54    92.16
  10.86    95.70
  14.04    99.12
  18.92   102.05
  24.41   104.74
  30.27   106.45
  35.89   106.81
  41.63   107.06
  46.51   105.83
  50.78   104.37
  54.08   103.27
  57.98   103.52
  61.40   104.13
  64.94   104.74
  70.19   106.20
  76.42   106.57
  82.28   106.81
  88.99   106.93
  95.58   106.69
 102.42   106.69
 110.84   105.22
 119.75   103.88
 129.03   101.20
 138.31    97.17
 148.19    91.80
 156.98    84.96
 165.77    78.13
 173.71    70.68
 180.66    62.26
 187.13    53.22
 193.48    43.58
 199.34    34.42
 204.47    23.93
 209.23    13.92
 213.13     3.05
 217.53    -8.67
 221.80   -21.00
 225.83   -33.94
 228.64   -48.10
 231.08   -63.35
 231.32   -80.69
 230.22   -98.75
 226.56  -117.19
 219.73  -135.13
 210.08  -151.98
 198.00  -167.11
 185.67  -179.32
 173.34  -190.19
 162.11  -199.71
 151.49  -211.30
 139.40  -223.39
 125.73  -236.33
 108.89  -249.02
  87.77  -260.62
  63.60  -268.80
  37.60  -273.19
  10.25  -271.85
 -15.50  -265.50
 -38.45  -254.76
 -58.35  -241.33
 -74.71  -225.95
 -88.38  -209.11
 -97.66  -190.92
-102.91  -172.85
-104.25  -156.49
-102.42  -143.31
 -99.00  -133.18
 -97.17  -126.34
 -96.44  -120.85
 -97.41  -114.99
 -97.66  -107.67
 -96.19  -100.71
 -93.63   -94.12
 -90.45   -88.62
 -86.55   -84.72
 -82.76   -82.76
 -79.47   -81.30
 -76.66   -80.93
 -74.22   -80.57
 -72.39   -81.54
 -70.92   -82.15
 -69.95   -83.62
 -69.21   -86.06
 -68.12   -88.38
 -68.97   -92.04
 -71.04   -97.05
 -75.32  -101.68
 -81.18  -105.10
 -87.65  -107.06
 -94.24  -107.06
-100.22  -106.81
-105.83  -106.08
-110.60  -106.32
-116.70  -105.96
-122.68  -107.18
-130.37  -107.30
-138.92  -107.91
-149.66  -107.30
-160.77  -104.61
-172.61   -98.27
-183.35   -89.84
-191.04   -79.83
-196.29   -70.43
-200.07   -62.87
-204.96   -56.64
-210.94   -49.68
-217.41   -42.11
-223.63   -32.71
-228.15   -22.95
-231.32   -12.70
-233.64    -3.05
-237.18     5.00
-242.19    12.70
-246.70    21.48
-253.05    33.20
-259.16    45.78
-264.28    61.16
-266.97    78.37
-267.94    96.07
-266.85   113.16
-262.82   132.45
-257.69   148.68
-250.49   165.41
-242.80   180.79
-233.03   195.56
-222.29   209.47
-211.18   222.66
-199.58   234.38
-187.74   245.85
-173.95   256.10
-160.64   266.36
-147.22   275.63
-134.03   284.30
-119.63   292.11
-104.37   300.05
 -88.75   307.74
 -71.17   314.58
 -51.88   320.92
 -31.25   325.20
  -9.28   326.90
  12.33   325.81
  34.55   321.17
  54.20   313.84
  71.90   305.30
  87.65   295.78
 101.44   286.13
 114.87   277.47
 127.08   267.70
 139.89   256.47
 151.86   244.14
 162.72   230.22
 172.00   214.48
 178.10   197.02
 178.96   177.61
 174.32   159.55
 164.31   146.00
 151.49   138.92
 139.28   138.92
 131.10   144.29
 127.93   153.32
 130.00   162.35
 136.35   170.78
 146.48   176.15
 158.20   179.69
 170.65   180.30
 182.98   177.86
 194.82   173.34
 204.96   167.97
 214.11   163.33
 223.51   158.20
 232.18   153.32
 241.58   148.44
 251.59   143.80
 263.18   138.55
 274.90   131.59
 288.09   123.78
 301.51   113.89
 314.58   101.68
 326.66    87.28
 337.28    70.43
 344.60    53.22
 351.07    36.50
 356.45    20.63
 361.69     4.52
 365.84   -12.45
 370.12   -29.91
 374.76   -48.22
 377.44   -67.75
 379.88   -89.23
 380.25  -112.67
 377.93  -137.21
 370.85  -162.35
 359.99  -185.67
 346.07  -205.57
 330.93  -222.29
 315.67  -235.96
 301.76  -246.70
 290.16  -256.35
 280.64  -265.87
 271.85  -277.10
 261.96  -290.28
 249.63  -303.59
 235.96  -317.38
 219.85  -328.37
 203.37  -336.55
 189.21  -342.53
 177.25  -347.66
 167.48  -353.76
 158.57  -363.89
 147.34  -376.34
 133.91  -389.28
 116.33  -403.81
  96.07  -414.79
  72.39  -424.56
  47.97  -431.52
  22.58  -435.18
  -2.08  -436.40
 -25.51  -435.42
 -47.36  -432.98
 -68.48  -428.34
 -88.38  -422.61
-107.67  -416.26
-124.88  -409.30
-141.24  -402.47
-156.86  -396.24
-171.88  -390.50
-186.77  -385.01
-202.15  -381.10
-218.87  -377.32
-237.06  -373.17
-256.96  -368.29
-278.32  -361.69
-300.29  -352.17
-323.12  -339.48
-345.83  -323.73
-366.09  -303.47
-383.06  -280.15
-395.63  -256.59
-404.66  -234.01
-411.99  -213.99
-418.95  -195.31
-426.76  -177.98
-435.42  -158.94
-443.12  -138.92
-448.73  -116.21
-450.32   -93.51
-449.22   -71.78
-445.43   -52.98
-442.14   -37.60
-439.33   -23.56
-438.48   -11.23
-439.33     1.22
-442.99    13.67
-447.88    29.30
-452.76    46.75
-454.96    66.65
-455.44    87.65
-454.10   109.01
-450.07   129.03
-446.29   149.78
-440.19   170.53
-433.59   190.43
-424.68   210.94
-414.79   229.98
-403.93   248.41
-391.85   265.50
-379.88   281.37
-367.31   296.14
-354.25   310.30
-341.06   323.49
-328.98   335.69
-316.65   347.05
-306.27   359.13
-295.78   371.95
-285.16   385.86
-274.90   402.47
-260.50   420.29
-244.14   440.19
-223.27   458.74
-197.63   476.56
-169.68   489.75
-140.14   498.90
-110.84   504.76
 -81.42   506.35
 -53.59   506.10
 -26.00   502.32
  -1.95   496.70
  20.14   489.26
  40.04   480.59
  56.88   470.83
  71.04   462.65
  82.89   455.93
  94.36   451.78
 104.98   448.61
 116.33   449.10
 128.30   450.20
 142.58   453.49
 160.52   457.28
 181.76   460.21
 206.79   460.21
 233.15   457.03
 258.67   450.20
 284.42   440.92
 309.08   428.71
 333.01   414.43
 356.20   399.41
 377.69   382.57
 397.83   364.14
 416.26   343.63
 432.74   321.66
 445.80   299.19
 456.54   276.61
 464.36   254.64
 471.68   234.25
 476.32   215.09
 481.81   196.90
 487.43   179.81
 493.16   164.18
 499.15   148.68
 506.23   133.67
 514.40   118.65
 523.93   103.03
 534.30    86.55
 545.17    68.48
 556.03    49.44
 567.38    26.37
 578.86     0.98
 588.50   -27.22
 595.70   -57.74
 599.37   -90.58
 601.32  -125.49
 598.88  -161.50
 592.41  -196.78
 581.54  -230.96
 568.60  -263.18
 552.98  -292.97
 536.62  -321.66
 518.55  -347.29
 500.12  -372.56
 479.98  -397.71
 458.01  -421.51
 434.20  -444.21
 408.20  -465.82
 381.96  -484.99
 353.39  -502.20
 325.56  -517.82
 296.88  -531.25
 266.72  -543.46
 236.69  -553.96
 205.69  -560.79
 174.80  -564.70
 145.39  -566.16
 116.58  -566.16
  89.36  -563.23
  63.60  -560.18
  38.57  -556.52
  14.53  -552.98
  -9.28  -548.10
 -31.86  -543.58
 -53.71  -537.96
 -75.07  -532.23
 -96.80  -525.27
-116.94  -516.85
-136.84  -508.30
-154.91  -498.90
-172.73  -489.26
-189.45  -479.13
-204.10  -469.85
-219.73  -461.91
-235.72  -454.22
-253.30  -446.17
-270.75  -437.99
-289.18  -428.96
-308.59  -417.24
-327.03  -404.54
-343.51  -389.16
-359.50  -372.80
-373.54  -355.10
-386.47  -336.30
-396.97  -317.38
-405.64  -298.83
-412.60  -280.03
-417.48  -262.57
-421.26  -246.46
-424.44  -232.30
-425.42  -220.46
-428.47  -209.72
-432.37  -201.90
-437.38  -195.43
-444.95  -188.96
-455.93  -183.23
-470.09  -175.54
-486.21  -164.92
-504.15  -150.76
-521.97  -131.84
-538.45  -110.35
-552.86   -85.45
-562.99   -59.20
-571.78   -32.23
-576.90    -5.25
-580.81    21.85
-581.79    48.83
-582.40    75.56
-580.57   102.29
-578.25   129.39
-574.22   156.01
-567.99   182.37
-560.67   209.35
-552.61   234.01
-543.46   257.93
-533.20   281.74
-523.19   304.20
-511.96   327.15
-500.49   347.90
-489.50   370.00
-477.42   391.11
-465.21   414.06
-452.15   437.99
-438.60   462.77
-423.22   489.01
-405.52   516.72
-383.91   546.02
-358.28   574.34
-329.47   602.54
-295.17   627.81
-258.06   650.27
-217.53   668.46
-174.93   682.13
-131.35   691.28
 -87.28   695.31
 -43.33   694.70
  -2.20   690.31
  37.11   684.33
  75.20   674.44
 111.21   664.79
 147.71   653.56
 182.74   640.87
 218.26   625.37
 251.83   606.32
 283.20   583.86
 312.01   558.72
 336.91   532.23
 358.28   503.17
 375.73   473.14
 389.77   444.46
 399.66   416.14
 406.25   390.01
 411.13   365.97
 414.06   345.95
 417.60   327.27
 422.85   311.04
 427.98   295.04
 435.06   277.95
 440.31   259.64
 444.70   241.58
 447.88   222.66
 448.85   205.44
 449.95   189.21
 450.32   175.54
 452.15   161.50
 453.98   148.19
 456.67   134.64
 459.59   121.58
 461.79   107.06
 464.48    93.63
 467.16    79.96
 469.97    66.77
 473.63    52.73
 477.42    37.35
 480.59    21.36
 483.28     3.78
 484.13   -14.65
 483.76   -33.81
 480.71   -51.51
 477.42   -70.07
 472.29   -85.94
 467.16  -101.56
 462.16  -115.60
 457.03  -129.52
 451.66  -140.75
 447.63  -152.34
 445.07  -163.09
 443.24  -174.32
 442.87  -185.91
 444.21  -199.10
 445.43  -213.99
 448.00  -231.81
 449.22  -252.08
 448.61  -274.41
 446.17  -299.07
 440.55  -324.71
 431.27  -352.05
 419.56  -377.56
 404.79  -402.47
 387.21  -426.03
 368.29  -447.75
 348.27  -468.38
 326.54  -486.33
 303.83  -503.54
 280.64  -519.04
 258.06  -533.33
 235.11  -547.36
 212.40  -560.18
 189.09  -573.85
 165.41  -587.89
 140.38  -601.44
 113.65  -614.75
  84.23  -627.93
  52.61  -640.14
  17.58  -651.12
 -19.90  -659.30
 -59.69  -664.06
-101.56  -665.04
-143.43  -661.38
-185.55  -655.03
-227.17  -643.80
-267.58  -629.64
-307.50  -611.69
-344.85  -589.60
-379.88  -565.31
-411.74  -536.74
-439.70  -505.98
-464.48  -473.88
-485.11  -440.80
-502.81  -406.86
-517.21  -373.29
-526.98  -340.09
-534.42  -307.86
-539.67  -278.08
-544.19  -251.10
-549.19  -225.10
-555.05  -198.97
-560.67  -171.14
-565.19  -140.14
-566.04  -108.15
-562.87   -74.95
-553.34   -43.58
-540.04   -14.28
-524.05     9.64
-507.20    28.20
-490.84    44.07
-478.15    56.76
-465.58    67.50
-455.20    77.39
-446.78    85.94
-439.09    94.85
-432.98   102.54
-429.08   109.99
-427.00   119.63
-425.66   130.86
-423.58   144.41
-421.14   159.18
-415.28   175.78
-408.57   191.89
-399.78   207.28
-390.75   221.44
-380.86   234.01
-371.09   246.46
-361.45   258.42
-351.44   270.14
-342.16   282.35
-331.05   294.31
-320.19   305.30
-307.86   317.02
-295.65   329.59
-281.74   340.70
-267.09   350.34
-250.85   359.01
-236.21   365.97
-220.70   371.70
-205.44   377.20
-191.41   381.35
-178.47   384.77
-165.89   387.21
-154.30   391.11
-143.43   394.17
-133.30   399.29
-122.68   404.42
-112.06   410.03
-100.46   417.36
 -88.01   423.71
 -75.93   431.15
 -62.26   439.58
 -46.14   447.63
 -28.56   456.05
  -8.79   463.87
  12.70   469.60
  35.16   473.27
  58.59   473.75
  81.54   474.61
 103.03   471.92
 124.76   468.99
 145.63   465.94
 166.75   461.30
 187.13   456.30
 208.50   451.29
 228.64   445.68
 250.37   440.06
 271.36   433.84
 294.80   427.12
 319.58   418.95
 345.21   408.81
 372.19   396.85
 400.02   381.47
 427.61   362.30
 454.59   339.36
 479.86   312.01
 501.95   281.62
 521.12   247.80
 536.01   212.77
 546.39   176.64
 554.08   139.53
 557.37   101.44
 556.03    64.45
 550.42    28.20
 540.41    -6.10
 526.86   -37.11
 509.89   -64.58
 491.94   -89.23
 472.53  -109.86
 454.47  -127.08
 435.79  -140.87
 420.04  -152.59
 406.01  -161.87
 393.92  -170.41
 384.64  -179.69
 376.10  -190.80
 368.16  -202.39
 358.28  -215.70
 347.90  -230.47
 333.98  -244.87
 316.89  -258.67
 298.71  -269.04
 279.42  -276.12
 261.72  -280.27
 245.36  -282.59
 231.81  -284.06
 220.09  -286.38
 209.84  -288.57
 199.10  -291.75
 188.23  -295.53
 177.12  -299.07
 166.38  -302.49
 154.66  -304.57
 143.43  -307.01
 132.20  -308.72
 122.07  -310.42
 113.04  -313.11
 102.29  -316.04
  92.16  -319.95
  80.44  -323.61
  66.65  -326.54
  53.34  -328.98
  38.45  -329.71
  24.54  -327.64
  11.11  -325.20
  -1.71  -321.53
 -13.55  -316.04
 -23.80  -311.28
 -33.08  -308.84
 -41.75  -304.32
 -51.51  -301.15
 -61.04  -297.24
 -69.46  -293.82
 -77.15  -290.16
 -84.11  -286.62
 -92.04  -283.69
 -99.85  -281.49
-108.40  -278.56
-116.94  -275.63
-125.98  -271.97
-134.03  -268.07
-141.11  -264.40
-149.17  -261.11
-156.98  -258.54
-166.02  -256.96
-175.66  -255.00
-185.79  -251.46
-197.88  -248.29
-209.59  -244.02
-222.17  -237.30
-233.28  -229.86
-246.70  -221.68
-258.18  -210.57
-268.31  -200.56
-276.98  -189.21
-284.30  -178.83
-292.85  -168.21
-299.93  -157.10
-307.37  -146.48
-314.21  -136.96
-322.02  -124.76
-329.71  -113.40
-337.65  -101.44
-345.95   -88.50
-353.88   -73.85
-361.69   -57.86
-369.26   -39.43
-375.37   -20.63
-379.52     0.73
-381.35    22.83
-380.74    45.78
-378.05    68.36
-372.56    90.45
-364.14   111.21
-353.64   131.96
-342.53   150.27
-329.59   168.33
-314.58   184.69
-297.49   199.71
-280.03   211.67
-262.45   220.95
-245.24   228.27
-227.66   233.03
-212.89   235.72
-199.46   238.04
-186.77   239.50
-175.54   240.72
-164.55   242.43
-154.54   243.65
-145.02   246.09
-135.62   248.17
-125.85   250.49
-115.60   253.17
-104.86   255.98
 -93.63   257.69
 -81.67   258.79
 -69.70   258.91
 -58.35   257.69
 -47.12   255.13
 -37.84   251.59
 -30.40   249.27
 -22.22   246.70
 -14.77   244.51
  -7.81   242.68
   0.00   241.33
   7.08   239.14
  15.14   237.43
  23.19   235.35
  30.27   233.03
  37.48   230.10
  44.43   228.39
  51.39   225.71
  59.08   223.39
  67.02   221.31
  75.44   218.26
  83.86   215.33
  92.90   211.30
 101.81   205.69
 109.50   198.73
 117.19   191.04
 122.68   182.74
 126.83   175.05
 129.64   167.24
 132.20   160.64
 133.91   154.54
 135.86   148.68
 136.72   143.80
 137.82   139.28
 139.65   135.74
 140.99   132.08
 142.46   129.27
 144.90   125.98
 147.46   123.54
 150.76   120.48
 153.08   117.68
 156.86   114.38
 160.16   111.69
 163.21   108.28
 166.63   105.22
 170.53   103.27
 174.32   100.22
 179.57    98.27
 185.18    94.60
 190.92    89.84
 197.51    84.84
 203.49    79.22
 209.72    73.12
 215.09    65.55
 220.70    58.47
 225.83    50.54
 230.96    41.99
 235.72    33.08
 239.75    23.56
 244.02    13.67
 247.19     3.42
 250.24    -7.81
 252.20   -19.29
 254.52   -31.74
 255.74   -44.31
 255.98   -57.98
 255.98   -71.90
 254.64   -86.18
 250.98  -101.32
 246.46  -115.84
 239.75  -130.62
 231.45  -144.65
 221.68  -158.33
 210.69  -170.41
 198.49  -181.52
 184.81  -190.80
 170.65  -198.12
 156.25  -203.98
 142.70  -208.25
 128.78  -210.82
 116.21  -212.65
 103.64  -213.13
  92.53  -213.13
  82.03  -213.38
  71.78  -212.52
  62.50  -212.40
  53.47  -211.18
  44.31  -210.08
  35.52  -208.50
  27.95  -207.03
  19.78  -204.71
  11.47  -202.39
   3.66  -200.44
  -3.66  -198.73
  -9.77  -195.07
 -17.21  -192.50
 -23.93  -189.21
 -30.76  -186.40
 -36.50  -182.98
 -42.11  -179.32
 -47.24  -175.05
 -52.37  -172.12
 -57.13  -168.82
 -61.89  -166.14
 -66.65  -162.35
 -71.41  -159.18
 -76.42  -156.13
 -80.57  -151.98
 -85.08  -148.07
 -89.60  -144.04
 -93.99  -140.01
 -97.78  -135.86
-101.32  -131.59
-104.98  -127.81
-108.15  -123.05
-111.33  -118.41
-114.75  -113.53
-117.80  -109.25
-120.00  -104.25
-122.44   -98.75
-123.90   -93.51
-124.88   -88.62
-125.61   -84.23
-125.85   -79.71
-125.85   -75.93
-125.37   -72.14
-125.73   -69.34
-126.22   -66.41
-126.71   -63.84
-126.83   -62.26
-127.44   -60.42
-128.54   -58.35
-130.13   -57.13
-131.84   -55.42
-134.40   -53.10
-137.33   -50.90
-139.77   -48.46
-142.70   -46.14
-144.90   -42.97
-147.95   -39.43
-151.12   -36.25
-153.56   -32.96
-156.98   -29.30
-160.16   -25.63
-163.82   -20.63
-167.24   -14.65
-170.78    -9.03
-173.83    -2.56
-176.03     3.66
-178.34    11.35
-180.05    18.07
-181.64    25.88
-182.86    32.59
-183.35    40.77
-183.84    49.44
-183.72    58.72
-182.74    67.63
-180.54    76.54
-178.96    85.94
-176.27    94.85
-172.49   104.13
-168.21   113.28
-163.09   121.58
-158.57   130.25
-152.22   139.04
-145.14   147.22
-137.33   155.52
-128.42   162.48
-118.90   169.07
-108.15   174.80
 -97.05   179.32
 -86.06   182.62
 -75.68   184.57
 -65.43   184.94
 -54.93   185.42
 -45.53   185.30
 -36.38   184.69
 -28.08   183.96
 -19.65   182.25
 -11.60   180.42
  -3.78   178.22
   3.78   175.90
  11.11   172.97
  17.82   170.17
  24.78   166.63
  30.52   162.84
  35.64   158.69
  41.26   154.79
  45.41   151.49
  50.29   147.83
  54.69   145.02
  58.59   141.60
  62.50   137.82
  67.02   134.77
  71.04   130.98
  74.95   127.20
  78.86   123.54
  82.03   119.38
  85.21   114.62
  88.62   110.23
  91.19   105.71
  93.63   100.95
  95.70    96.80
  97.29    91.92
  98.88    87.40
  99.61    83.13
 100.22    79.59
 100.46    75.56
 100.83    72.14
 100.46    68.73
 100.46    65.80
 100.46    62.13
 100.71    60.30
 100.22    57.86
 101.20    55.79
 101.56    54.44
 101.20    52.98
 101.68    51.27
 102.54    49.80
 103.64    47.73
 104.98    46.88
 106.45    45.29
 108.52    44.31
 110.23    42.36
 112.18    40.77
 114.62    39.31
 116.94    36.99
 118.77    34.42
 121.70    31.86
 124.02    28.93
 126.83    26.25
 129.27    23.44
 132.20    20.02
 134.16    16.48
 136.84    12.57
 139.16     8.30
 142.33     3.91
 144.65    -1.34
 147.58    -6.23
 149.78   -12.21
 152.34   -17.82
 153.81   -24.54
 155.27   -31.13
 156.25   -38.94
 156.62   -46.14
 156.98   -53.83
 156.25   -61.77
 155.15   -70.19
 153.08   -78.74
 150.27   -87.77
 146.36   -95.34
 142.46  -103.52
 136.72  -110.72
 131.71  -118.29
 125.73  -124.88
 119.75  -131.23
 113.04  -136.84
 106.32  -142.70
  99.00  -147.58
  90.94  -152.10
  83.13  -155.52
  74.58  -159.55
  66.28  -162.23
  57.98  -164.67
  49.19  -166.75
  40.04  -167.85
  32.10  -168.21
  23.07  -168.21
  15.50  -167.11
   6.84  -165.77
  -0.49  -164.18
  -7.69  -162.11
 -13.67  -159.79
 -20.51  -157.71
 -27.34  -155.15
 -33.08  -152.59
 -39.43  -149.90
 -45.17  -146.61
 -51.51  -142.82
 -57.25  -138.18
 -61.16  -133.91
 -65.19  -129.76
 -68.24  -125.49
 -71.78  -121.58
 -74.71  -117.43
 -77.15  -114.01
 -80.20  -110.11
 -82.40  -107.18
 -85.21  -103.64
 -88.38   -99.73
 -91.06   -96.31
 -93.26   -92.53
 -95.34   -88.01
 -96.68   -83.98
 -98.27   -79.83
 -99.24   -76.54
-100.59   -72.63
-101.44   -70.07
-101.93   -66.16
-102.66   -63.35
-103.03   -60.42
-103.88   -57.62
-104.00   -55.30
-104.49   -52.98
-105.47   -49.93
-106.20   -48.22
-106.69   -46.02
-107.67   -43.95
-108.28   -42.11
-109.86   -40.16
-111.45   -38.82
-112.55   -36.13
-113.77   -33.81
-115.72   -31.37
-117.19   -28.69
-118.65   -26.37
-120.85   -23.80
-122.19   -20.75
-124.27   -17.58
-125.85   -14.77
-127.56   -10.99
-129.03    -8.06
-130.74    -4.15
-131.96    -0.49
-132.93     3.78
-134.28     7.20
-135.74    10.86
-137.08    15.01
-138.06    19.41
-139.65    23.44
-140.75    28.20
-141.72    33.45
-143.55    39.06
-144.04    44.43
-144.90    51.15
-145.39    57.25
-145.39    63.60
-144.90    70.92
-144.04    77.64
-142.58    85.21
-140.75    92.65
-138.18   100.22
-135.01   108.28
-131.23   115.84
-126.59   123.29
-121.46   130.98
-115.60   138.55
-108.64   145.51
-101.81   151.73
 -93.99   156.86
 -85.21   162.48
 -77.39   166.99
 -67.75   170.29
 -58.59   173.34
 -49.44   175.78
 -39.67   177.00
 -30.27   177.73
 -21.36   178.22
 -11.72   177.73
  -2.69   177.00
   5.86   174.56
  14.04   172.36
  21.85   170.29
  29.05   166.50
  36.13   162.84
  41.38   159.79
  46.88   156.25
  52.00   153.69
  57.98   150.63
  62.87   147.71
  69.09   145.14
  75.56   140.75
  82.28   137.08
  88.13   131.47
  93.14   125.61
  97.29   119.26
 101.07   113.40
 103.52   107.30
 105.47   101.81
 107.18    95.95
 108.28    91.43
 109.86    86.43
 110.60    81.30
 111.57    77.03
 111.21    72.14
 112.30    68.48
 112.06    64.82
 112.92    60.67
 112.55    58.11
 113.89    54.57
 114.50    51.76
 115.11    48.71
 115.72    45.29
 116.21    41.26
 116.70    38.09
 116.33    34.55
 115.97    31.37
 115.72    28.44
 115.11    26.37
 114.75    23.68
 114.87    22.09
 114.99    20.26
 115.72    18.07
 115.84    16.48
 117.19    14.53
 118.41    12.21
 119.38    10.50
 120.36     8.06
 122.31     5.49
 124.39     3.54
 125.85     0.49
 127.69    -3.30
 130.00    -6.84
 131.10   -10.25
 132.93   -14.53
 133.91   -19.04
 135.25   -23.56
 136.23   -28.20
 136.96   -32.71
 137.33   -37.35
 138.31   -41.87
 138.06   -46.88
 139.04   -52.37
 139.53   -57.62
 139.28   -63.35
 139.16   -70.68
 138.92   -76.17
 138.06   -82.76
 136.96   -89.72
 135.50   -96.68
 133.30  -103.27
 131.23  -109.99
 128.42  -117.31
 125.24  -124.39
 121.46  -132.57
 117.19  -139.53
 112.18  -148.07
 105.96  -154.91
  98.75  -163.33
  91.67  -170.41
  82.89  -177.86
  73.36  -183.59
  63.11  -189.09
  52.37  -193.12
  41.26  -196.53
  30.52  -198.61
  19.29  -200.32
   7.93  -200.81
  -4.15  -200.32
 -15.50  -198.85
 -26.25  -196.41
 -37.11  -193.60
 -46.51  -189.58
 -56.15  -185.55
 -64.70  -180.66
 -72.39  -175.78
 -80.32  -170.41
 -86.67  -164.92
 -93.26  -159.06
-100.10  -152.71
-104.61  -146.48
-109.25  -140.14
-113.04  -133.91
-117.68  -128.66
-120.73  -122.80
-124.88  -116.94
-128.30  -112.06
-131.84  -106.08
-134.64  -100.10
-137.33   -93.63
-139.28   -87.65
-141.24   -80.93
-142.82   -75.56
-143.43   -69.09
-144.41   -63.35
-144.90   -56.88
-144.65   -51.64
-145.39   -45.90
-144.04   -41.26
-143.68   -36.25
-142.33   -31.86
-141.60   -27.95
-140.87   -24.41
-140.87   -20.63
-140.01   -17.82
-139.77   -14.04
-140.26   -10.86
-139.65    -7.32
-139.89    -3.42
-139.04     0.61
-138.79     4.88
-137.82     7.69
-137.45    11.35
-136.11    13.79
-135.25    17.70
-134.64    19.65
-134.40    22.83
-134.77    24.78
-134.52    27.83
-135.13    30.88
-135.50    33.94
-135.86    37.72
-136.84    41.75
-137.21    45.78
-137.45    50.42
-137.57    55.30
-137.21    59.57
-136.60    64.94
-135.38    69.95
-133.91    75.07
-132.45    80.20
-130.86    84.72
-128.66    89.48
-125.98    94.24
-123.05    98.88
-121.83   102.78
-118.90   107.06
-117.55   110.96
-114.87   115.36
-113.16   120.00
-112.18   124.39
-110.11   129.52
-107.79   135.13
-105.47   141.36
-102.29   148.07
 -98.63   154.91
 -94.36   161.99
 -89.72   168.82
 -83.74   175.78
 -77.03   182.62
 -70.19   189.58
 -61.52   196.66
 -53.59   203.00
 -43.46   208.86
 -33.20   213.75
 -22.22   218.38
  -9.28   222.53
   2.93   225.10
  15.75   227.17
  29.91   227.29
  42.85   226.81
  56.64   224.49
  69.46   222.05
  82.64   218.26
  95.46   212.65
 107.30   207.64
 119.38   200.56
 130.37   193.48
 140.26   184.69
 150.63   175.17
 159.30   164.92
 166.87   154.79
 173.10   143.68
 178.47   132.81
 182.37   122.07
 185.30   110.72
 187.01    99.98
 188.96    89.48
 189.21    80.32
 190.31    71.17
 190.19    62.01
 190.43    53.34
 189.70    44.56
 188.48    36.13
 186.89    28.81
 184.81    20.26
 182.25    13.92
 179.81     6.84
 177.37     0.24
 173.95    -5.62
 171.39   -10.74
 167.11   -16.11
 164.67   -21.36
 161.38   -25.63
 158.20   -29.05
 155.76   -32.96
 152.83   -36.38
 150.39   -39.31
 148.32   -42.11
 146.48   -45.65
 144.90   -48.34
 143.07   -51.64
 141.72   -55.30
 140.26   -58.72
 138.79   -62.01
 136.72   -66.16
 134.28   -69.46
 132.32   -73.00
 130.25   -76.29
 128.30   -79.22
 126.10   -82.52
 124.76   -85.69
 122.56   -88.62
 121.09   -91.80
 119.75   -95.46
 117.68   -99.24
 115.97  -102.66
 114.14  -107.42
 112.30  -111.82
 109.99  -115.60
 107.79  -120.85
 105.10  -125.73
 101.93  -130.37
  98.39  -135.25
  94.12  -140.01
  90.09  -145.14
  84.84  -149.41
  79.83  -153.56
  74.10  -157.84
  67.99  -161.01
  62.13  -164.06
  56.64  -167.11
  50.90  -168.95
  45.17  -171.02
  40.77  -173.58
  36.01  -175.17
  31.37  -178.47
  26.12  -181.76
  21.12  -185.06
  15.38  -189.33
   8.30  -193.36
   0.85  -197.75
  -7.57  -201.54
 -16.60  -204.71
 -26.00  -207.89
 -36.62  -209.96
 -47.36  -212.16
 -58.96  -212.89
 -70.56  -213.13
 -83.25  -212.16
 -96.19  -210.82
-109.38  -207.52
-122.56  -203.49
-135.50  -198.24
-147.95  -191.28
-160.28  -183.47
-171.26  -174.19
-182.01  -163.82
-191.53  -152.34
-198.97  -140.87
-205.93  -128.54
-212.16  -116.09
-216.43  -102.91
-219.12   -90.21
-221.19   -77.15
-222.41   -65.55
-222.53   -54.44
-221.80   -42.48
-220.34   -31.74
-218.38   -21.85
-215.33   -11.96
-212.28    -3.17
-209.11     5.74
-205.32    13.31
-201.90    21.12
-198.24    28.32
-194.46    35.03
-190.67    41.02
-186.89    46.88
-182.86    53.10
-179.08    58.23
-175.54    62.99
-170.78    68.48
-167.24    73.12
-162.72    77.27
-158.08    82.15
-154.17    85.82
-150.02    89.60
-145.26    92.65
-141.72    95.70
-137.94    98.75
-134.77   101.68
-131.47   104.61
-128.17   107.67
-125.00   110.47
-121.70   113.53
-118.41   116.82
-114.87   120.00
-110.72   123.29
-107.42   126.22
-103.39   128.42
 -99.61   130.98
 -95.70   133.54
 -92.29   135.62
 -88.99   138.43
 -85.69   140.75
 -82.76   143.43
 -79.71   145.51
 -76.17   148.19
 -73.12   151.98
 -69.70   155.27
 -66.41   159.06
 -62.26   162.96
 -57.25   167.11
 -53.10   171.26
 -47.61   175.42
 -41.75   179.69
 -35.40   183.23
 -28.44   187.13
 -21.12   190.80
 -12.70   192.99
  -4.52   195.07
   3.91   196.41
  12.70   197.27
  21.48   197.88
  29.42   197.75
  37.72   197.88
  46.14   197.14
  54.08   196.29
  61.65   195.43
  70.31   193.97
  78.86   192.87
  86.30   191.41
  94.48   189.70
 103.15   188.11
 112.43   185.55
 122.07   183.23
 132.57   180.54
 143.07   177.37
 154.42   172.73
 166.14   166.75
 177.61   159.18
 188.35   150.51
 197.88   141.11
 206.54   129.52
 214.23   117.19
 220.95   103.76
 226.32    89.97
 229.98    76.42
 233.40    62.50
 234.50    48.83
 233.64    35.03
 232.06    22.09
 229.49     9.52
 226.07    -1.34
 220.83   -11.60
 216.67   -20.26
 212.04   -27.59
 207.03   -35.28
 203.25   -42.11
 200.07   -48.83
 196.53   -55.91
 193.36   -63.23
 189.94   -70.31
 185.06   -77.76
 180.05   -84.35
 174.68   -91.43
 168.58   -97.90
 161.99  -103.27
 156.01  -108.03
 149.41  -112.43
 143.31  -116.70
 136.84  -120.00
 131.47  -123.41
 125.24  -125.49
 118.90  -128.30
 113.40  -130.49
 107.30  -132.81
 102.29  -134.77
  97.29  -136.11
  92.16  -137.82
  87.77  -138.92
  83.01  -140.01
  78.25  -141.72
  74.34  -142.70
  69.46  -143.92
  64.94  -145.39
  61.04  -146.48
  56.76  -147.46
  52.49  -148.93
  47.36  -150.51
  43.09  -151.86
  38.70  -153.08
  34.18  -154.05
  29.91  -154.66
  25.02  -155.40
  20.51  -156.37
  15.75  -156.74
  11.47  -157.47
   7.57  -157.71
   3.05  -158.08
  -1.34  -159.55
  -5.74  -160.52
 -10.62  -161.13
 -15.01  -162.48
 -20.63  -163.57
 -25.76  -164.79
 -31.86  -166.26
 -38.09  -167.24
 -44.68  -167.72
 -51.76  -168.21
 -59.45  -167.60
 -66.89  -167.11
 -74.58  -166.02
 -82.76  -163.21
 -90.58  -160.89
 -97.78  -158.08
-105.22  -154.42
-111.69  -150.76
-118.04  -147.34
-124.63  -143.43
-130.74  -139.04
-137.21  -134.64
-143.68  -130.37
-149.78  -125.61
-156.49  -120.48
-162.60  -114.87
-169.43  -109.13
-176.27  -102.66
-182.86   -95.21
-188.96   -87.52
-194.82   -79.59
-200.20   -70.68
-204.83   -60.91
-209.47   -50.29
-213.13   -38.45
-215.33   -26.25
-216.31   -13.92
-215.33    -1.46
-213.62    10.62
-209.96    22.09
-205.81    32.84
-200.20    43.33
-194.82    52.00
-189.21    59.57
-182.74    66.53
-175.66    72.02
-169.56    76.78
-162.84    81.05
-157.47    83.86
-152.47    86.43
-148.68    88.50
-146.00    89.97
-144.04    92.90
-142.70    96.68
-141.24   101.68
-139.89   107.42
-137.33   114.26
-134.16   121.58
-128.91   128.30
-122.56   135.25
-115.23   141.24
-106.69   146.48
 -98.39   151.37
 -89.48   153.69
 -80.57   156.13
 -71.41   156.62
 -63.35   156.37
 -54.93   156.01
 -48.83   154.66
 -42.11   152.95
 -36.74   151.98
 -31.25   150.15
 -26.86   148.93
 -22.71   147.46
 -18.68   145.87
 -14.16   144.78
 -10.99   143.31
  -6.84   142.21
  -2.69   141.60
  -0.24   140.63
   3.42   139.77
   6.10   139.28
   9.89   138.67
  12.70   137.45
  16.36   137.33
  20.02   137.45
  23.19   137.08
  26.86   136.72
  29.91   136.35
  33.69   135.25
  36.74   135.38
  40.77   135.01
  44.43   135.13
  48.34   134.89
  51.64   135.25
  56.15   135.50
  61.04   135.38
  65.43   135.99
  71.29   135.62
  77.15   135.13
  83.86   134.64
  90.58   133.06
  98.02   131.35
 105.10   128.54
 111.69   125.24
 119.02   121.09
 125.24   116.58
 130.86   111.82
 136.60   105.22
 141.97    99.98
 146.97    93.63
 151.12    87.89
 155.15    81.67
 158.69    75.32
 162.23    69.46
 165.16    62.87
 168.33    56.27
 171.63    49.19
 174.44    42.36
 177.37    35.52
 178.96    28.32
 181.52    19.90
 183.23    11.72
 184.33     3.30
 185.42    -5.62
 185.79   -14.28
 185.30   -23.32
 184.33   -32.47
 181.76   -41.02
 179.57   -50.17
 175.90   -59.08
 171.39   -67.26
 166.50   -75.20
 161.38   -82.03
 155.88   -88.50
 149.90   -94.48
 144.17   -99.37
 138.06  -104.37
 132.32  -108.40
 126.71  -112.79
 120.61  -116.09
 115.60  -119.14
 110.35  -121.58
 105.47  -124.02
 100.71  -126.83
  96.68  -129.27
  92.53  -132.69
  88.75  -136.60
  83.74  -140.63
  78.49  -144.90
  72.02  -149.90
  64.70  -153.93
  56.52  -157.35
  47.12  -159.67
  38.45  -161.25
  28.69  -161.62
  19.04  -160.89
  10.38  -158.57
   1.83  -155.40
  -5.37  -151.86
 -11.96  -146.61
 -16.85  -141.97
 -20.87  -137.82
 -24.41  -133.67
 -26.00  -130.37
 -27.83  -126.83
 -29.30  -124.02
 -31.13  -122.44
 -32.96  -121.22
 -34.55  -120.00
 -36.87  -119.26
 -38.82  -119.51
 -41.75  -119.51
 -44.80  -118.90
 -47.73  -118.65
 -51.76  -118.41
 -56.27  -117.68
 -60.42  -116.94
 -64.82  -115.48
 -68.73  -113.65
 -73.36  -111.82
 -77.27  -109.74
 -80.81  -106.69
 -84.23  -103.88
 -87.77  -101.20
 -91.19   -99.00
 -94.12   -96.68
 -97.29   -94.12
-100.83   -91.92
-104.86   -90.21
-108.52   -87.40
-112.55   -84.47
-117.19   -81.30
-121.22   -78.49
-125.24   -74.83
-129.39   -70.43
-133.42   -65.19
-137.45   -59.69
-140.50   -54.08
-143.19   -48.10
-146.00   -41.99
-147.95   -36.01
-149.78   -29.79
-150.88   -23.93
-151.49   -17.82
-152.34   -11.84
-152.59    -6.10
-152.83    -0.12
-152.83     5.98
-152.71    11.72
-152.34    17.94
-152.10    23.93
-151.49    30.15
-150.27    36.38
-149.29    42.36
-147.46    48.46
-145.51    54.81
-143.07    60.91
-139.89    67.63
-136.96    73.12
-132.81    78.98
-129.27    84.59
-125.00    89.60
-119.87    94.12
-115.11    99.00
-109.99   102.91
-103.64   106.93
 -99.12   109.99
 -93.51   112.30
 -88.62   114.75
 -83.13   116.94
 -78.25   118.41
 -73.85   120.24
 -69.34   121.95
 -64.70   123.29
 -60.55   124.51
 -55.79   125.73
 -51.76   126.71
 -47.73   128.54
 -43.09   130.00
 -38.70   131.96
 -34.30   134.40
 -28.81   135.99
 -23.19   137.57
 -17.33   138.92
 -10.50   139.40
  -3.91   139.77
   2.20   139.28
   9.52   137.94
  16.11   135.50
  21.85   132.69
  27.47   129.52
  32.35   125.61
  35.89   122.19
  39.55   118.53
  41.99   115.48
  44.31   112.67
  46.26   109.99
  48.46   108.40
  50.42   106.81
  52.25   104.86
  54.44   103.88
  57.37   103.03
  59.94   101.20
  62.87   100.83
  66.53    99.00
  70.07    97.78
  74.22    95.70
  77.64    94.36
  81.54    91.92
  86.18    89.36
  89.23    86.30
  92.90    83.50
  96.56    79.47
  98.75    76.29
 101.93    71.90
 104.37    68.60
 106.93    63.35
 108.89    60.06
 111.08    55.66
 112.55    52.00
 114.14    47.61
 115.72    44.07
 116.94    40.77
 118.53    36.99
 119.75    33.45
 121.34    28.81
 123.05    24.90
 124.76    20.75
 125.49    15.50
 127.08    10.38
 127.44     5.62
 128.30     0.00
 127.93    -4.88
 127.93   -10.62
 126.83   -15.38
 125.85   -20.51
 124.51   -25.88
 122.56   -29.66
 120.97   -34.06
 119.51   -38.09
 117.80   -42.85
 115.48   -46.39
 113.65   -50.66
 112.06   -54.08
 108.89   -58.35
 107.30   -62.50
 104.74   -65.55
 102.42   -69.70
  99.98   -73.12
  97.17   -76.66
  93.99   -80.81
  90.94   -83.86
  87.28   -87.89
  83.86   -91.43
  79.47   -94.12
  75.93   -97.29
  71.29   -99.00
  66.65  -101.93
  62.01  -103.39
  58.59  -105.83
  53.96  -107.54
  49.68  -108.52
  46.02  -109.50
  41.50  -110.60
  38.09  -111.21
  33.94  -111.94
  29.79  -112.67
  26.00  -113.77
  22.58  -114.50
  18.07  -114.75
  14.89  -115.60
  10.50  -115.84
   6.35  -116.94
   2.44  -117.19
  -1.46  -117.55
  -6.59  -117.92
 -10.50  -117.19
 -15.75  -117.68
 -20.51  -116.46
 -24.78  -115.60
 -29.79  -114.26
 -34.30  -112.67
 -38.82  -110.47
 -42.48  -108.28
 -46.14  -106.08
 -49.80  -104.13
 -52.73  -102.05
 -55.66   -99.37
 -58.23   -97.66
 -61.40   -95.21
 -63.84   -94.12
 -66.65   -91.67
 -69.58   -90.70
 -72.63   -88.75
 -75.93   -87.04
 -79.35   -84.96
 -82.40   -82.89
 -86.43   -80.57
 -89.84   -78.00
 -93.51   -74.95
 -96.80   -71.90
-100.10   -68.48
-103.03   -64.33
-106.81   -60.30
-109.01   -56.52
-111.57   -51.64
-114.01   -47.61
-115.36   -42.48
-116.70   -37.84
-117.68   -32.84
-118.65   -28.32
-119.14   -23.32
-119.26   -18.92
-119.63   -14.89
-119.38   -11.11
-119.26    -6.84
-118.90    -3.30
-119.63     0.61
-119.26     4.03
-118.65     8.30
-120.00    12.33
-119.26    16.24
-118.90    21.00
-119.14    25.39
-117.80    29.54
-117.55    34.55
-116.33    38.82
-114.75    43.46
-112.79    48.22
-110.84    52.37
-108.28    56.64
-106.20    61.40
-103.03    65.19
 -99.61    69.09
 -96.68    73.12
 -93.02    76.29
 -89.60    78.98
 -86.43    82.28
 -83.01    84.47
 -78.86    86.91
 -75.68    89.48
 -72.02    91.31
 -67.99    93.38
 -64.21    95.21
 -60.55    96.92
 -56.64    98.75
 -53.22    99.85
 -49.32   101.20
 -45.29   102.42
 -42.11   103.15
 -38.21   103.76
 -34.42   104.25
 -31.13   104.74
 -27.95   105.10
 -24.90   105.22
 -21.48   106.08
 -18.92   105.59
 -15.87   106.32
 -12.94   107.06
 -10.01   107.91
  -6.96   108.64
  -4.27   110.11
  -0.12   111.08
   4.03   111.94
   8.06   113.65
  12.82   113.28
  18.19   114.01
  22.83   113.40
  28.44   112.67
  33.33   111.82
  37.96   109.86
  42.48   107.54
  46.88   105.10
  51.15   102.78
  54.57   100.34
  58.23    97.90
  61.16    95.09
  63.96    92.65
  67.26    89.84
  70.07    87.16
  72.39    84.47
  75.07    82.15
  77.76    79.96
  80.69    77.51
  83.25    75.20
  85.69    73.12
  89.11    69.82
  91.80    67.26
  94.73    63.48
  97.66    60.18
 100.59    56.76
 102.78    52.37
 104.37    48.83
 106.69    44.43
 108.64    40.41
 109.74    36.25
 111.57    31.74
 112.30    27.71
 112.79    23.07
 113.65    18.92
 113.89    13.92
 114.14     9.64
 113.65     5.49
 113.28     1.34
 112.79    -2.56
 111.94    -6.35
 112.18    -9.89
 111.08   -13.67
 110.35   -17.21
 109.86   -20.87
 108.52   -24.05
 108.28   -27.95
 107.18   -31.37
 106.45   -34.79
 105.71   -38.70
 104.49   -42.36
 103.76   -46.14
 102.05   -50.05
 100.71   -54.20
  99.24   -58.11
  97.05   -62.01
  95.21   -66.04
  92.90   -69.21
  89.72   -73.61
  87.40   -77.03
  83.98   -80.44
  80.69   -83.98
  76.42   -87.40
  72.63   -90.58
  69.34   -93.26
  64.94   -95.95
  60.55   -97.78
  56.64  -100.46
  52.25  -101.68
  48.22  -103.15
  43.58  -104.37
  38.82  -105.71
  35.28  -106.93
  30.76  -106.93
  26.86  -107.79
  22.58  -107.54
  19.17  -107.79
  15.50  -108.15
  11.60  -107.67
   8.06  -108.52
   4.03  -107.91
   1.34  -107.91
  -2.08  -107.79
  -5.86  -107.54
  -9.16  -107.30
 -12.33  -107.06
 -15.14  -106.69
 -18.43  -105.59
 -21.85  -106.57
 -24.90  -106.81
 -28.32  -107.06
 -32.47  -106.69
 -36.13  -106.81
 -41.02  -106.93
 -45.78  -106.57
 -50.54  -105.47
 -55.91  -104.98
 -61.16  -103.03
 -66.04  -100.71
 -70.92   -97.90
 -77.03   -94.60
 -80.93   -90.21
 -84.72   -86.06
 -86.67   -82.76
 -91.06   -77.51
 -93.14   -74.34
 -95.58   -69.09
 -95.34   -66.53
 -98.14   -61.40
 -99.73   -56.40
-100.71   -54.81
-102.42   -51.39
-104.25   -47.97
-106.20   -44.56
-106.57   -41.50
-109.25   -37.48
-110.84   -34.18
-112.43   -30.27
-113.77   -26.37
-114.38   -22.83
-116.33   -18.43
-116.58   -14.04
-116.94    -9.03
-117.19    -4.88
-117.80     0.00
-117.19     3.78
-116.94     8.30
-116.09    12.70
-114.87    16.97
-114.38    21.24
-112.43    25.27
-111.33    28.93
-109.62    32.10
-108.40    35.77
-106.81    38.57
-105.35    41.75
-103.27    45.41
-102.91    48.22
-100.95    50.78
 -99.61    54.44
 -97.90    57.86
 -96.44    60.67
 -94.73    63.96
 -93.26    67.50
 -90.94    70.43
 -89.23    74.22
 -86.79    77.27
 -84.72    80.81
 -82.15    83.50
 -79.35    87.65
 -76.66    90.94
 -73.49    93.87
 -69.95    97.41
 -65.92   100.34
 -62.74   103.64
 -58.11   105.83
 -53.71   108.89
 -49.19   111.08
 -44.19   112.67
 -40.28   115.48
 -34.79   116.21
 -30.27   117.31
 -25.27   118.65
 -20.14   119.14
 -15.75   119.51
 -11.35   119.51
  -5.74   119.38
  -1.22   119.38
   3.30   118.29
   8.06   118.65
  12.45   117.68
  16.60   115.97
  21.24   115.48
  24.90   114.50
  28.93   112.92
  33.33   111.45
  36.99   110.35
  40.41   108.52
  43.58   106.81
  47.24   104.86
  50.90   102.91
  54.20   101.32
  57.62   100.34
  60.42    98.51
  63.60    96.19
  67.38    95.34
  71.17    93.87
  74.95    91.92
  78.86    89.48
  82.76    87.65
  87.04    85.21
  90.82    81.30
  95.34    78.49
  99.12    74.46
 102.78    70.07
 105.96    65.92
 109.25    61.52
 111.57    56.76
 113.65    51.64
 115.36    46.51
 116.70    41.75
 118.29    36.87
 119.26    31.74
 120.12    26.98
 120.36    22.95
 121.70    18.19
 121.83    13.55
 122.31     8.79
 122.19     3.78
 122.44    -0.85
 122.56    -5.37
 121.95   -10.13
 121.83   -14.65
 120.24   -19.90
 119.38   -23.80
 117.80   -28.69
 115.84   -33.08
 114.26   -37.96
 111.33   -41.87
 109.62   -45.65
 107.06   -50.05
 104.00   -53.22
 102.17   -56.15
  99.73   -59.33
  96.44   -62.13
  94.12   -64.94
  91.31   -67.75
  88.38   -69.95
  86.30   -72.75
  83.98   -75.56
  81.79   -77.76
  79.35   -80.57
  76.90   -82.76
  74.58   -84.59
  71.90   -87.89
  69.46   -89.97
  66.77   -93.02
  64.09   -95.46
  61.65   -97.78
  57.74  -100.22
  54.93  -103.15
  50.78  -105.71
  47.36  -107.54
  42.97  -110.23
  39.43  -112.79
  34.30  -114.87
  30.64  -117.19
  26.86  -118.16
  22.22  -119.51
  16.97  -121.83
  11.84  -122.19
   6.84  -123.17
   0.98  -124.15
  -3.42  -124.27
  -9.52  -124.02
 -14.53  -123.78
 -20.75  -123.54
 -25.39  -122.68
 -30.27  -121.70
 -35.28  -120.36
 -40.53  -118.53
 -45.29  -116.70
 -49.93  -114.75
 -55.05  -112.67
 -59.20  -110.47
 -63.35  -107.54
 -67.87  -104.86
 -71.66  -102.05
 -75.81   -99.00
 -79.71   -95.09
 -82.76   -92.16
 -86.18   -88.62
 -88.99   -85.69
 -91.80   -81.79
 -94.48   -78.86
 -97.41   -75.56
 -99.49   -71.53
-102.17   -68.36
-104.37   -64.82
-107.54   -61.77
-109.74   -57.62
-112.18   -54.08
-114.99   -50.42
-116.70   -46.02
-118.53   -41.75
-120.85   -37.23
-122.80   -32.47
-124.15   -27.47
-124.88   -22.71
-125.12   -17.33
-125.73   -12.57
-125.73    -7.69
-125.85    -2.44
-125.12     2.20
-125.12     6.23
-124.51    11.23
-123.78    15.87
-123.29    19.65
-122.44    23.19
-121.09    28.20
-119.87    32.71
-119.51    36.99
-117.80    41.14
-116.09    45.41
-114.99    49.44
-112.79    53.22
-110.84    57.62
-108.15    62.26
-105.59    66.53
-103.03    70.07
-100.71    74.10
 -97.41    77.51
 -93.87    81.18
 -90.82    84.11
 -87.28    86.79
 -83.74    90.45
 -80.08    92.53
 -76.54    95.58
 -72.75    98.14
 -69.21   100.22
 -64.58   102.29
 -61.16   104.13
 -57.13   105.59
 -53.22   106.81
 -49.68   109.01
 -45.90   110.23
 -42.36   111.82
 -38.82   112.79
 -35.40   114.01
 -31.62   115.60
 -27.71   117.19
 -23.93   118.16
 -19.78   120.12
 -15.50   121.22
 -10.74   122.68
  -6.23   123.66
  -0.85   124.15
   4.03   124.51
   8.91   124.51
  13.92   124.76
  19.78   124.27
  25.15   123.78
  30.40   123.17
  35.77   122.07
  40.53   120.24
  46.63   118.41
  51.64   116.09
  56.76   113.89
  61.65   111.57
  66.04   108.40
  70.80   105.59
  74.22   102.78
  78.25    99.73
  82.15    95.70
  85.82    92.16
  89.23    88.62
  92.04    84.84
  94.97    80.44
  98.63    76.29
 101.32    72.02
 103.88    67.63
 106.32    63.60
 108.76    58.59
 110.60    54.69
 111.94    49.93
 113.89    45.78
 114.38    41.50
 115.84    37.23
 116.94    32.96
 117.68    28.08
 118.04    23.93
 118.90    19.65
 118.65    14.77
 119.14    10.13
 119.38     5.86
 119.14     1.59
 118.53    -2.69
 118.53    -6.96
 117.07   -11.11
 116.46   -15.26
 115.11   -19.53
 113.77   -24.17
 112.18   -28.20
 110.72   -31.74
 108.64   -35.89
 106.93   -39.18
 105.47   -42.11
 103.76   -45.53
 102.54   -48.58
 100.46   -51.64
  98.63   -54.93
  96.56   -57.86
  94.48   -60.55
  93.26   -63.60
  90.33   -67.14
  88.13   -70.31
  86.18   -73.61
  83.98   -76.54
  81.42   -79.35
  78.98   -82.28
  75.44   -85.57
  73.36   -89.11
  70.07   -91.55
  66.89   -94.36
  63.48   -96.80
  59.94   -99.61
  55.30  -101.68
  51.64  -104.00
  48.10  -106.45
  43.46  -108.64
  39.43  -110.23
  35.16  -112.06
  31.25  -113.40
  26.73  -114.75
  22.58  -115.23
  18.55  -116.21
  14.04  -117.19
  10.01  -117.31
   4.39  -118.04
   0.73  -118.29
  -4.39  -118.65
  -8.54  -119.26
 -13.18  -119.14
 -17.94  -118.77
 -22.58  -118.90
 -26.98  -118.53
 -32.23  -118.04
 -36.99  -117.68
 -41.87  -116.82
 -47.36  -115.60
 -52.73  -113.77
 -58.11  -112.43
 -63.60  -110.11
 -68.85  -106.81
 -73.73  -103.88
 -78.13  -100.83
 -82.89   -97.05
 -87.16   -93.14
 -91.80   -88.99
 -95.34   -84.72
 -99.00   -80.57
-101.93   -76.17
-105.10   -70.92
-107.91   -65.92
-109.74   -60.91
-111.57   -55.30
-113.65   -50.90
-114.87   -45.17
-115.60   -40.41
-116.21   -35.28
-116.94   -30.52
-116.94   -26.00
-116.70   -21.73
-116.58   -17.09
-116.09   -12.57
-115.48    -9.16
-114.50    -4.52
-113.53    -0.73
-113.28     3.17
-112.30     6.47
-111.69    10.13
-111.45    13.55
-110.11    16.72
-109.13    20.14
-108.52    23.32
-107.18    26.98
-105.59    30.64
-104.13    34.30
-102.78    38.33
-100.46    41.50
 -98.51    44.80
 -96.92    47.61
 -94.36    50.66
 -92.90    52.73
 -90.33    54.93
 -87.89    57.86
 -86.43    59.57
 -84.11    61.77
 -81.67    64.33
 -79.83    66.53
 -77.88    68.73
 -76.54    70.56
 -74.58    73.12
 -73.12    75.20
 -70.68    77.88
 -68.73    80.20
 -67.14    82.28
 -64.70    85.33
 -62.38    87.65
 -59.69    90.58
 -57.13    92.77
 -53.59    95.34
 -50.17    97.90
 -46.26   100.46
 -42.85   102.54
 -39.06   104.37
 -35.40   106.93
 -31.62   108.15
 -27.47   109.50
 -23.32   110.60
 -18.68   112.06
 -14.28   113.16
  -9.03   114.50
  -5.00   114.99
  -0.98   115.36
   3.54   115.48
   7.93   115.48
  12.45   114.99
  17.82   114.87
  22.58   113.77
  26.86   113.28
  31.49   112.30
  36.13   111.57
  40.89   110.35
  44.92   108.76
  48.83   107.42
  52.86   105.59
  57.50   103.76
  62.13   101.93
  65.92    99.98
  70.92    97.53
  75.44    94.97
  79.35    92.16
  83.86    88.99
  88.01    85.33
  91.55    81.67
  96.07    78.13
  99.49    73.97
 102.91    68.97
 106.45    64.45
 109.62    60.30
 111.94    54.81
 113.77    49.56
 116.46    44.31
 117.68    38.09
 118.90    32.47
 120.12    27.22
 120.73    21.24
 121.34    15.99
 120.97    10.50
 120.12     5.00
 118.90     0.12
 117.80    -5.49
 116.58   -10.86
 114.62   -15.63
 112.67   -20.39
 110.60   -25.15
 108.28   -29.30
 104.37   -32.84
 101.56   -36.50
  98.51   -39.55
  95.46   -42.11
  92.53   -44.43
  89.48   -46.75
  87.04   -48.34
  84.72   -50.17
  81.67   -51.27
  80.32   -53.10
  78.49   -54.20
  76.54   -55.54
  75.20   -57.37
  73.24   -59.45
  71.41   -60.79
  69.95   -62.50
  69.09   -64.82
  66.65   -66.41
  65.67   -68.60
  63.11   -70.31
  60.79   -72.27
  59.20   -74.22
  57.37   -75.68
  54.93   -77.76
  53.10   -79.59
  51.15   -81.54
  48.95   -83.74
  47.36   -85.45
  44.43   -87.28
  42.60   -89.36
  39.79   -92.16
  37.23   -94.12
  34.30   -96.07
  31.49   -98.63
  27.71  -100.46
  24.05  -102.78
  19.78  -104.98
  15.38  -106.32
  11.11  -108.28
   6.10  -109.13
   1.46  -110.47
  -3.05  -110.23
  -8.18  -110.84
 -12.45  -110.96
 -17.58  -110.47
 -21.97  -110.23
 -26.61  -109.50
 -31.25  -108.15
 -35.52  -107.91
 -40.53  -105.96
 -44.92  -104.98
 -49.56  -102.66
 -53.83  -101.07
 -58.47   -99.00
 -62.26   -97.05
 -66.41   -94.85
 -69.95   -92.04
 -73.97   -89.84
 -77.64   -87.16
 -81.05   -84.11
 -83.98   -81.05
 -87.77   -78.00
 -91.19   -74.83
 -95.21   -71.41
 -98.02   -67.26
-101.44   -63.72
-104.49   -60.42
-107.42   -55.79
-110.11   -51.64
-112.79   -47.12
-115.11   -42.60
-117.19   -37.60
-118.90   -32.71
-121.34   -27.34
-122.68   -22.58
-123.78   -15.99
-124.27   -10.38
-124.63    -3.66
-124.39     2.32
-124.27     7.93
-123.17    13.67
-121.09    19.04
-120.12    24.90
-117.80    29.79
-115.60    34.30
-112.55    39.43
-109.99    43.95
-106.32    48.46
-102.91    52.49
 -99.49    56.76
 -95.21    60.06
 -91.31    62.99
 -87.04    66.28
 -83.25    68.12
 -78.61    69.82
 -74.83    71.90
 -71.04    72.75
 -66.89    74.34
 -63.11    74.58
 -59.81    74.46
 -56.15    75.56
 -53.22    74.58
 -50.17    74.83
 -47.85    74.46
 -45.78    74.34
 -44.43    73.85
 -42.97    74.46
 -41.99    73.97
 -40.77    74.95
 -39.55    75.44
 -38.33    75.93
 -37.35    77.27
 -36.25    78.49
 -34.30    79.59
 -32.71    81.67
 -31.13    82.76
 -29.54    84.59
 -26.86    86.55
 -24.66    87.89
 -22.34    89.48
 -19.78    90.45
 -16.72    92.90
 -14.89    93.99
 -11.47    95.34
  -8.67    96.56
  -5.37    98.27
  -2.08    99.37
   1.59   100.95
   5.74   101.68
   9.77   103.15
  14.89   103.88
  18.80   104.13
  23.19   104.25
  28.32   103.88
  32.96   104.00
  38.45   102.91
  42.97   102.29
  47.85    99.98
  52.61    98.63
  57.50    96.80
  62.26    94.12
  66.41    91.92
  70.68    89.36
  75.32    85.94
  78.86    82.28
  83.13    79.10
  86.30    75.32
  89.60    72.14
  93.51    68.24
  95.21    63.84
  98.14    59.69
 101.07    55.05
 102.78    51.64
 105.47    47.00
 106.69    42.48
 108.89    37.35
 110.60    33.33
 111.21    28.69
 112.55    23.93
 113.65    19.41
 113.89    13.79
 114.50     9.28
 115.36     4.64
 115.11     0.00
 114.99    -5.13
 114.87    -9.28
 113.65   -14.40
 112.92   -19.90
 111.45   -24.90
 110.11   -29.66
 108.40   -35.03
 106.08   -39.55
 104.61   -43.95
 101.32   -48.34
  98.75   -52.49
  95.95   -57.01
  92.77   -60.06
  88.75   -63.60
  85.94   -67.50
  81.30   -70.31
  77.88   -73.36
  73.61   -75.93
  69.09   -77.76
  64.70   -80.20
  60.30   -82.28
  55.91   -83.13
  52.00   -84.35
  47.61   -84.47
  43.70   -85.33
  40.16   -85.45
  36.25   -85.33
  33.08   -84.59
  29.42   -84.35
  26.12   -83.37
  23.44   -82.64
  21.36   -81.67
  18.80   -80.44
  17.33   -79.96
  15.87   -79.71
  13.31   -78.86
  12.70   -78.49
  12.08   -78.74
  10.99   -79.10
   9.89   -79.59
   8.67   -80.32
   6.71   -81.05
   4.76   -82.52
   3.17   -84.11
   0.85   -84.72
  -2.20   -85.69
  -4.76   -87.40
  -7.20   -88.13
 -10.13   -88.62
 -13.31   -89.36
 -16.97   -90.09
 -19.90   -90.58
 -23.44   -90.94
 -27.34   -90.45
 -30.88   -90.70
 -34.79   -90.33
 -38.57   -89.97
 -42.24   -89.23
 -46.26   -88.50
 -50.54   -86.79
 -54.57   -86.43
 -57.86   -84.59
 -62.50   -83.01
 -65.80   -81.42
 -69.95   -79.10
 -73.85   -76.78
 -77.51   -74.46
 -81.05   -71.53
 -84.35   -68.36
 -88.38   -65.43
 -91.19   -61.77
 -93.99   -58.23
 -97.41   -54.69
 -99.73   -50.78
-102.29   -46.26
-104.86   -42.48
-107.18   -37.60
-109.01   -33.81
-110.11   -28.93
-111.69   -24.29
-113.04   -20.14
-114.01   -15.01
-114.62   -10.99
-115.23    -5.74
-115.60    -0.85
-116.09     3.54
-115.84     8.79
-115.48    13.43
-115.11    18.43
-113.77    23.32
-113.40    28.20
-112.30    32.35
-110.23    37.60
-109.25    42.24
-106.93    47.12
-104.74    51.39
-101.93    55.30
 -99.73    60.42
 -96.56    64.21
 -93.26    68.85
 -89.84    72.63
 -86.30    76.42
 -82.40    79.47
 -78.37    82.52
 -74.10    85.45
 -69.46    87.65
 -65.06    89.84
 -60.91    91.80
 -56.52    93.87
 -51.51    95.70
 -47.61    96.92
 -42.36    97.53
 -37.96    97.78
 -32.84    98.75
 -28.69    98.27
 -24.54    98.14
 -20.63    98.27
 -16.36    96.92
 -12.70    96.44
  -9.16    95.21
  -5.74    93.87
  -2.93    92.41
   0.37    91.31
   2.20    89.97
   5.13    88.50
   7.20    87.16
   9.28    86.43
  11.47    85.21
  12.21    84.35
  14.04    83.13
  15.26    83.01
  16.97    82.40
  18.31    82.28
  20.02    82.52
  21.73    82.64
  23.80    82.64
  26.00    83.62
  28.81    83.13
  31.62    83.25
  33.81    83.74
  37.96    83.98
  40.77    83.62
  44.80    82.89
  47.85    82.28
  51.27    81.42
  54.93    80.57
  58.47    79.47
  61.89    77.64
  65.55    75.93
  69.34    74.22
  71.90    72.27
  76.66    69.82
  79.96    67.26
  83.62    64.09
  87.04    61.52
  89.97    58.23
  93.14    55.30
  96.19    50.90
  99.24    47.61
 101.56    43.95
 104.25    39.67
 106.69    35.52
 108.52    30.76
 110.47    26.25
 111.69    21.61
 114.01    16.48
 114.38    11.47
 115.72     5.37
 115.97     0.98
 116.46    -4.64
 116.58   -10.01
 116.09   -14.65
 115.48   -20.02
 114.87   -24.90
 113.77   -30.15
 112.06   -35.03
 110.23   -39.92
 108.28   -45.29
 106.20   -50.17
 103.76   -54.93
 101.07   -59.81
  97.78   -63.96
  94.24   -68.12
  91.06   -72.02
  87.28   -75.81
  83.98   -79.71
  79.83   -82.76
  75.68   -86.55
  71.17   -89.11
  67.02   -91.67
  62.74   -93.99
  57.50   -96.31
  53.10   -97.90
  48.71   -99.49
  43.70  -101.32
  38.82  -102.05
  33.69  -102.66
  29.54  -103.88
  25.51  -103.88
  21.00  -104.25
  16.85  -104.61
  12.45  -104.00
   7.93  -104.00
   3.91  -103.64
  -0.73  -103.15
  -4.52  -102.29
  -9.16  -101.20
 -12.94  -100.59
 -16.72   -98.75
 -20.63   -97.53
 -23.68   -96.07
 -27.71   -93.87
 -30.76   -92.41
 -33.45   -90.33
 -36.38   -88.38
 -38.70   -85.94
 -42.24   -83.86
 -44.43   -81.42
 -46.51   -79.71
 -48.71   -77.51
 -50.54   -75.56
 -52.73   -73.12
 -53.59   -71.53
 -54.93   -70.19
 -56.15   -68.36
 -58.23   -67.26
 -59.20   -66.41
 -60.67   -64.70
 -62.74   -63.84
 -64.58   -63.23
 -67.14   -61.89
 -69.21   -60.42
 -71.29   -59.69
 -74.22   -57.86
 -77.39   -56.15
 -80.57   -54.20
 -83.50   -51.88
 -85.94   -49.80
 -88.50   -47.61
 -91.55   -44.68
 -94.24   -41.87
 -97.05   -37.96
 -98.88   -34.42
-101.07   -30.52
-103.03   -26.49
-105.47   -22.71
-107.06   -18.07
-108.64   -13.31
-109.38    -8.91
-110.47    -4.88
-111.33    -0.61
-111.82     4.03
-111.45     8.54
-112.06    13.31
-111.82    18.07
-110.96    22.95
-110.84    28.08
-109.74    32.96
-108.64    37.11
-106.81    41.87
-105.22    46.02
-103.76    51.15
-101.56    55.66
 -99.85    60.06
 -96.80    64.21
 -93.87    68.73
 -90.82    72.63
 -87.77    76.66
 -84.84    79.71
 -80.57    83.74
 -76.29    87.28
 -72.88    90.82
 -69.21    93.87
 -64.33    96.44
 -59.69    99.37
 -55.54   101.81
 -50.90   103.76
 -46.02   106.32
 -41.14   108.03
 -35.89   108.76
 -31.62   110.72
 -26.37   111.08
 -20.26   111.45
 -15.26   112.43
  -9.89   112.67
  -4.76   112.67
   0.37   111.94
   5.00   111.57
  10.50   110.11
  15.38   108.89
  20.51   107.42
  25.02   105.47
  29.05   103.88
  34.55   101.20
  37.84    98.39
  42.11    96.07
  45.65    92.77
  49.68    90.09
  52.98    87.16
  55.54    83.98
  57.86    80.08
  60.30    77.15
  62.01    73.61
  63.84    70.92
  65.31    67.26
  67.14    64.21
  68.36    60.55
  70.07    57.98
  70.19    54.81
  71.17    52.25
  71.66    49.93
  72.51    47.12
  72.88    44.31
  73.61    42.36
  74.46    40.53
  75.56    38.45
  75.68    36.62
  75.68    34.42
  77.03    32.84
  77.88    30.76
  78.98    28.93
  79.83    26.12
  81.05    24.05
  82.28    22.34
  83.74    20.63
  84.23    17.82
  85.33    15.75
  86.55    13.18
  87.28    10.25
  88.13     7.57
  89.36     4.52
  90.21     1.22
  90.82    -1.83
  91.92    -5.25
  92.65    -8.18
  92.65   -11.72
  92.90   -14.89
  92.90   -18.55
  92.53   -22.71
  93.02   -26.61
  93.02   -30.64
  92.04   -34.18
  91.55   -37.84
  90.21   -42.60
  88.99   -46.26
  87.52   -50.54
  86.18   -54.81
  83.98   -58.59
  82.15   -62.87
  79.35   -66.41
  77.15   -70.07
  73.97   -74.22
  71.29   -77.15
  67.38   -81.42
  64.09   -84.11
  60.06   -87.77
  56.27   -90.33
  51.88   -93.51
  47.61   -96.07
  42.72   -98.51
  37.84  -100.46
  34.18  -101.32
  28.81  -102.66
  23.56  -104.49
  18.43  -105.83
  13.67  -105.59
   8.54  -106.08
   3.54  -105.71
  -1.22  -106.20
  -6.96  -105.83
 -11.72  -105.47
 -16.11  -104.74
 -20.63  -104.00
 -25.27  -102.05
 -29.91  -100.59
 -34.55   -99.24
 -39.18   -97.05
 -42.97   -95.09
 -47.00   -92.90
 -51.15   -89.97
 -54.93   -87.52
 -58.72   -84.59
 -62.26   -81.18
 -65.67   -77.76
 -68.85   -74.71
 -72.51   -71.17
 -74.71   -67.02
 -77.39   -63.60
 -79.59   -60.06
 -81.79   -56.52
 -83.25   -52.12
 -84.35   -47.97
 -85.94   -44.07
 -86.55   -40.16
 -87.28   -36.01
 -87.77   -31.49
 -87.77   -27.59
 -88.26   -24.05
 -88.13   -20.26
 -87.16   -17.09
 -86.43   -13.43
 -85.45   -10.62
 -84.47    -7.69
 -83.50    -4.88
 -82.76    -2.44
 -81.79     0.12
 -80.69     2.32
 -79.83     3.78
 -79.22     6.23
 -78.74     7.45
 -77.88     9.40
 -77.76    11.23
 -77.51    12.08
 -76.78    13.92
 -76.66    16.36
 -76.78    18.55
 -76.17    20.51
 -76.05    22.58
 -75.81    24.66
 -75.44    27.47
 -75.20    29.79
 -75.20    32.10
 -74.10    34.91
 -73.61    37.48
 -72.27    39.92
 -71.66    42.60
 -70.43    45.53
 -69.34    47.97
 -67.75    50.05
 -66.41    52.73
 -64.94    55.42
 -63.35    58.59
 -61.52    60.79
 -59.94    64.21
 -57.74    66.16
 -55.18    69.09
 -53.47    71.66
 -51.03    73.85
 -48.10    76.90
 -45.41    78.74
 -42.24    81.05
 -38.94    83.01
 -36.01    84.96
 -32.47    87.52
 -28.93    89.23
 -24.90    90.70
 -21.24    92.29
 -16.85    93.38
 -12.33    94.36
  -8.54    95.34
  -3.42    95.83
   0.73    96.07
   5.37    96.31
   9.89    96.07
  14.04    96.07
  18.68    94.97
  23.07    93.63
  27.83    92.29
  32.23    91.67
  36.25    89.60
  40.77    87.89
  45.04    85.57
  48.46    83.13
  52.37    80.69
  55.66    78.61
  58.96    75.56
  62.38    73.00
  65.31    69.70
  68.60    66.28
  70.92    62.99
  74.10    59.20
  76.54    55.91
  78.74    51.64
  80.57    47.49
  82.64    43.58
  83.98    39.67
  84.96    36.01
  86.67    31.62
  87.28    27.34
  87.77    24.29
  88.50    20.02
  88.38    15.38
  88.01    11.35
  87.52     7.45
  86.91     3.17
  86.30    -0.73
  85.33    -4.39
  83.98    -8.54
  82.15   -12.08
  81.42   -15.01
  79.35   -17.82
  77.39   -20.39
  75.32   -23.32
  73.73   -26.00
  71.66   -27.71
  69.34   -29.91
  67.38   -32.10
  64.94   -34.42
  63.23   -36.01
  60.79   -37.23
  59.45   -38.57
  58.11   -39.55
  56.03   -40.53
  54.44   -41.99
  53.22   -43.09
  51.88   -44.31
  50.54   -45.29
  48.71   -46.88
  47.61   -48.22
  46.02   -50.29
  45.17   -51.39
  43.82   -53.47
  42.11   -54.57
  40.16   -55.79
  38.09   -57.50
  36.38   -59.94
  34.55   -60.67
  32.35   -62.62
  30.15   -63.96
  27.83   -64.82
  24.90   -66.16
  22.95   -67.38
  20.75   -68.36
  17.94   -69.21
  14.77   -70.07
  12.45   -70.80
  10.25   -71.29
   7.32   -71.90
   4.64   -72.14
   2.56   -72.88
  -0.85   -73.24
  -4.15   -73.85
  -6.35   -73.49
  -9.28   -73.24
 -12.70   -73.36
 -15.50   -73.61
 -18.68   -73.73
 -21.97   -72.51
 -25.88   -71.78
 -28.56   -71.41
 -31.86   -70.68
 -35.03   -69.82
 -37.72   -68.24
 -40.89   -66.53
 -44.31   -66.16
 -47.24   -63.72
 -50.66   -61.40
 -53.59   -59.45
 -56.27   -56.76
 -58.84   -54.20
 -61.52   -51.51
 -63.96   -48.95
 -66.28   -45.78
 -68.12   -42.72
 -69.58   -40.16
 -71.53   -36.87
 -73.24   -33.94
 -74.34   -30.27
 -75.56   -27.10
 -76.66   -23.56
 -77.39   -19.90
 -78.00   -16.72
 -78.13   -12.70
 -78.61    -9.40
 -78.74    -6.59
 -78.61    -2.81
 -78.37     0.49
 -78.25     3.91
 -77.64     6.96
 -76.78    10.38
 -75.93    13.79
 -75.20    17.09
 -73.61    19.65
 -72.75    22.95
 -71.29    26.12
 -69.70    29.05
 -67.63    31.25
 -66.16    34.30
 -64.21    36.99
 -62.13    39.55
 -59.33    41.38
 -57.01    43.58
 -54.57    45.53
 -52.00    46.63
 -49.19    48.58
 -46.88    50.54
 -44.19    51.39
 -41.99    52.25
 -38.21    53.34
 -35.89    54.08
 -33.57    54.69
 -31.37    54.32
 -28.44    54.57
 -26.86    55.05
 -25.02    55.18
 -22.58    54.93
 -20.63    54.93
 -18.92    55.05
 -16.97    54.81
 -15.99    55.30
 -14.04    54.57
 -12.82    55.30
 -10.74    55.54
  -9.52    55.91
  -8.06    55.54
  -5.98    55.42
  -4.64    55.66
  -3.42    56.40
  -0.61    56.27
   0.85    56.88
   2.93    56.40
   4.52    56.76
   6.71    56.40
   8.54    56.64
  11.11    55.66
  12.70    55.54
  14.65    55.18
  16.72    54.57
  19.17    54.20
  21.24    53.34
  23.32    52.86
  25.51    52.00
  26.98    51.64
  28.81    50.42
  31.49    49.32
  33.20    48.34
  34.67    47.12
  37.11    45.78
  39.31    44.43
  41.02    43.09
  43.46    41.38
  44.92    39.67
  46.88    37.72
  48.58    36.01
  49.93    33.69
  51.39    31.74
  53.22    29.17
  54.69    26.73
  55.18    25.15
  56.76    21.73
  57.62    20.02
  58.72    16.36
  59.45    13.92
  59.57    11.11
  60.06     8.42
  59.69     6.35
  60.30     2.93
  59.94     0.61
  59.94    -2.56
  59.45    -4.76
  59.08    -7.69
  57.98   -10.25
  57.86   -13.06
  56.27   -15.63
  55.79   -17.46
  54.81   -20.14
  52.98   -22.09
  51.88   -24.78
  50.54   -26.49
  48.71   -28.56
  47.73   -30.76
  45.90   -31.98
  43.82   -34.06
  41.87   -35.40
  40.28   -37.23
  38.82   -38.21
  36.01   -39.67
  34.06   -41.14
  32.23   -41.99
  30.15   -43.33
  27.83   -43.70
  26.25   -45.29
  23.56   -45.53
  21.36   -46.51
  19.65   -46.88
  17.70   -47.61
  14.77   -47.61
  13.18   -48.10
  11.11   -47.97
   8.67   -47.49
   6.35   -47.73
   4.03   -47.24
   2.44   -46.88
   0.00   -46.39
  -1.10   -46.26
  -3.05   -45.90
  -4.27   -44.80
  -6.35   -44.31
  -8.18   -43.21
  -9.28   -42.72
 -10.62   -41.75
 -11.47   -40.89
 -12.82   -40.41
 -14.40   -39.18
 -14.89   -39.18
 -16.24   -38.33
 -17.33   -37.11
 -18.55   -37.23
 -19.53   -36.25
 -20.51   -36.13
 -21.48   -35.16
 -22.34   -34.55
 -23.80   -33.81
 -25.02   -32.84
 -25.63   -32.35
 -27.10   -31.62
 -28.08   -30.64
 -29.17   -30.03
 -30.52   -29.17
 -30.88   -28.81
 -32.35   -27.47
 -33.45   -26.37
 -34.42   -25.39
 -35.28   -23.93
 -36.74   -23.32
 -37.35   -21.24
 -38.57   -20.63
 -38.94   -19.04
 -40.28   -17.70
 -40.77   -16.60
 -41.50   -15.26
 -42.60   -13.31
 -42.85   -11.96
 -44.43   -10.01
 -44.43    -8.67
 -45.65    -6.47
 -45.78    -5.00
 -46.39    -3.05
 -45.90    -1.22
 -46.75     0.85
 -46.88     2.56
 -46.88     4.39
 -46.75     6.23
 -45.90     8.42
 -45.53    10.38
 -45.41    12.82
 -44.68    14.28
 -43.70    16.24
 -43.09    18.80
 -41.63    20.14
 -40.53    21.73
 -39.92    23.68
 -38.33    25.02
 -37.48    26.73
 -36.13    28.08
 -34.55    29.30
 -33.69    31.13
 -31.98    31.62
 -30.52    33.45
 -28.81    34.30
 -26.61    35.16
 -25.02    36.25
 -23.32    36.87
 -21.12    37.35
 -19.29    38.09
 -17.94    38.82
 -15.75    38.82
 -14.53    39.55
 -12.21    39.18
 -10.99    39.67
  -9.03    39.67
  -6.96    39.79
  -5.62    39.55
  -3.66    38.94
  -1.46    38.82
   0.49    38.82
   1.22    37.72
   3.17    37.23
   4.52    36.99
   5.98    36.25
