1,3800,5000,14500,250
20,200,1000,0
   5.98     9.40
   6.23     8.67
   6.96     8.91
   7.69     7.81
   7.93     7.57
  10.13     6.47
  10.38     5.00
  10.99     3.42
  10.62     1.71
   9.16     1.10
   8.30     0.12
   6.47     0.49
   6.10     0.73
   6.71     1.10
   7.45     0.49
   7.45     0.00
   7.08    -0.12
   6.47    -0.61
   5.98    -1.10
   5.86    -0.85
   5.86    -0.61
   5.86    -0.85
   5.86    -0.85
   5.62    -1.46
   5.37    -1.95
   5.74    -2.20
   5.74    -2.20
   5.13    -2.20
   4.39    -2.32
   4.15    -2.81
   4.15    -2.93
   4.03    -2.56
   3.78    -2.56
   3.05    -2.69
   2.69    -2.81
   2.69    -3.05
   2.93    -2.69
   3.17    -2.32
   2.69    -1.71
   3.05    -1.59
   3.05    -1.71
   4.27    -2.44
   4.64    -2.69
   4.52    -2.81
   4.27    -3.78
   4.39    -4.15
   4.52    -5.49
   4.64    -6.10
   3.91    -6.59
   2.93    -6.96
   2.08    -7.57
   1.22    -7.69
   1.22    -7.57
   0.00    -7.69
  -0.61    -7.45
  -0.73    -7.93
  -0.49    -7.69
  -1.10    -6.96
  -1.46    -7.57
  -0.98    -7.93
  -1.83    -7.93
  -2.56    -9.16
  -3.30    -9.64
  -4.88   -10.01
  -5.74   -10.99
  -7.32   -10.50
  -8.79   -10.01
 -10.38    -8.91
 -11.60    -7.81
 -12.21    -6.10
 -13.31    -4.88
 -13.06    -3.78
 -13.31    -2.20
 -12.94    -0.98
 -12.70     0.98
 -11.72     2.69
  -9.89     3.42
  -8.18     3.91
  -6.84     3.17
  -6.71     2.44
  -7.08     1.22
  -8.18     1.22
  -9.16     1.10
  -9.89     2.08
  -9.89     3.54
  -9.28     4.88
  -8.30     5.86
  -7.32     6.35
  -6.71     5.74
  -6.47     5.62
  -6.47     6.23
  -5.62     6.23
  -5.62     6.59
  -4.39     6.23
  -4.27     5.98
  -4.03     5.86
  -4.39     5.25
  -4.64     5.98
  -4.64     6.10
  -4.64     5.86
  -4.64     6.10
  -4.27     5.74
  -4.39     5.74
  -4.27     6.10
  -4.76     5.37
  -5.25     6.10
  -5.74     6.47
  -5.49     6.84
  -5.62     7.57
  -5.74     8.06
  -5.37     9.40
  -5.25    10.50
  -4.88    10.86
  -4.15    11.47
  -3.30    12.33
  -2.69    12.33
  -1.83    12.94
  -0.73    12.45
  -0.61    12.21
   0.12    13.18
   0.73    12.70
   0.61    13.31
   1.22    13.31
   1.59    13.43
   2.32    12.82
   3.30    13.67
   3.54    14.16
   4.15    14.89
   5.13    15.38
   5.62    16.36
   6.96    16.85
   8.79    18.07
  11.11    17.82
  13.92    17.33
  16.36    16.11
  18.31    13.43
  19.04    10.74
  19.53     7.69
  18.43     6.23
  17.94     4.52
  16.85     3.05
  15.99     1.59
  15.38     1.10
  13.92     0.37
  12.94     1.34
  12.70     2.20
  13.79     2.44
  14.65     2.20
  16.11     2.44
  17.33     0.85
  18.07    -1.34
  17.70    -3.66
  16.60    -5.25
  15.75    -7.20
  13.55    -7.81
  12.45    -8.67
  10.74    -8.54
  10.01    -8.30
   9.52    -8.42
   8.91    -8.30
   8.18    -7.69
   8.06    -8.30
   7.69    -7.69
   7.32    -7.57
   7.45    -7.45
   8.18    -7.20
   8.06    -7.69
   8.54    -8.30
   8.18    -8.91
   7.69    -9.28
   8.30   -10.25
   7.69   -11.11
   7.69   -11.35
   7.57   -11.84
   6.71   -12.57
   6.35   -13.55
   5.74   -14.53
   4.88   -14.89
   3.54   -15.63
   3.30   -16.24
   1.95   -16.36
   0.85   -16.72
   0.24   -17.21
  -0.98   -17.70
  -1.46   -16.85
  -1.71   -17.09
  -2.56   -17.33
  -3.30   -17.46
  -3.91   -17.58
  -4.15   -18.07
  -4.76   -18.80
  -5.74   -19.65
  -7.08   -19.78
  -7.93   -21.12
 -10.25   -22.34
 -11.35   -22.34
 -14.04   -22.95
 -16.36   -23.56
 -19.41   -23.19
 -22.71   -22.95
 -26.00   -21.36
 -29.05   -19.17
 -31.86   -15.87
 -33.20   -11.72
 -33.33    -7.81
 -32.10    -4.64
 -31.62    -2.44
 -30.03     0.00
 -29.05     1.34
 -28.44     2.56
 -27.47     3.66
 -26.49     4.76
 -26.37     6.23
 -27.22     6.23
 -26.98     7.08
 -26.73     9.16
 -27.34    11.47
 -27.34    14.16
 -25.27    16.48
 -22.71    18.43
 -20.51    19.90
 -17.82    20.26
 -16.36    20.39
 -14.28    19.53
 -14.04    18.92
 -13.06    18.92
 -12.70    19.04
 -12.21    19.53
 -11.47    18.80
 -10.38    18.31
 -11.11    18.31
 -11.35    17.82
 -12.57    19.04
 -13.31    19.53
 -13.06    20.75
 -13.31    23.68
 -12.08    25.27
 -11.23    27.71
  -8.91    29.42
  -6.71    29.54
  -4.64    30.64
  -2.69    31.25
  -0.98    30.76
   0.73    31.13
   2.08    31.01
   3.17    30.76
   4.03    30.27
   5.13    29.79
   5.62    29.79
   6.47    30.76
   7.69    30.76
   8.42    31.13
   9.77    31.49
  11.47    32.59
  12.70    33.57
  14.04    33.45
  15.75    34.42
  17.46    34.67
  19.29    34.79
  20.51    35.64
  23.44    36.74
  26.49    38.21
  29.91    39.31
  34.18    40.41
  40.04    40.65
  47.00    39.55
  53.96    36.25
  60.06    30.40
  63.72    22.83
  65.55    14.40
  64.45     7.57
  62.01     1.22
  60.79    -4.15
  57.98    -8.67
  55.30   -12.70
  52.37   -15.99
  49.07   -18.07
  46.51   -20.75
  44.80   -22.22
  42.36   -24.41
  40.77   -26.49
  38.21   -28.44
  36.87   -30.40
  34.91   -31.74
  32.35   -33.69
  29.91   -34.91
  26.61   -36.25
  22.95   -36.99
  20.63   -36.87
  18.19   -36.50
  16.60   -36.01
  15.75   -35.64
  14.53   -34.91
  13.67   -35.52
  12.57   -35.03
  12.33   -34.91
  11.96   -34.91
  11.72   -35.16
  12.21   -36.01
  12.45   -37.11
  12.57   -38.94
  11.11   -41.26
   9.89   -44.92
   7.20   -47.00
   3.66   -49.32
   1.59   -51.27
  -2.20   -52.37
  -5.37   -53.10
  -8.67   -53.47
 -11.84   -52.98
 -15.01   -52.12
 -16.97   -51.15
 -18.07   -50.54
 -19.53   -50.42
 -21.24   -51.15
 -22.83   -52.73
 -25.39   -54.44
 -28.93   -56.15
 -32.84   -57.01
 -37.23   -57.74
 -41.63   -58.11
 -46.63   -57.50
 -51.15   -56.27
 -55.66   -55.42
 -60.91   -54.20
 -65.80   -53.22
 -71.90   -51.64
 -77.88   -49.44
 -83.86   -46.63
 -90.82   -41.99
 -98.27   -36.87
-104.61   -30.15
-110.23   -21.61
-115.23   -11.35
-118.41     0.61
-119.14    13.06
-117.31    26.37
-112.06    39.92
-104.98    51.39
 -95.70    60.42
 -86.43    66.65
 -77.39    70.56
 -70.07    72.88
 -63.11    75.56
 -57.01    82.03
 -49.44    83.37
 -43.46    83.37
 -37.84    83.13
 -33.20    82.52
 -29.17    81.79
 -24.90    81.67
 -20.87    81.30
 -17.46    81.18
 -13.55    80.69
  -9.52    80.57
  -5.62    79.59
  -1.83    77.88
   1.22    75.81
   2.93    73.73
   4.03    72.63
   4.27    71.04
   5.13    71.53
   5.49    72.02
   6.47    73.12
   8.18    74.71
   9.40    75.93
  11.11    78.74
  14.28    80.32
  17.70    83.13
  22.22    84.84
  26.61    87.04
  32.47    88.13
  38.09    89.23
  43.95    89.36
  50.05    88.87
  56.15    87.28
  62.38    85.82
  67.63    83.25
  71.66    81.18
  75.81    79.22
  79.83    78.25
  84.96    77.88
  90.70    77.27
  97.90    77.51
 105.59    76.78
 115.97    74.71
 126.83    71.41
 139.04    66.16
 151.37    57.74
 163.57    47.12
 174.44    33.20
 183.72    16.36
 188.23    -2.69
 188.35   -21.48
 184.57   -39.06
 180.18   -53.10
 175.66   -64.09
 173.71   -75.44
 172.24   -89.23
 169.56  -105.10
 164.31  -123.29
 154.17  -142.82
 139.65  -160.77
 121.09  -176.15
  99.24  -187.99
  75.56  -194.09
  52.61  -195.07
  30.76  -191.16
  13.18  -185.06
  -0.73  -177.12
 -12.94  -169.68
 -24.17  -162.48
 -34.30  -154.42
 -42.60  -145.75
 -49.93  -136.23
 -54.81  -127.08
 -56.76  -118.53
 -58.35  -111.21
 -58.96  -105.71
 -58.96  -101.07
 -59.33   -96.80
 -59.57   -93.87
 -61.04   -90.58
 -60.42   -88.62
 -59.57   -86.55
 -60.42   -86.79
 -61.52   -87.65
 -64.45   -88.50
 -67.14   -89.48
 -71.04   -90.09
 -75.81   -90.21
 -80.93   -90.58
 -86.67   -89.72
 -93.02   -88.26
 -99.00   -87.16
-104.98   -84.23
-110.47   -81.91
-117.80   -78.98
-123.66   -76.17
-130.74   -72.63
-138.31   -68.36
-146.00   -64.09
-154.30   -57.37
-162.72   -50.05
-169.56   -41.26
-175.90   -30.40
-180.91   -21.36
-184.69   -11.35
-188.48    -1.83
-192.38     7.20
-197.88    18.43
-203.25    28.69
-208.86    42.24
-213.99    57.01
-218.63    73.73
-221.80    93.51
-222.53   115.23
-220.34   140.50
-213.26   165.77
-200.81   193.97
-181.03   219.97
-155.15   243.65
-122.44   259.64
 -87.52   265.99
 -55.05   262.45
 -30.15   252.93
 -12.70   242.55
  -0.37   234.62
   9.77   231.69
  22.95   231.57
  40.65   232.42
  63.11   229.13
  87.52   219.48
 108.28   202.15
 122.31   178.59
 127.08   156.86
 126.95   137.70
 124.51   123.54
 121.58   112.43
 117.80   101.32
 113.53    92.41
 108.64    85.57
 103.03    81.18
  98.63    78.37
  93.75    77.15
  90.09    76.78
  87.40    79.22
  85.82    82.15
  87.04    87.04
  90.45    92.04
  96.19    94.73
 102.66    97.05
 109.62    98.63
 117.80    99.24
 126.95    99.12
 136.84    98.63
 147.83    95.34
 159.67    91.19
 170.90    83.62
 181.15    74.83
 189.58    64.58
 195.31    55.91
 202.64    47.24
 210.08    38.09
 218.02    27.10
 226.20    14.16
 232.54    -0.61
 236.33   -15.75
 239.62   -31.49
 241.70   -47.24
 242.68   -64.94
 241.46   -82.28
 237.92   -99.37
 232.91  -115.72
 226.81  -130.74
 219.97  -145.63
 212.16  -159.42
 203.74  -172.49
 196.04  -185.06
 188.23  -198.85
 180.54  -212.89
 171.02  -228.52
 160.28  -245.24
 147.46  -261.96
 130.25  -279.91
 109.86  -297.24
  85.08  -312.38
  56.88  -325.07
  23.68  -332.76
 -12.70  -332.76
 -49.19  -325.44
 -81.67  -308.47
-104.74  -285.52
-117.55  -261.60
-123.05  -243.16
-126.59  -231.20
-131.23  -224.49
-138.92  -220.34
-152.59  -214.97
-166.99  -204.35
-179.08  -188.48
-185.06  -168.70
-183.72  -151.25
-177.49  -140.38
-171.51  -135.62
-169.19  -135.99
-172.61  -138.43
-181.27  -140.14
-191.65  -138.55
-202.64  -132.93
-211.18  -125.37
-219.12  -117.80
-225.46  -111.45
-232.79  -105.83
-242.80  -100.59
-254.03   -94.24
-266.97   -87.16
-280.88   -75.93
-295.90   -62.26
-310.30   -43.95
-321.53   -22.95
-329.22     0.61
-335.57    24.29
-337.04    48.10
-337.04    72.27
-334.59    96.07
-329.71   120.73
-322.14   143.80
-311.89   165.77
-299.68   186.52
-285.64   204.96
-271.73   221.56
-256.96   236.69
-242.07   250.73
-227.05   264.16
-211.91   275.15
-195.92   286.01
-181.03   296.02
-166.99   305.05
-153.81   315.06
-137.57   326.05
-120.48   336.43
-101.20   345.95
 -82.03   353.64
 -62.13   360.23
 -42.60   364.75
 -22.95   369.75
  -3.05   374.63
  17.58   379.76
  39.43   384.52
  62.99   388.06
  88.87   391.11
 116.58   391.72
 147.09   390.99
 178.83   386.72
 211.91   376.46
 246.09   360.96
 277.95   339.11
 304.81   311.04
 324.10   279.30
 335.45   248.66
 340.58   221.80
 343.38   200.32
 346.68   182.50
 352.17   166.99
 360.84   151.00
 370.24   131.96
 377.81   110.23
 382.08    85.21
 380.98    61.28
 376.10    42.48
 372.19    28.08
 372.44    16.60
 376.83     4.64
 382.45   -12.21
 387.57   -32.10
 389.89   -54.20
 389.04   -77.03
 385.38   -98.39
 380.25  -118.41
 376.46  -137.45
 371.95  -157.47
 367.31  -178.71
 360.84  -202.03
 351.44  -225.46
 338.99  -248.29
 324.95  -268.55
 310.18  -287.60
 295.65  -305.91
 281.37  -325.32
 265.26  -345.83
 244.38  -367.55
 218.51  -386.35
 189.94  -401.25
 160.28  -410.89
 132.20  -416.26
 107.67  -419.31
  83.74  -422.97
  60.30  -426.76
  36.13  -430.66
  10.38  -433.23
 -15.26  -433.96
 -42.36  -432.13
 -67.99  -428.10
 -92.65  -421.63
-115.97  -413.70
-137.57  -404.42
-157.10  -395.39
-174.68  -386.60
-192.75  -377.93
-211.06  -369.14
-229.13  -361.08
-247.68  -353.39
-266.85  -344.60
-286.01  -335.82
-307.13  -325.68
-328.61  -314.70
-350.22  -302.25
-372.80  -288.45
-396.73  -272.09
-421.02  -253.05
-446.04  -230.22
-469.97  -203.00
-492.19  -170.90
-510.13  -134.40
-523.68   -94.48
-529.30   -51.76
-527.59   -10.50
-521.00    26.61
-510.13    58.23
-499.02    85.94
-489.01   110.96
-481.81   134.28
-476.20   159.18
-468.63   187.01
-457.15   217.65
-440.92   245.85
-421.02   272.09
-400.76   294.56
-380.86   313.72
-361.45   332.15
-341.67   351.20
-320.68   369.63
-297.97   385.38
-274.05   399.54
-250.24   411.01
-227.66   421.39
-205.69   430.66
-183.59   441.04
-161.13   451.05
-136.60   460.82
-109.25   470.21
 -81.30   476.81
 -52.49   480.10
 -25.76   480.96
   0.37   480.96
  26.12   479.86
  51.51   479.13
  77.39   477.29
 105.71   474.12
 134.77   467.65
 163.57   458.13
 190.19   445.80
 214.11   430.54
 235.96   415.41
 255.25   398.93
 272.46   383.18
 286.25   368.65
 299.44   356.69
 313.11   346.80
 329.35   338.99
 348.75   331.54
 373.05   322.02
 400.27   307.13
 427.12   285.52
 450.07   258.54
 467.65   228.52
 480.22   199.22
 489.50   171.88
 498.78   146.24
 506.71   121.46
 514.89    97.66
 523.68    73.24
 531.74    47.12
 540.77    19.90
 548.83    -9.03
 556.03   -40.16
 561.16   -73.85
 564.21  -109.62
 564.70  -147.58
 561.40  -187.13
 554.57  -228.27
 543.09  -270.26
 526.25  -312.87
 502.56  -353.76
 473.51  -391.11
 439.70  -422.85
 404.91  -449.22
 370.24  -470.09
 336.79  -490.72
 302.49  -510.01
 265.63  -527.71
 226.32  -542.85
 183.47  -553.34
 141.24  -557.37
  99.61  -557.50
  61.65  -553.22
  27.47  -545.78
  -4.39  -536.87
 -34.42  -526.37
 -61.40  -515.75
 -86.18  -505.13
-109.50  -493.90
-131.35  -483.89
-153.56  -474.00
-176.03  -464.11
-198.73  -453.98
-221.07  -442.26
-244.26  -428.96
-265.99  -413.33
-286.01  -396.48
-304.32  -379.03
-320.07  -362.06
-335.08  -345.46
-350.10  -328.86
-364.75  -312.50
-379.88  -295.04
-394.29  -276.25
-407.96  -256.71
-419.56  -236.33
-430.54  -215.70
-439.58  -194.21
-447.39  -174.44
-454.96  -154.79
-460.94  -136.47
-468.26  -118.29
-475.59  -100.95
-483.64   -83.13
-494.14   -64.45
-505.37   -44.56
-517.58   -21.36
-530.15     5.25
-540.28    36.74
-548.10    70.92
-550.54   106.69
-549.32   142.82
-544.56   179.44
-535.64   214.60
-524.78   248.54
-511.96   280.40
-497.56   311.89
-482.30   342.29
-465.70   372.80
-448.73   402.83
-429.44   434.94
-407.47   466.80
-381.47   501.71
-351.93   534.67
-315.67   568.12
-271.73   599.12
-221.19   624.63
-166.14   640.99
-110.84   647.46
 -57.86   646.12
  -9.52   640.14
  35.28   631.71
  77.51   620.97
 120.61   608.40
 161.13   591.43
 201.17   571.53
 237.18   547.61
 270.87   519.78
 299.19   489.01
 322.39   456.79
 339.48   424.80
 351.81   396.00
 361.33   369.14
 369.26   346.44
 377.08   325.20
 384.52   305.54
 392.46   286.01
 400.27   266.97
 407.47   248.29
 415.41   230.22
 423.71   211.55
 431.64   191.41
 438.72   170.17
 443.48   149.05
 447.88   128.91
 450.56   109.62
 453.13    90.70
 454.59    72.88
 457.64    54.93
 460.21    36.25
 463.13    17.33
 465.45    -2.44
 467.41   -22.22
 467.65   -43.70
 468.02   -64.58
 466.31   -85.94
 464.97  -106.93
 462.89  -127.20
 460.33  -146.12
 459.35  -166.38
 457.64  -187.74
 456.54  -210.08
 454.47  -234.25
 451.66  -260.86
 447.14  -289.92
 440.06  -321.17
 430.18  -354.00
 416.02  -388.31
 397.58  -422.97
 374.51  -456.42
 347.41  -489.38
 316.28  -519.17
 281.62  -545.78
 244.14  -569.09
 204.47  -588.50
 162.96  -605.22
 120.12  -618.65
  76.78  -629.52
  31.25  -638.79
 -17.70  -643.80
 -69.21  -644.04
-120.85  -637.70
-171.51  -625.12
-218.51  -607.67
-261.96  -586.79
-304.32  -561.40
-344.85  -533.57
-380.98  -500.37
-411.01  -463.38
-436.77  -424.07
-456.42  -385.74
-472.05  -348.88
-485.84  -312.99
-498.41  -275.88
-506.47  -236.94
-508.42  -197.63
-504.03  -161.13
-495.73  -129.64
-486.08  -103.39
-477.66   -81.42
-470.46   -61.40
-463.87   -42.85
-458.62   -24.66
-453.61    -8.91
-448.97     7.08
-446.41    22.83
-443.24    38.94
-441.28    55.54
-439.58    72.63
-436.52    91.06
-433.72   110.23
-428.47   129.39
-423.34   150.02
-416.26   169.68
-408.08   189.09
-398.93   207.28
-389.16   225.34
-378.91   243.16
-368.29   259.40
-357.18   276.12
-344.97   292.36
-332.89   307.86
-319.82   324.22
-307.13   338.75
-292.97   354.86
-280.15   369.63
-265.75   385.50
-251.71   401.73
-236.45   418.21
-220.70   436.04
-202.15   453.13
-182.01   471.80
-159.06   489.99
-134.77   508.06
-107.18   525.63
 -76.66   543.33
 -42.24   558.59
  -4.27   573.36
  36.99   584.11
  81.54   590.94
 128.78   594.73
 178.71   591.80
 230.35   581.30
 281.13   564.33
 328.74   539.55
 372.31   508.18
 409.55   473.51
 442.99   436.52
 472.05   398.80
 498.05   357.54
 519.04   313.72
 534.30   267.46
 541.26   219.60
 540.89   175.78
 534.79   138.79
 528.08   106.81
 523.19    78.37
 520.14    49.80
 517.46    18.68
 510.50   -13.31
 499.63   -44.92
 485.47   -74.34
 467.90  -100.34
 449.83  -123.54
 429.81  -142.46
 410.52  -157.10
 391.85  -168.46
 376.95  -177.49
 365.48  -185.91
 355.71  -194.95
 346.44  -206.18
 336.06  -217.65
 326.29  -228.76
 316.77  -239.14
 308.23  -249.63
 299.80  -260.86
 293.58  -275.39
 285.16  -291.99
 272.71  -310.06
 256.84  -328.61
 237.55  -344.12
 215.58  -357.42
 193.73  -367.68
 170.90  -374.88
 149.54  -380.13
 130.13  -383.79
 111.08  -387.45
  92.53  -389.89
  74.95  -393.19
  57.62  -395.75
  40.41  -398.44
  22.46  -400.15
   5.00  -402.47
 -12.21  -404.79
 -29.91  -407.71
 -48.22  -411.01
 -68.73  -413.70
 -91.06  -415.41
-114.01  -417.48
-137.94  -417.97
-163.70  -416.26
-191.53  -414.18
-218.75  -409.79
-249.15  -402.95
-278.93  -394.41
-310.67  -382.57
-343.02  -367.43
-376.22  -347.90
-408.45  -323.73
-440.67  -294.68
-468.51  -259.52
-491.82  -219.12
-508.67  -174.32
-518.55  -128.54
-521.24   -84.72
-517.70   -42.24
-510.25    -2.69
-499.02    35.28
-485.47    69.82
-467.53   102.17
-446.78   130.62
-424.07   154.91
-400.88   174.68
-377.69   189.09
-358.03   200.56
-340.45   210.69
-325.07   221.44
-310.42   232.91
-293.70   244.38
-277.34   255.49
-259.40   263.43
-242.31   271.00
-225.22   276.12
-209.84   281.01
-196.04   285.77
-181.27   290.04
-167.36   294.68
-153.81   298.34
-140.75   301.76
-128.30   306.40
-114.14   310.55
-100.34   314.70
 -85.45   318.73
 -70.92   321.17
 -56.15   323.24
 -41.26   326.05
 -25.39   328.37
  -8.79   329.59
   9.52   329.47
  26.86   328.00
  44.80   324.10
  60.67   318.85
  75.07   313.48
  88.87   307.01
 101.81   302.12
 113.89   296.88
 126.83   291.26
 139.04   286.62
 151.61   281.49
 163.82   274.17
 177.61   269.53
 190.55   263.43
 205.08   255.98
 218.02   247.68
 232.54   238.89
 247.19   229.74
 260.13   218.99
 273.68   208.25
 288.09   195.92
 302.37   182.62
 316.77   168.46
 330.20   153.32
 344.36   136.35
 357.79   116.82
 371.34    94.48
 383.06    70.19
 393.19    42.48
 400.27    11.47
 401.86   -22.09
 398.93   -55.91
 389.16   -89.11
 374.39  -118.29
 356.93  -142.94
 337.16  -166.14
 318.60  -183.11
 298.95  -199.71
 278.20  -214.11
 258.79  -224.85
 238.40  -233.52
 217.65  -241.58
 197.63  -246.70
 180.30  -249.27
 164.06  -251.71
 148.68  -253.78
 134.52  -255.13
 120.73  -256.84
 107.54  -257.93
  94.60  -259.16
  81.91  -260.13
  68.60  -260.13
  55.30  -259.89
  42.36  -259.77
  29.54  -258.42
  16.85  -255.62
   4.64  -252.81
  -6.35  -249.15
 -15.75  -245.61
 -25.02  -242.43
 -33.94  -239.75
 -41.87  -238.40
 -50.78  -237.79
 -62.01  -236.45
 -74.95  -234.25
 -87.89  -231.45
-101.07  -225.71
-113.28  -218.02
-123.78  -209.47
-132.32  -200.07
-140.14  -190.43
-146.00  -182.01
-150.88  -173.58
-155.64  -166.75
-160.28  -160.16
-164.31  -154.91
-169.31  -150.27
-174.56  -145.39
-180.79  -140.50
-187.87  -136.96
-195.68  -132.32
-204.83  -126.46
-214.23  -119.63
-224.49  -112.06
-234.13  -102.42
-244.51   -91.31
-254.27   -79.47
-262.45   -66.28
-270.39   -51.39
-277.34   -35.77
-283.69   -17.70
-287.72     0.24
-291.02    18.92
-292.36    39.43
-291.50    60.42
-288.21    81.91
-282.23   103.88
-273.19   125.85
-262.21   147.09
-247.80   165.16
-230.35   180.54
-212.77   193.48
-195.19   203.74
-177.37   210.94
-160.03   217.04
-143.92   221.80
-127.32   225.10
-111.82   227.54
 -96.19   228.27
 -81.30   227.78
 -67.50   226.68
 -54.57   224.49
 -43.33   221.68
 -32.59   219.73
 -23.07   216.80
 -13.31   214.36
  -4.64   212.40
   4.64   209.47
  13.79   207.40
  23.32   204.83
  31.86   201.42
  41.26   197.02
  49.68   193.36
  57.25   188.84
  64.82   184.33
  71.90   179.57
  77.64   175.17
  84.23   170.17
  89.84   166.50
  95.95   162.84
 102.05   159.06
 109.62   155.27
 116.94   150.88
 125.12   145.14
 132.69   138.67
 140.01   130.62
 146.00   121.70
 150.02   113.16
 153.08   104.25
 155.03    95.95
 155.52    88.99
 156.37    82.40
 156.62    77.27
 157.84    73.49
 159.55    69.58
 162.48    66.16
 166.87    62.87
 171.39    58.35
 177.12    53.10
 182.98    47.00
 188.23    40.28
 194.34    32.35
 199.95    23.56
 204.59    13.79
 209.72     2.56
 213.13    -9.28
 217.04   -21.36
 219.12   -35.89
 220.21   -49.80
 219.60   -64.82
 218.99   -81.91
 214.84   -98.75
 209.23  -115.48
 200.93  -131.59
 190.67  -148.56
 177.61  -162.35
 162.96  -175.05
 146.73  -184.94
 129.52  -192.87
 112.55  -198.00
  95.70  -200.81
  79.96  -201.29
  65.06  -201.29
  51.15  -200.07
  37.96  -197.63
  25.88  -194.82
  14.65  -192.02
   4.52  -188.35
  -4.88  -183.72
 -13.79  -179.08
 -21.73  -174.80
 -28.20  -170.29
 -34.67  -165.41
 -41.02  -161.50
 -47.00  -157.84
 -52.86  -154.54
 -58.96  -150.76
 -65.67  -146.97
 -71.41  -142.70
 -77.03  -138.31
 -82.28  -133.18
 -87.16  -128.54
 -91.92  -124.02
 -96.19  -118.77
-100.34  -113.65
-103.88  -109.01
-107.30  -103.64
-110.72   -98.51
-114.01   -93.26
-117.31   -89.11
-120.61   -84.35
-123.90   -79.10
-125.98   -73.85
-128.78   -68.85
-131.35   -62.99
-132.81   -57.74
-134.52   -53.10
-135.62   -48.10
-137.33   -42.97
-138.43   -38.94
-140.01   -35.03
-142.09   -30.76
-144.53   -26.61
-147.58   -22.22
-151.00   -18.31
-154.66   -12.08
-158.20    -5.98
-162.96     1.22
-166.14     9.40
-169.07    18.92
-170.90    28.93
-171.39    38.94
-171.26    49.93
-170.41    60.42
-168.09    71.29
-166.02    82.52
-162.48    93.14
-158.94   104.13
-153.44   115.11
-146.97   127.32
-139.28   138.31
-129.15   148.68
-118.29   158.69
-105.22   166.99
 -91.67   173.71
 -77.27   178.47
 -62.99   181.15
 -48.95   182.13
 -34.67   181.88
 -22.22   179.69
 -10.25   177.00
   0.00   173.10
  10.62   169.31
  19.41   164.43
  28.08   159.30
  35.28   154.05
  41.26   148.44
  46.88   143.80
  51.64   138.67
  56.64   134.16
  60.79   129.76
  65.55   125.61
  69.70   121.34
  74.10   117.43
  78.37   113.04
  82.64   108.64
  86.67   104.13
  89.72    98.63
  92.90    93.99
  95.34    88.87
  97.90    83.86
  99.12    79.59
 101.07    74.83
 103.03    70.68
 104.13    66.65
 105.22    62.38
 106.57    58.72
 108.28    55.42
 109.50    52.00
 111.21    48.83
 112.79    44.92
 114.50    41.26
 116.21    37.84
 117.80    34.42
 120.00    30.76
 122.07    27.59
 124.15    23.68
 125.98    20.14
 128.78    16.24
 131.71    11.96
 134.28     7.32
 137.94     1.46
 141.36    -4.88
 144.04   -11.72
 147.34   -20.51
 149.54   -28.56
 150.76   -38.82
 150.88   -49.19
 149.90   -59.33
 146.73   -69.70
 143.80   -80.08
 139.04   -89.97
 133.67   -99.12
 127.81  -107.91
 120.48  -116.82
 112.79  -124.51
 104.49  -132.08
  94.73  -138.79
  85.08  -145.75
  74.83  -150.51
  63.96  -154.66
  52.49  -157.71
  41.02  -159.55
  28.32  -160.64
  17.09  -159.18
   6.59  -157.35
  -2.81  -154.79
 -12.08  -151.73
 -20.75  -148.19
 -28.56  -144.29
 -36.74  -139.89
 -44.19  -134.28
 -50.90  -128.42
 -55.54  -123.17
 -59.20  -118.29
 -62.74  -113.53
 -66.04  -109.01
 -69.34  -104.98
 -72.88  -100.95
 -76.29   -96.92
 -79.59   -93.63
 -83.01   -89.72
 -85.69   -85.57
 -89.11   -81.30
 -91.19   -76.42
 -93.26   -71.90
 -95.46   -67.02
 -97.53   -63.35
 -99.12   -59.20
-100.10   -54.93
-101.44   -51.51
-102.17   -47.73
-102.78   -44.31
-103.88   -40.89
-105.22   -37.11
-107.06   -34.18
-108.03   -31.37
-109.38   -28.44
-111.08   -24.78
-113.16   -21.61
-114.75   -18.31
-116.82   -14.28
-118.53   -10.86
-120.85    -7.20
-123.05    -3.42
-125.49     1.34
-127.93     5.37
-130.49    11.72
-133.42    17.70
-136.60    24.05
-139.16    31.62
-140.99    39.92
-142.33    49.56
-142.82    59.94
-142.09    70.68
-139.40    82.03
-135.25    93.63
-129.76   104.00
-122.19   114.75
-113.65   124.63
-103.88   132.32
 -93.14   139.28
 -82.89   144.53
 -71.90   148.19
 -60.91   151.12
 -50.54   153.08
 -40.41   154.66
 -30.40   155.15
 -20.02   155.76
 -11.47   154.66
  -2.32   153.81
   6.84   151.37
  16.60   149.29
  25.02   146.24
  33.33   142.58
  40.28   138.55
  47.24   133.79
  53.59   128.54
  59.45   123.78
  64.94   118.77
  69.70   113.28
  73.36   108.03
  76.90   102.78
  79.59    97.78
  82.28    93.38
  85.08    88.75
  87.28    83.62
  89.84    79.96
  92.04    75.32
  93.87    71.04
  95.46    67.26
  96.68    62.62
  97.78    59.08
  98.88    55.18
 100.34    51.51
 101.44    47.49
 102.54    43.95
 103.76    40.89
 104.61    37.48
 105.83    34.67
 106.57    31.98
 108.28    29.05
 109.62    26.49
 111.69    22.95
 114.26    19.53
 116.33    15.50
 119.38    11.72
 121.46     7.20
 123.54     2.69
 125.24    -2.20
 127.08    -7.81
 128.66   -14.04
 130.13   -20.39
 131.59   -26.61
 132.32   -33.20
 133.30   -40.65
 133.30   -47.85
 133.67   -55.54
 133.06   -63.96
 132.32   -72.63
 130.62   -82.28
 127.69   -91.43
 124.27  -102.05
 119.02  -112.06
 112.06  -122.07
 103.76  -131.71
  93.51  -140.14
  82.64  -147.71
  71.04  -153.81
  58.84  -157.59
  47.00  -160.28
  34.91  -161.74
  23.32  -162.23
  11.72  -161.62
   1.10  -159.91
  -9.03  -157.35
 -18.92  -154.42
 -27.83  -150.51
 -35.77  -146.00
 -43.70  -140.99
 -50.66  -136.72
 -56.88  -132.20
 -62.87  -127.81
 -68.60  -123.66
 -74.10  -118.90
 -79.35  -113.77
 -84.72  -108.76
 -89.11  -102.54
 -93.51   -96.31
 -96.56   -90.09
 -99.37   -84.47
-101.81   -77.64
-103.64   -72.88
-105.22   -67.63
-107.30   -62.50
-108.03   -57.37
-109.62   -52.61
-110.47   -47.61
-110.47   -43.21
-110.47   -38.33
-110.72   -34.42
-110.84   -30.64
-111.45   -26.98
-111.82   -24.29
-112.79   -20.51
-113.28   -17.09
-114.14   -13.43
-114.62    -9.52
-115.60    -6.59
-116.21    -3.42
-117.31     0.24
-118.90     3.91
-119.87     6.71
-121.34    10.86
-122.80    16.11
-125.00    20.75
-126.34    25.76
-127.81    31.62
-129.64    37.84
-131.10    44.56
-131.84    51.51
-132.45    58.72
-132.20    66.77
-132.57    75.07
-131.23    83.74
-129.15    93.38
-126.46   103.39
-122.56   114.01
-116.58   124.51
-109.13   135.25
-100.95   145.26
 -91.06   154.17
 -79.47   162.84
 -67.50   169.07
 -54.93   174.44
 -41.63   177.86
 -27.10   179.44
 -13.67   179.44
  -0.24   178.59
  11.47   176.15
  23.44   172.49
  34.42   168.46
  44.43   163.21
  53.83   157.71
  62.13   151.98
  69.70   145.87
  77.15   139.53
  83.62   133.18
  88.87   127.08
  93.75   120.85
  97.90   114.87
 102.78   108.40
 106.93   101.81
 110.72    95.83
 114.50    88.75
 117.55    82.28
 120.36    74.95
 121.46    68.12
 123.05    60.67
 123.66    54.32
 123.41    48.83
 123.29    43.46
 122.80    38.33
 122.68    33.45
 122.56    28.56
 122.44    24.41
 122.92    20.39
 122.80    16.48
 122.19    11.84
 121.95     8.06
 122.80     4.27
 122.80     0.37
 123.29    -4.15
 123.41    -7.93
 123.41   -11.84
 123.54   -15.26
 123.78   -20.14
 123.66   -24.66
 124.51   -29.54
 125.37   -33.81
 125.37   -38.70
 125.85   -43.58
 125.98   -49.32
 125.73   -55.18
 125.49   -61.52
 125.24   -67.87
 124.76   -74.46
 123.66   -82.03
 122.44   -90.21
 120.12   -97.66
 117.19  -105.35
 113.77  -114.26
 109.50  -123.05
 104.98  -132.45
  99.12  -141.36
  92.29  -150.15
  83.74  -159.55
  73.85  -167.97
  62.13  -175.54
  49.93  -182.50
  35.77  -187.74
  21.36  -191.65
   6.23  -194.34
  -9.40  -194.21
 -24.41  -192.99
 -39.18  -190.19
 -53.59  -185.18
 -66.28  -179.57
 -78.49  -172.36
 -89.11  -164.31
 -98.63  -155.03
-106.81  -146.24
-113.89  -137.08
-120.00  -128.30
-125.12  -119.02
-129.64  -110.23
-133.18  -101.93
-136.11   -93.99
-138.92   -85.57
-141.60   -78.37
-143.43   -69.58
-145.39   -61.77
-146.73   -53.71
-147.58   -46.14
-147.95   -38.33
-147.46   -31.13
-146.97   -24.29
-145.39   -17.46
-143.92   -10.86
-142.94    -4.88
-140.99     0.37
-139.04     4.64
-138.06     9.64
-136.84    14.04
-136.11    18.19
-135.01    22.71
-134.28    26.73
-133.67    31.86
-133.54    36.62
-132.93    41.99
-131.59    47.12
-129.88    52.25
-127.93    57.74
-126.10    62.74
-124.51    67.26
-122.92    72.51
-121.46    76.90
-120.61    82.52
-118.65    88.01
-116.70    93.87
-114.14   100.10
-111.57   105.96
-108.64   112.92
-104.98   119.75
-101.32   126.46
 -97.29   133.30
 -92.29   140.14
 -87.04   147.58
 -80.57   154.17
 -74.34   161.87
 -66.28   168.58
 -57.98   176.15
 -48.58   183.35
 -37.48   190.06
 -25.88   195.80
 -12.70   200.56
   1.83   204.59
  17.09   206.79
  32.84   207.52
  48.46   206.42
  65.06   203.13
  80.32   198.49
  94.97   191.89
 109.13   183.72
 122.07   174.93
 133.54   164.06
 143.07   153.44
 152.34   141.97
 159.79   129.88
 166.14   116.58
 170.41   104.49
 174.44    92.29
 176.39    80.44
 177.61    68.97
 178.47    57.62
 178.22    47.12
 177.49    37.48
 177.12    27.71
 175.05    18.43
 173.46     9.28
 170.65     0.73
 167.97    -7.32
 165.16   -15.14
 160.77   -21.97
 157.71   -28.69
 153.93   -34.91
 149.05   -39.92
 146.00   -45.29
 142.46   -49.44
 138.67   -53.96
 135.62   -57.86
 133.30   -62.01
 130.25   -65.80
 128.30   -69.46
 125.98   -73.85
 123.90   -78.00
 120.85   -82.40
 119.14   -87.52
 116.70   -92.77
 113.65   -97.66
 110.47  -102.91
 107.42  -108.40
 103.76  -113.53
  99.98  -118.77
  95.95  -124.39
  91.80  -129.64
  87.04  -134.89
  81.67  -140.63
  76.29  -146.61
  70.19  -152.10
  62.87  -157.71
  56.27  -163.09
  48.46  -168.58
  40.16  -173.10
  30.88  -177.61
  21.73  -182.01
  11.72  -185.79
   0.85  -189.45
  -9.89  -192.50
 -22.09  -194.82
 -35.28  -196.41
 -49.32  -196.66
 -63.48  -195.92
 -77.88  -193.24
 -92.65  -189.21
-106.81  -183.59
-120.12  -177.00
-133.67  -168.70
-146.36  -158.57
-157.10  -148.07
-167.36  -136.60
-176.03  -124.51
-182.74  -110.60
-188.72   -97.29
-192.99   -83.98
-196.17   -69.46
-197.88   -56.27
-198.24   -42.97
-197.14   -30.15
-195.92   -17.82
-193.48    -5.86
-190.19     4.27
-187.01    14.16
-183.23    23.07
-178.59    32.47
-174.07    40.04
-169.31    47.97
-163.70    55.18
-158.33    61.16
-153.44    67.38
-147.95    72.39
-142.94    77.39
-137.33    81.18
-132.57    85.57
-128.05    88.87
-123.66    92.65
-119.38    96.31
-115.84    99.73
-112.30   102.91
-108.52   106.32
-105.47   109.99
-101.56   113.53
 -98.63   118.29
 -95.21   121.46
 -91.55   126.83
 -87.28   130.98
 -82.89   135.74
 -78.61   140.50
 -73.49   145.75
 -68.12   149.90
 -62.26   154.91
 -56.03   159.55
 -49.19   164.18
 -42.72   169.19
 -34.06   173.71
 -26.00   178.47
 -16.24   181.52
  -6.47   185.55
   3.05   188.60
  13.92   191.04
  24.78   193.36
  36.50   194.21
  48.34   195.31
  60.91   195.07
  74.22   193.97
  88.99   191.28
 102.54   187.38
 117.55   181.64
 131.10   174.32
 144.29   164.79
 156.01   154.54
 166.99   143.43
 174.93   131.96
 183.96   119.87
 190.55   107.91
 197.27    94.48
 201.90    81.54
 205.20    67.26
 208.25    52.86
 208.98    38.70
 209.23    25.02
 207.03    11.96
 204.83    -0.73
 201.66   -12.57
 197.63   -23.93
 193.60   -35.28
 188.48   -44.68
 182.62   -54.08
 177.00   -62.62
 170.29   -70.56
 163.45   -77.39
 157.10   -83.98
 149.90   -89.48
 143.43   -94.60
 137.08   -99.61
 130.86  -103.52
 125.12  -106.57
 119.02  -111.21
 113.53  -114.14
 108.03  -117.43
 103.15  -120.48
  98.51  -123.66
  93.14  -126.46
  88.75  -129.52
  84.11  -133.54
  78.74  -136.47
  73.85  -140.26
  68.60  -143.68
  62.74  -147.46
  57.01  -150.88
  50.78  -154.91
  44.19  -157.96
  37.35  -161.01
  30.88  -163.94
  23.44  -167.24
  15.63  -170.04
   7.32  -172.85
  -0.61  -174.80
 -10.38  -176.64
 -19.65  -178.83
 -29.91  -179.93
 -40.28  -180.18
 -51.03  -180.54
 -62.62  -179.81
 -73.85  -178.34
 -85.45  -176.88
 -97.05  -173.22
-108.89  -169.07
-121.22  -164.43
-133.54  -157.71
-144.90  -150.51
-156.25  -141.60
-167.72  -131.59
-177.86  -120.36
-186.89  -107.54
-194.58   -93.51
-200.81   -79.59
-204.83   -65.06
-207.15   -50.05
-208.62   -36.50
-208.50   -21.73
-207.15    -8.06
-204.71     5.13
-201.42    17.58
-197.02    30.52
-191.53    41.50
-185.67    51.39
-178.96    61.28
-171.75    69.09
-164.92    76.54
-158.08    82.28
-151.73    88.01
-145.39    93.75
-139.53    99.12
-133.06   104.25
-127.44   109.50
-120.73   114.14
-113.89   118.16
-106.81   122.31
 -99.49   125.49
 -93.02   128.30
 -86.30   130.37
 -80.44   132.45
 -73.12   134.16
 -67.87   135.50
 -62.26   137.45
 -57.13   138.92
 -51.27   140.14
 -45.78   141.72
 -40.28   143.92
 -34.55   145.39
 -28.93   146.97
 -22.46   148.68
 -17.09   149.90
 -10.62   151.25
  -3.42   152.10
   3.05   152.59
   9.52   153.20
  16.48   153.44
  22.95   153.44
  29.79   153.32
  36.38   153.32
  43.46   152.95
  51.51   152.22
  58.72   152.34
  67.26   151.49
  76.05   150.02
  84.96   147.95
  93.63   145.51
 103.15   142.70
 112.55   138.43
 122.80   133.54
 132.69   127.69
 141.72   120.97
 150.88   112.92
 159.30   104.25
 167.60    94.48
 174.93    84.11
 181.76    73.00
 187.13    60.79
 191.41    47.00
 194.34    32.71
 195.92    18.31
 195.07     4.52
 192.99    -9.28
 189.21   -22.46
 184.20   -33.81
 178.83   -44.68
 172.61   -54.69
 165.65   -63.84
 157.96   -71.29
 150.27   -78.13
 142.46   -83.86
 135.50   -88.50
 128.42   -91.92
 122.44   -95.34
 117.92   -98.27
 113.28  -101.68
 108.76  -105.59
 105.10  -110.60
  99.85  -114.99
  94.48  -120.48
  88.13  -125.73
  81.30  -129.88
  72.39  -133.79
  63.84  -136.96
  55.79  -138.67
  46.88  -140.01
  38.82  -140.14
  31.25  -139.28
  24.41  -138.67
  17.70  -137.33
  12.08  -135.86
   6.59  -134.77
   2.08  -134.52
  -2.69  -133.18
  -7.69  -132.69
 -12.57  -132.93
 -17.70  -132.57
 -23.80  -131.71
 -29.54  -131.35
 -34.79  -130.00
 -40.89  -128.91
 -46.39  -127.44
 -51.88  -125.98
 -57.25  -124.76
 -62.62  -122.92
 -68.12  -121.34
 -73.61  -119.75
 -79.96  -117.43
 -86.18  -115.84
 -93.14  -113.53
-100.71  -110.60
-107.30  -106.81
-114.87  -102.78
-122.44   -98.27
-129.64   -93.02
-137.08   -85.57
-143.31   -79.22
-149.78   -71.29
-156.25   -62.26
-161.01   -52.86
-165.89   -43.46
-169.43   -32.84
-172.61   -21.97
-174.32   -10.74
-175.29     0.61
-174.68    13.18
-173.71    24.17
-170.90    36.38
-167.11    47.00
-162.48    57.86
-156.62    67.02
-150.02    76.05
-143.19    84.35
-135.62    91.06
-127.93    97.05
-120.48   102.42
-112.79   106.57
-105.10   109.74
 -98.02   112.67
 -91.67   115.23
 -85.69   116.82
 -80.44   119.63
 -75.07   122.92
 -69.82   125.73
 -64.33   129.52
 -58.11   133.06
 -51.27   135.62
 -43.09   138.67
 -33.94   140.38
 -25.15   141.85
 -15.99   141.48
  -7.20   140.14
   0.61   138.06
   7.81   134.64
  14.28   131.23
  19.17   128.17
  23.80   125.12
  27.83   122.07
  31.13   119.63
  34.42   117.55
  37.84   116.09
  41.50   114.87
  45.65   113.65
  49.68   112.55
  54.57   111.82
  59.33   110.35
  64.45   108.28
  69.70   106.32
  74.58   103.52
  80.32   100.46
  84.72    97.53
  89.60    94.48
  93.99    91.92
  98.88    87.89
 104.13    84.59
 109.01    80.20
 114.87    76.05
 120.73    71.04
 125.12    65.06
 130.98    58.35
 135.86    51.39
 139.53    43.95
 143.07    35.52
 145.87    27.71
 147.83    19.29
 149.17    10.38
 149.54     1.59
 149.78    -6.96
 148.93   -16.36
 147.22   -25.51
 146.12   -34.18
 143.68   -43.09
 140.63   -51.27
 136.47   -59.33
 131.96   -67.38
 126.46   -74.71
 120.36   -81.30
 114.38   -87.16
 107.79   -92.65
 101.20   -97.66
  94.48  -101.44
  87.77  -105.22
  81.05  -107.79
  74.95  -110.60
  68.48  -112.43
  62.74  -114.75
  56.76  -116.70
  51.88  -118.77
  46.14  -120.97
  40.41  -122.92
  34.42  -125.24
  27.59  -127.08
  20.75  -129.15
  12.21  -130.13
   4.03  -130.25
  -4.64  -129.39
 -13.06  -127.32
 -20.75  -124.63
 -27.34  -121.34
 -33.33  -118.04
 -37.96  -114.01
 -42.24  -109.74
 -46.02  -106.81
 -48.95  -103.03
 -52.61  -100.10
 -55.91   -96.92
 -59.20   -94.97
 -62.62   -92.90
 -65.92   -90.45
 -70.43   -88.38
 -74.46   -86.06
 -78.49   -83.13
 -82.40   -79.96
 -86.79   -76.05
 -90.45   -72.63
 -94.36   -68.24
 -97.53   -64.09
-100.95   -59.33
-103.88   -55.18
-106.81   -50.42
-109.86   -45.65
-112.92   -41.02
-115.48   -35.77
-118.29   -30.15
-120.73   -24.90
-122.92   -18.80
-124.51   -12.57
-126.34    -5.13
-126.34     1.59
-126.71     8.91
-126.34    16.36
-124.88    23.32
-123.05    30.40
-120.73    36.74
-118.53    43.33
-115.84    49.44
-112.43    55.18
-109.13    60.42
-106.08    66.04
-101.68    71.66
 -97.41    76.90
 -93.75    81.54
 -88.99    85.94
 -84.11    90.09
 -78.25    94.24
 -72.63    97.53
 -67.02   100.59
 -61.04   103.27
 -55.30   105.59
 -49.68   107.30
 -44.31   109.25
 -38.94   110.11
 -33.57   110.96
 -28.32   112.30
 -23.44   113.53
 -17.58   114.75
 -11.96   115.84
  -6.23   116.46
   0.49   117.07
   7.20   116.58
  13.67   115.97
  19.78   114.62
  26.61   111.94
  32.71   109.25
  37.72   106.20
  42.85   103.64
  46.39   100.46
  50.66    97.05
  54.20    93.99
  57.37    91.31
  61.65    88.50
  64.82    85.21
  67.99    82.89
  71.78    79.96
  75.20    76.90
  78.86    73.85
  82.03    70.19
  86.79    66.65
  90.09    62.62
  92.65    58.35
  95.46    53.83
  98.39    48.58
 100.71    43.46
 102.66    38.45
 104.61    33.57
 106.20    28.69
 107.30    23.80
 108.28    18.92
 109.01    13.67
 109.99     8.42
 110.35     3.30
 110.84    -2.69
 110.96    -7.93
 110.35   -14.65
 109.62   -20.26
 108.64   -26.12
 106.81   -31.98
 104.25   -37.23
 101.32   -42.11
  98.14   -47.24
  95.21   -51.64
  92.04   -56.03
  88.62   -59.94
  85.45   -63.96
  82.15   -67.63
  78.49   -71.17
  75.44   -74.83
  71.41   -78.13
  67.26   -81.30
  63.35   -84.84
  58.59   -87.77
  53.83   -91.06
  48.71   -93.02
  44.19   -95.46
  39.18   -97.17
  33.94   -98.63
  29.17   -99.49
  23.44  -100.59
  18.80  -102.17
  13.67  -102.42
   8.42  -103.03
   3.78  -103.52
  -2.08  -103.64
  -7.08  -103.39
 -12.82  -103.27
 -18.80  -102.42
 -24.05  -101.07
 -30.15   -99.61
 -35.16   -97.29
 -40.28   -94.73
 -45.17   -91.80
 -49.19   -88.38
 -53.34   -86.18
 -56.76   -82.40
 -60.06   -79.22
 -63.72   -77.15
 -66.77   -74.46
 -70.19   -71.04
 -73.24   -68.12
 -76.54   -65.06
 -79.71   -61.89
 -83.01   -58.11
 -85.69   -54.57
 -89.36   -50.05
 -91.43   -46.26
 -94.36   -41.87
 -96.68   -37.23
 -98.63   -32.35
-100.34   -27.59
-101.93   -21.85
-103.52   -17.09
-104.37   -11.96
-105.22    -6.59
-105.59    -1.71
-105.71     3.42
-105.71     9.52
-105.10    14.77
-104.37    20.02
-103.15    25.88
-101.93    31.25
-100.10    37.11
 -97.78    42.48
 -95.34    47.49
 -91.67    51.51
 -88.50    56.03
 -84.11    60.55
 -80.81    63.60
 -76.66    67.50
 -73.12    70.07
 -69.34    73.12
 -65.55    75.56
 -61.77    77.39
 -58.35    79.47
 -54.57    82.03
 -51.03    83.86
 -47.73    85.82
 -44.07    88.26
 -40.53    90.33
 -36.50    92.77
 -31.86    95.09
 -27.59    96.92
 -22.95    98.27
 -17.58    99.49
 -12.21   100.83
  -7.81   101.56
  -1.95   102.17
   3.17   102.54
   8.67   102.66
  13.43   102.17
  19.17   101.44
  24.90   100.95
  30.15    98.88
  35.77    96.44
  41.26    93.99
  46.26    91.55
  50.90    88.62
  55.05    85.21
  59.08    82.03
  62.38    78.98
  65.06    75.20
  68.48    72.02
  71.53    67.99
  74.34    64.94
  77.27    61.65
  79.83    58.35
  82.64    54.44
  84.72    51.03
  87.89    46.88
  89.36    42.36
  91.55    38.33
  93.75    34.06
  95.46    29.42
  96.80    25.39
  97.90    20.39
  99.24    15.63
  99.73    11.35
 100.10     6.71
 100.34     1.71
 100.10    -2.69
 100.22    -7.57
  99.61   -12.33
  99.73   -16.85
  99.12   -22.22
  98.02   -27.34
  96.92   -31.86
  95.58   -37.11
  94.12   -42.48
  91.31   -48.10
  88.50   -53.10
  85.94   -57.74
  82.64   -61.89
  79.10   -66.28
  74.83   -70.07
  70.80   -73.61
  65.80   -77.15
  61.40   -80.20
  56.64   -82.76
  51.76   -85.21
  46.75   -87.52
  42.11   -89.36
  37.84   -90.58
  33.33   -91.92
  28.81   -92.77
  24.54   -93.51
  19.65   -93.99
  14.65   -94.36
  10.74   -95.46
   6.47   -96.19
   1.34   -96.80
  -2.32   -96.56
  -7.32   -97.53
 -12.57   -96.92
 -17.33   -96.19
 -22.58   -95.83
 -27.95   -95.09
 -33.20   -93.87
 -38.70   -92.41
 -43.82   -90.21
 -49.44   -87.52
 -53.59   -83.98
 -58.35   -81.05
 -62.38   -77.39
 -65.80   -73.36
 -69.34   -69.58
 -72.75   -66.04
 -75.56   -62.01
 -78.00   -58.35
 -81.18   -54.57
 -82.64   -50.90
 -85.21   -47.00
 -87.04   -43.09
 -89.11   -39.31
 -91.06   -35.28
 -92.90   -30.40
 -94.85   -26.00
 -96.07   -21.12
 -96.68   -15.87
 -97.90   -11.60
 -98.14    -7.32
 -98.39    -2.56
 -98.27     2.20
 -97.66     6.84
 -97.29    11.11
 -96.44    15.75
 -96.07    19.90
 -95.21    24.29
 -94.24    28.20
 -93.38    32.35
 -92.41    36.74
 -90.70    41.02
 -89.72    45.65
 -87.65    51.03
 -85.82    54.93
 -83.86    59.20
 -80.69    63.72
 -77.64    68.60
 -74.71    72.88
 -70.68    77.27
 -67.02    81.42
 -62.62    84.72
 -57.98    88.13
 -52.00    91.06
 -46.63    94.12
 -41.75    95.95
 -36.13    98.27
 -30.27    99.85
 -24.41   100.95
 -19.90   101.44
 -14.16   101.93
  -9.03   101.44
  -3.78   101.20
   1.34   101.07
   5.62   100.71
  10.50    99.73
  14.77    99.24
  19.17    98.14
  24.17    97.78
  28.69    95.95
  32.84    94.73
  37.96    93.14
  42.72    92.65
  48.10    90.21
  52.86    88.38
  57.25    85.94
  62.13    82.15
  67.02    79.47
  71.41    74.83
  75.32    71.04
  79.22    66.41
  82.03    62.38
  84.47    56.76
  86.55    52.73
  88.62    48.58
  90.45    44.19
  92.65    39.55
  93.63    34.06
  94.73    31.25
  95.58    25.76
  96.80    21.61
  99.49    15.87
  98.75    12.33
  99.37     6.59
  98.88     2.20
  99.61    -1.83
  98.75    -6.35
  97.78   -10.74
  97.53   -15.26
  96.31   -20.14
  94.85   -23.93
  93.75   -28.93
  92.65   -32.47
  90.94   -37.72
  88.99   -40.65
  87.52   -45.17
  85.08   -48.95
  83.62   -53.22
  80.81   -56.76
  79.35   -60.79
  76.42   -64.70
  73.24   -69.09
  69.95   -73.12
  66.89   -77.03
  62.62   -80.93
  59.20   -84.59
  53.96   -88.13
  50.17   -91.31
  44.43   -94.85
  38.94   -97.41
  32.96   -99.24
  28.08  -101.07
  22.09  -102.78
  15.75  -103.52
  10.50  -104.00
   3.66  -104.00
  -1.71  -104.25
  -7.20  -103.52
 -13.55  -102.29
 -18.80  -101.07
 -24.17   -99.37
 -28.81   -97.29
 -33.20   -95.34
 -38.33   -93.75
 -42.24   -92.04
 -46.26   -89.97
 -50.78   -88.01
 -55.30   -85.69
 -58.72   -83.50
 -63.48   -80.44
 -68.60   -78.25
 -72.75   -75.32
 -77.51   -71.66
 -81.91   -67.75
 -86.30   -63.35
 -90.70   -58.84
 -93.38   -53.22
 -96.07   -47.49
 -99.00   -41.26
-100.59   -36.25
-101.68   -30.52
-102.54   -24.90
-103.03   -19.29
-103.52   -14.04
-103.15    -9.03
-103.39    -4.03
-102.91     0.85
-102.42     5.13
-102.05    10.50
-100.95    14.53
-100.10    19.17
 -99.24    23.93
 -97.53    28.08
 -95.83    32.71
 -94.36    36.99
 -92.90    41.02
 -90.45    44.92
 -88.26    49.07
 -86.06    52.98
 -83.74    56.52
 -81.67    60.42
 -78.74    63.60
 -76.42    67.38
 -74.10    70.80
 -70.31    74.58
 -67.50    78.98
 -64.33    82.28
 -60.67    86.06
 -57.13    89.72
 -52.37    93.02
 -47.97    96.44
 -42.60    99.37
 -37.23   102.17
 -32.23   104.86
 -25.88   106.57
 -20.14   108.28
 -13.92   109.25
  -7.57   110.23
  -1.46   110.60
   5.49   109.86
  11.35   109.62
  17.94   108.15
  23.80   106.69
  29.05   104.25
  34.79   103.15
  39.55   100.34
  44.80    97.41
  49.07    94.73
  53.59    92.04
  57.74    88.87
  61.89    85.69
  65.19    82.40
  68.36    79.47
  72.27    76.42
  75.81    73.24
  79.22    70.07
  82.89    66.77
  86.43    63.35
  90.09    59.08
  93.51    55.05
  96.31    50.54
  99.98    46.26
 102.66    41.02
 105.10    35.28
 107.30    29.17
 108.64    23.56
 110.11    17.21
 110.60    11.35
 110.72     4.27
 110.72    -0.98
 110.47    -6.84
 109.38   -12.57
 108.28   -17.70
 106.81   -23.93
 104.86   -28.56
 102.91   -33.33
 100.46   -39.18
  97.41   -43.82
  94.73   -48.34
  92.41   -52.86
  88.38   -55.91
  85.33   -60.55
  82.28   -63.60
  78.25   -67.26
  75.44   -70.68
  72.51   -74.10
  68.97   -76.78
  65.31   -79.71
  62.50   -83.25
  58.23   -85.82
  54.93   -88.87
  50.66   -91.43
  46.88   -94.73
  41.75   -97.53
  37.48  -100.22
  32.71  -102.91
  26.61  -104.74
  21.00  -107.06
  15.50  -109.25
   9.03  -110.11
   2.44  -110.96
  -3.78  -111.21
 -10.62  -110.84
 -16.60  -111.08
 -23.07  -109.74
 -29.66  -107.91
 -36.13  -106.57
 -42.85  -104.00
 -48.46  -100.59
 -53.59   -97.78
 -58.96   -93.75
 -64.21   -90.58
 -68.36   -86.67
 -72.51   -82.64
 -76.05   -78.49
 -79.22   -74.10
 -82.89   -69.58
 -85.82   -65.67
 -88.99   -61.52
 -91.31   -57.62
 -94.12   -53.10
 -96.44   -48.22
 -99.37   -43.95
-101.44   -39.55
-103.64   -34.55
-105.83   -30.27
-107.54   -24.78
-108.76   -19.41
-110.23   -14.04
-110.60    -7.93
-111.69    -2.20
-111.33     3.17
-111.57     9.16
-111.57    14.89
-110.72    21.12
-109.25    26.49
-107.67    31.74
-105.83    37.23
-104.00    42.60
-101.44    47.12
 -99.12    52.61
 -96.56    57.01
 -92.65    61.65
 -89.48    66.53
 -86.06    70.56
 -82.03    74.58
 -78.37    78.74
 -74.58    82.03
 -70.43    85.21
 -66.28    88.62
 -62.01    91.43
 -57.37    94.60
 -53.22    97.53
 -48.58    99.49
 -43.95   102.17
 -39.31   104.86
 -34.06   106.69
 -28.69   108.76
 -23.44   110.60
 -17.82   111.82
 -11.84   113.77
  -6.47   114.62
   0.61   115.60
   6.47   116.21
  12.57   115.60
  18.92   115.60
  26.00   115.11
  32.23   113.65
  39.06   111.94
  45.29   109.01
  51.88   107.18
  58.47   103.39
  63.96    99.61
  69.95    95.70
  74.95    91.19
  79.83    86.67
  83.86    82.03
  88.13    76.90
  90.94    71.90
  94.48    66.65
  96.80    61.40
  99.85    55.79
 102.05    50.29
 104.00    45.78
 104.86    40.28
 106.93    34.67
 108.03    29.42
 108.89    24.78
 109.50    19.53
 110.60    14.04
 110.72     9.52
 111.21     3.91
 111.33    -1.59
 110.60    -6.35
 110.60   -12.08
 110.11   -17.21
 109.01   -22.58
 107.42   -27.59
 106.20   -33.45
 104.37   -38.57
 102.17   -43.46
  99.85   -48.71
  97.41   -53.22
  94.73   -57.25
  91.43   -62.26
  88.62   -67.02
  85.08   -70.68
  81.67   -75.44
  77.76   -79.47
  73.49   -83.50
  69.21   -86.79
  64.70   -90.21
  60.06   -93.38
  55.42   -96.56
  50.17   -99.61
  45.41  -101.44
  40.41  -104.49
  35.28  -106.45
  29.66  -108.15
  23.93  -110.11
  18.07  -112.06
  12.57  -112.92
   6.10  -113.65
   0.24  -114.50
  -5.98  -115.11
 -12.33  -115.11
 -18.68  -114.38
 -25.39  -114.50
 -32.59  -113.28
 -39.31  -111.69
 -45.41  -109.99
 -52.00  -107.30
 -58.72  -104.25
 -65.19  -100.59
 -71.17   -97.41
 -76.54   -92.29
 -82.28   -87.40
 -87.40   -82.28
 -91.43   -76.42
 -95.46   -71.29
 -98.63   -65.67
-101.81   -59.45
-104.86   -53.47
-106.93   -47.85
-108.52   -42.36
-110.35   -35.40
-111.33   -30.40
-112.06   -24.29
-112.06   -18.55
-112.06   -12.70
-112.18    -7.08
-112.18    -1.46
-111.45     3.42
-110.72     9.16
-110.23    13.79
-108.76    18.92
-107.67    23.80
-106.20    28.93
-104.37    34.30
-102.54    38.33
-100.22    43.46
 -97.41    47.97
 -95.09    52.00
 -92.65    56.76
 -89.84    60.42
 -86.79    64.09
 -83.86    68.60
 -80.93    71.78
 -77.39    75.32
 -74.22    79.35
 -70.56    83.13
 -66.65    86.18
 -62.74    89.72
 -58.47    92.41
 -53.71    95.34
 -49.19    98.63
 -44.68   101.44
 -39.67   103.03
 -34.55   105.83
 -29.05   107.67
 -24.05   109.38
 -18.43   110.72
 -12.94   111.21
  -6.47   112.92
  -1.10   113.16
   4.76   113.53
  10.74   114.01
  16.36   113.53
  22.71   114.01
  28.44   112.55
  35.28   111.21
  41.26   110.47
  47.73   108.40
  54.32   106.08
  60.67   103.76
  66.53   100.22
  73.12    96.80
  79.35    92.41
  84.84    87.40
  90.58    82.28
  95.34    76.17
  99.37    69.95
 103.03    63.96
 106.20    56.88
 108.89    50.17
 110.84    43.21
 111.69    36.99
 112.43    29.91
 112.55    24.17
 112.30    17.70
 111.57    11.96
 110.60     6.10
 109.86     0.61
 108.64    -4.64
 107.54    -9.40
 106.08   -14.04
 105.35   -18.80
 103.64   -23.32
 101.32   -27.59
  99.73   -31.49
  97.53   -35.64
  95.21   -40.04
  93.14   -44.19
  90.82   -48.58
  87.65   -52.73
  85.69   -56.40
  82.76   -60.30
  79.83   -63.35
  76.54   -66.77
  73.12   -70.07
  69.70   -72.88
  66.16   -75.81
  63.11   -78.74
  59.45   -81.67
  55.54   -84.72
  52.00   -87.04
  48.22   -89.84
  43.46   -92.29
  39.18   -94.85
  35.03   -97.66
  30.15   -99.73
  25.51  -101.44
  20.63  -102.91
  15.14  -104.37
   9.77  -105.59
   3.78  -106.69
  -2.20  -106.69
  -7.81  -107.06
 -13.31  -107.18
 -19.65  -107.30
 -25.63  -106.57
 -31.13  -105.83
 -36.50  -104.13
 -43.21  -102.91
 -48.71  -100.83
 -54.20   -98.02
 -60.42   -95.21
 -65.80   -92.29
 -72.27   -89.11
 -77.88   -85.08
 -82.89   -81.05
 -87.89   -77.03
 -93.02   -71.29
 -96.56   -65.92
-101.07   -60.06
-104.49   -53.71
-107.54   -47.36
-110.60   -40.41
-112.55   -33.57
-114.26   -26.37
-114.01   -19.41
-113.89   -12.33
-113.65    -5.74
-112.30     0.37
-110.47     7.08
-108.76    11.96
-107.18    17.94
-104.13    22.71
-101.32    27.22
 -99.37    31.25
 -96.56    35.28
 -93.63    39.06
 -91.31    41.87
 -88.87    44.68
 -86.79    48.22
 -84.72    50.90
 -82.76    54.32
 -79.71    57.74
 -77.76    60.79
 -76.05    64.09
 -73.49    67.63
 -70.68    70.68
 -67.38    74.10
 -64.58    77.39
 -61.04    79.96
 -57.25    83.62
 -53.10    85.94
 -49.68    88.87
 -45.41    91.19
 -40.77    93.26
 -36.87    96.19
 -33.20    98.51
 -28.20   100.22
 -23.19   102.05
 -18.31   104.13
 -13.31   105.22
  -8.06   106.81
  -2.20   107.18
   2.69   108.03
   9.16   108.40
  15.14   108.52
  20.51   108.28
  26.73   106.93
  32.35   106.57
  38.57   105.35
  44.19   103.03
  50.05   100.95
  55.79    98.75
  61.40    96.19
  66.41    92.53
  71.90    88.87
  77.27    85.82
  82.28    81.67
  86.91    77.15
  91.80    72.63
  95.83    67.99
  99.49    62.38
 103.52    56.52
 107.30    50.78
 110.47    44.56
 112.92    37.72
 115.11    30.88
 116.58    23.80
 117.68    16.85
 117.80     9.52
 117.55     2.20
 116.94    -4.52
 115.72   -11.47
 113.16   -18.43
 111.08   -24.29
 108.03   -29.91
 104.25   -35.64
 100.83   -40.16
  97.29   -44.80
  93.63   -49.07
  90.09   -52.61
  85.57   -55.79
  82.03   -58.72
  78.49   -60.91
  74.71   -63.72
  71.66   -66.28
  68.36   -68.60
  65.19   -70.68
  62.87   -72.88
  59.81   -74.95
  57.13   -77.51
  53.96   -79.59
  50.66   -82.15
  47.36   -85.08
  43.95   -87.77
  39.79   -89.84
  36.13   -92.04
  31.86   -94.36
  27.10   -95.83
  22.83   -97.17
  17.33   -99.49
  12.94  -100.83
   8.42  -101.81
   2.81  -102.78
  -1.83  -103.88
  -7.20  -104.37
 -13.06  -104.74
 -19.65  -104.25
 -25.39  -104.74
 -31.74  -104.13
 -36.99  -102.66
 -43.21  -101.07
 -49.68   -98.88
 -55.42   -96.56
 -61.40   -93.87
 -66.65   -90.82
 -72.39   -87.40
 -77.15   -83.25
 -82.15   -79.35
 -86.91   -74.58
 -91.31   -70.56
 -95.83   -65.06
 -98.75   -59.45
-103.39   -54.32
-105.83   -48.46
-109.25   -42.36
-111.82   -36.62
-114.26   -29.54
-116.09   -23.68
-117.55   -17.33
-118.41   -10.01
-119.14    -3.54
-118.77     3.66
-118.77    10.62
-117.80    17.82
-116.09    24.90
-114.38    32.10
-111.33    38.70
-108.15    44.68
-104.25    50.29
 -99.85    56.15
 -95.46    61.16
 -90.70    65.31
 -86.06    69.82
 -81.54    73.36
 -76.29    76.66
 -71.53    79.22
 -66.41    81.67
 -61.40    82.40
 -56.76    84.23
 -52.25    85.45
 -48.10    86.79
 -43.70    87.77
 -40.16    88.38
 -37.35    89.48
 -33.57    90.09
 -30.03    90.94
 -26.25    91.92
 -22.71    93.14
 -19.17    94.12
 -16.11    95.34
 -11.72    96.80
  -7.45    97.90
  -3.05    98.39
   1.59    98.88
   6.35    99.98
  11.23   100.46
  15.87   100.46
  20.51   100.46
  26.73   100.46
  31.01    99.49
  36.74    98.39
  41.87    97.17
  47.49    96.07
  53.34    94.24
  58.96    91.92
  63.84    89.11
  68.97    86.06
  74.34    82.52
  79.47    78.74
  84.35    75.07
  89.36    70.31
  93.26    65.19
  97.29    60.18
 100.83    54.44
 104.25    48.46
 106.93    42.85
 109.62    36.13
 111.82    30.03
 113.40    23.19
 114.62    17.21
 115.48    10.50
 116.09     3.91
 115.84    -2.69
 115.23    -9.03
 114.38   -15.63
 112.92   -22.09
 111.08   -28.56
 108.89   -35.28
 105.96   -41.50
 103.27   -47.61
 100.34   -52.98
  96.19   -58.23
  91.80   -63.60
  87.16   -67.87
  82.03   -73.00
  77.15   -76.42
  71.66   -79.96
  66.04   -82.89
  60.30   -85.82
  54.69   -87.16
  49.19   -88.62
  43.82   -89.48
  38.45   -90.45
  33.20   -91.55
  28.56   -91.43
  24.05   -91.19
  19.90   -91.31
  15.63   -91.06
  11.60   -90.33
   7.93   -89.84
   3.78   -89.72
   0.73   -89.11
  -2.56   -88.87
  -6.10   -88.75
  -9.64   -88.50
 -12.57   -87.52
 -16.85   -87.89
 -20.39   -87.52
 -23.80   -87.28
 -28.20   -86.67
 -32.10   -85.45
 -36.50   -85.21
 -41.26   -83.98
 -45.53   -82.89
 -50.42   -81.42
 -54.57   -79.59
 -59.81   -77.15
 -64.21   -74.58
 -68.73   -72.63
 -72.51   -69.09
 -77.03   -65.31
 -81.67   -62.13
 -85.69   -57.98
 -89.23   -53.96
 -92.65   -49.32
 -96.19   -44.68
 -99.61   -39.06
-102.29   -33.81
-104.37   -27.83
-105.96   -22.09
-108.15   -16.24
-109.50    -9.77
-109.62    -3.78
-109.86     2.81
-109.86     9.16
-109.74    15.75
-108.89    22.22
-106.93    28.32
-105.22    34.06
-102.91    39.92
-100.22    45.65
 -97.41    51.27
 -93.75    56.76
 -89.72    62.26
 -86.43    67.02
 -81.91    71.04
 -77.76    75.93
 -72.27    79.47
 -67.38    82.40
 -61.77    85.82
 -56.27    88.62
 -50.17    90.82
 -44.43    92.41
 -38.94    93.63
 -33.94    94.97
 -28.08    95.21
 -22.71    95.09
 -17.21    95.09
 -12.94    94.97
  -7.69    93.99
  -3.30    93.02
   1.10    92.41
   5.00    91.31
   8.42    89.97
  11.96    88.75
  15.75    87.52
  19.65    85.69
  23.07    84.96
  25.39    83.25
  28.69    82.28
  32.35    80.93
  35.28    80.44
  38.57    78.86
  41.50    77.64
  44.80    76.05
  48.46    74.58
  52.49    72.63
  55.91    71.41
  59.33    69.34
  63.23    67.50
  66.77    64.70
  70.56    61.89
  73.85    59.08
  77.15    55.66
  80.81    52.25
  84.72    48.58
  87.65    44.43
  91.06    40.16
  93.51    35.28
  95.83    30.52
  98.75    25.51
 100.46    19.65
 102.17    14.16
 103.27     8.79
 104.00     2.69
 104.86    -3.42
 104.25    -9.16
 104.25   -15.63
 102.29   -21.24
 102.05   -27.22
  99.61   -33.20
  97.90   -39.67
  94.85   -45.17
  92.29   -50.42
  88.87   -55.42
  84.96   -60.91
  81.18   -65.06
  75.93   -69.21
  71.90   -73.85
  67.26   -76.90
  62.38   -79.96
  57.25   -83.13
  51.51   -85.94
  46.14   -88.50
  39.92   -89.97
  35.03   -91.43
  28.93   -92.53
  23.56   -93.38
  18.55   -93.38
  12.94   -93.02
   7.69   -93.26
   2.44   -92.29
  -1.95   -91.55
  -6.71   -90.09
 -11.23   -88.87
 -15.63   -87.89
 -19.90   -85.82
 -23.68   -84.35
 -27.71   -82.15
 -31.25   -79.71
 -34.67   -77.51
 -37.48   -75.81
 -40.65   -73.49
 -43.95   -71.53
 -46.51   -69.70
 -49.32   -67.26
 -52.12   -65.92
 -54.32   -62.99
 -57.01   -60.79
 -60.06   -58.84
 -62.74   -56.15
 -65.43   -54.32
 -68.24   -52.25
 -70.68   -49.07
 -73.85   -46.51
 -75.93   -43.46
 -78.74   -40.16
 -81.42   -36.50
 -84.35   -33.45
 -86.55   -29.30
 -88.87   -25.15
 -90.70   -21.61
 -93.26   -16.11
 -94.24   -11.35
 -96.19    -6.59
 -97.17    -0.85
 -97.53     4.76
 -98.27    10.38
 -98.02    15.26
 -97.78    20.75
 -97.29    27.10
 -95.95    31.86
 -94.36    37.84
 -92.41    43.33
 -90.09    48.34
 -86.67    53.83
 -84.35    59.08
 -80.32    63.84
 -76.54    68.12
 -72.75    72.75
 -67.38    77.03
 -63.11    81.05
 -57.86    83.98
 -52.86    87.16
 -47.61    90.21
 -42.36    92.53
 -36.99    94.48
 -30.27    96.19
 -24.66    96.80
 -18.55    97.78
 -12.57    98.02
  -5.74    97.66
  -0.85    96.56
   4.76    95.95
  10.38    93.87
  14.89    92.65
  19.78    90.70
  24.54    88.13
  28.56    86.43
  32.10    83.62
  36.13    80.81
  39.18    78.00
  42.11    75.07
  45.17    72.88
  47.73    69.82
  50.66    67.50
  53.22    64.82
  55.42    62.38
  57.50    59.57
  59.94    57.01
  62.38    54.08
  64.45    51.39
  66.28    49.56
  68.12    47.12
  70.31    43.70
  72.39    40.77
  74.34    37.96
  76.05    35.03
  77.64    31.49
  80.08    28.20
  81.42    24.66
  83.01    21.48
  84.47    17.21
  85.94    13.06
  87.40     9.52
  88.01     5.49
  88.62     1.10
  89.97    -3.54
  90.09    -7.57
  90.21   -13.18
  90.09   -18.19
  89.36   -23.07
  89.60   -28.20
  87.16   -33.45
  86.30   -38.09
  84.59   -44.07
  82.28   -47.85
  79.22   -52.73
  76.05   -57.98
  73.49   -62.38
  68.97   -66.65
  65.31   -70.92
  60.42   -74.34
  55.79   -78.25
  50.90   -81.05
  46.39   -84.23
  40.77   -86.67
  35.52   -88.75
  30.40   -90.82
  24.66   -92.29
  19.04   -93.51
  12.45   -93.63
   6.96   -94.73
   0.61   -94.73
  -4.52   -93.87
 -10.38   -92.53
 -15.99   -91.67
 -21.48   -89.84
 -27.10   -87.52
 -31.98   -84.96
 -37.11   -82.15
 -41.38   -79.22
 -45.04   -75.56
 -49.32   -72.02
 -53.10   -68.73
 -55.18   -64.45
 -58.11   -60.79
 -59.81   -57.25
 -61.65   -53.96
 -63.84   -50.54
 -64.94   -46.51
 -66.04   -43.21
 -67.14   -40.41
 -68.48   -36.50
 -68.97   -34.30
 -70.07   -30.88
 -71.17   -28.32
 -72.02   -25.39
 -73.61   -22.46
 -74.10   -19.53
 -74.71   -17.09
 -76.05   -13.31
 -76.90   -11.23
 -77.88    -7.57
 -78.49    -4.52
 -78.98    -1.59
 -79.59     2.08
 -80.20     5.49
 -80.69     9.77
 -80.81    13.06
 -80.69    16.97
 -81.18    21.36
 -80.81    25.15
 -79.83    30.15
 -79.10    33.57
 -78.13    38.09
 -76.78    42.48
 -75.20    47.49
 -73.24    51.27
 -71.04    56.15
 -68.12    59.94
 -65.06    64.94
 -61.28    68.73
 -57.86    72.51
 -53.47    76.17
 -49.56    79.96
 -43.70    82.76
 -39.18    85.45
 -35.03    87.77
 -28.56    89.36
 -23.93    91.43
 -17.94    92.65
 -11.84    93.75
  -6.96    93.75
  -0.85    94.12
   4.76    94.24
  10.62    93.51
  16.72    92.41
  21.36    91.19
  27.71    88.62
  32.35    87.28
  37.23    84.84
  42.72    81.67
  46.75    78.61
  51.15    75.07
  55.30    71.41
  58.84    67.02
  62.13    63.23
  64.58    58.72
  67.63    53.71
  69.70    49.44
  71.17    44.92
  71.90    41.26
  73.49    36.50
  73.97    32.84
  74.34    28.44
  74.46    25.02
  74.71    21.00
  74.46    18.07
  74.71    15.26
  74.10    11.35
  73.73     8.67
  73.61     5.62
  73.36     2.69
  73.24    -0.73
  72.88    -2.32
  72.63    -5.49
  72.51    -8.30
  72.02   -11.60
  72.14   -14.28
  71.29   -17.09
  70.92   -21.24
  70.07   -23.93
  69.46   -27.47
  68.48   -31.01
  67.26   -33.94
  65.80   -37.60
  64.45   -40.04
  62.62   -44.07
  61.28   -47.12
  59.33   -50.42
  57.13   -53.47
  54.81   -56.64
  52.61   -60.42
  49.44   -63.11
  45.65   -66.65
  42.60   -70.19
  38.57   -72.75
  35.16   -75.68
  30.64   -78.37
  26.12   -80.57
  21.36   -82.40
  15.63   -83.86
  10.50   -85.21
   5.74   -86.18
  -0.12   -86.55
  -5.25   -86.91
 -11.11   -86.30
 -17.09   -86.06
 -21.97   -84.23
 -27.83   -82.76
 -33.08   -80.93
 -38.09   -78.61
 -42.85   -75.93
 -47.61   -72.75
 -51.64   -70.07
 -56.27   -66.04
 -60.06   -62.26
 -63.48   -58.72
 -66.53   -53.96
 -69.46   -49.44
 -71.04   -44.56
 -73.49   -39.92
 -75.68   -35.64
 -76.29   -30.76
 -77.51   -26.37
 -78.37   -21.36
 -78.25   -16.11
 -78.13   -12.45
 -77.51    -8.06
 -76.90    -3.91
 -76.05     0.37
 -75.32     3.30
 -73.61     6.71
 -72.63     9.77
 -71.78    13.06
 -69.58    15.87
 -68.73    18.80
 -67.50    21.24
 -65.67    23.93
 -64.70    26.00
 -63.48    28.69
 -62.13    30.76
 -61.77    33.57
 -59.94    35.89
 -58.47    37.96
 -57.13    40.89
 -55.54    43.95
 -53.83    46.51
 -52.00    48.71
 -49.80    51.51
 -47.73    54.44
 -45.29    56.76
 -43.33    59.20
 -40.04    61.52
 -37.60    63.96
 -34.42    65.67
 -31.74    67.75
 -28.20    69.82
 -24.78    72.39
 -20.75    73.00
 -16.97    74.95
 -13.43    76.05
  -8.79    77.88
  -4.76    78.25
   0.00    78.98
   4.39    79.35
   9.03    79.83
  13.92    78.86
  19.04    78.74
  24.17    77.88
  28.69    76.66
  32.59    75.20
  37.48    73.36
  42.11    70.19
  46.26    67.99
  50.54    65.43
  53.71    61.65
  58.11    58.11
  61.40    54.81
  64.82    50.54
  67.14    46.88
  69.95    41.87
  71.41    38.09
  73.73    33.45
  75.56    28.69
  76.42    24.05
  77.03    19.04
  77.51    14.04
  77.76     9.77
  77.51     3.54
  76.42     0.37
  75.93    -4.15
  74.58    -8.06
  73.00   -12.45
  71.17   -15.75
  69.46   -18.92
  67.38   -22.46
  64.33   -25.15
  62.38   -28.69
  59.81   -30.76
  57.98   -33.45
  55.30   -35.16
  52.86   -37.23
  50.66   -38.70
  48.83   -41.26
  46.14   -42.48
  44.56   -44.68
  42.24   -45.65
  40.89   -47.36
  37.96   -49.32
  36.01   -50.42
  33.57   -51.88
  31.01   -54.08
  28.81   -55.42
  26.49   -56.52
  23.32   -57.74
  21.00   -59.20
  17.46   -60.42
  15.01   -61.89
  11.72   -62.26
   8.18   -63.23
   5.13   -64.33
   1.83   -64.45
  -1.71   -64.70
  -5.37   -64.58
  -9.52   -65.06
 -13.06   -65.31
 -16.11   -64.09
 -19.90   -63.23
 -24.05   -62.74
 -28.32   -62.13
 -31.62   -60.30
 -35.40   -58.35
 -38.94   -56.64
 -42.48   -54.93
 -45.53   -52.12
 -49.32   -49.56
 -51.88   -46.75
 -54.69   -43.58
 -57.86   -40.16
 -60.42   -36.13
 -62.62   -32.47
 -64.21   -29.05
 -65.80   -24.66
 -67.26   -21.36
 -67.75   -17.33
 -68.12   -12.70
 -69.09    -9.16
 -69.09    -4.88
 -68.85    -0.98
 -68.97     2.81
 -68.60     7.32
 -67.75    10.86
 -66.28    14.16
 -65.06    18.31
 -63.48    22.09
 -61.40    25.15
 -59.45    28.44
 -56.88    31.13
 -55.18    34.30
 -52.25    36.62
 -49.80    39.67
 -47.49    41.02
 -44.92    42.48
 -42.24    44.56
 -38.82    46.26
 -36.74    47.97
 -34.18    48.95
 -31.01    49.68
 -27.95    51.15
 -25.88    51.88
 -23.32    52.25
 -20.51    52.61
 -17.94    53.34
 -16.60    53.34
 -12.94    54.08
 -10.62    54.69
  -8.30    55.30
  -6.23    55.66
  -3.91    55.05
  -1.10    55.30
   1.71    55.66
   4.03    55.79
   7.20    55.79
   9.52    55.18
  12.21    54.93
  15.38    54.93
  17.46    53.83
  20.51    52.98
  23.56    52.86
  26.00    51.88
  29.42    50.05
  31.86    48.71
  34.42    47.00
  37.11    45.29
  39.43    43.46
  42.24    41.50
  44.92    38.70
  46.88    36.25
  48.95    33.33
  51.03    30.76
  52.37    28.08
  54.44    24.90
  55.91    21.61
  56.88    18.55
  57.86    14.89
  58.59    11.47
  58.72     7.32
  58.84     3.91
  58.59     0.49
  57.86    -2.93
  57.01    -6.35
  56.52    -9.89
  55.42   -12.57
  53.71   -15.01
  53.10   -18.43
  51.64   -20.75
  49.80   -23.44
  47.49   -26.00
  45.17   -28.69
  43.33   -30.88
  41.38   -33.08
  38.45   -35.28
  36.13   -36.62
  34.42   -37.84
  31.74   -39.18
  29.05   -40.41
  26.73   -41.75
  24.05   -42.48
  21.36   -43.58
  19.04   -43.70
  16.36   -44.19
  13.79   -44.07
  11.35   -45.04
   9.03   -45.04
   6.59   -45.04
   4.52   -44.43
   2.08   -44.43
   0.00   -44.31
  -2.08   -44.56
  -3.30   -43.58
  -5.62   -43.09
  -8.18   -42.36
 -10.13   -42.24
 -12.57   -41.75
 -13.79   -40.89
 -16.24   -40.16
 -18.43   -39.06
 -20.26   -38.57
 -21.97   -37.72
 -23.56   -36.74
 -25.63   -35.28
 -27.47   -33.94
 -29.42   -33.33
 -30.76   -31.98
 -32.59   -29.91
 -34.55   -28.44
 -35.77   -26.49
 -37.35   -24.78
 -39.18   -22.71
 -40.28   -21.12
 -41.99   -18.92
 -43.58   -16.36
 -44.92   -14.28
 -45.04   -12.21
 -46.02    -9.64
 -47.00    -7.08
 -47.36    -4.76
 -47.85    -1.46
 -48.34     1.46
 -47.97     3.91
 -47.24     6.71
 -46.63     9.89
 -46.14    12.08
 -44.80    15.14
 -43.95    18.19
 -42.60    20.63
 -41.26    22.83
 -39.43    24.54
 -37.96    26.61
 -36.25    28.56
 -34.30    30.15
 -32.10    31.62
 -30.03    33.57
 -28.08    34.55
 -25.63    36.01
 -23.56    36.74
 -21.24    38.09
 -18.92    39.18
 -16.72    38.94
 -13.55    40.04
 -12.21    39.67
 -10.01    40.41
  -7.93    39.92
  -5.86    39.55
  -3.54    40.04
  -1.59    39.43
   0.49    39.06
   2.32    38.57
   4.39    38.21
   5.86    37.60
   6.96    36.99
   9.52    36.13
  10.62    35.28
  12.33    34.18
  13.92    34.18
  14.40    33.33
  15.99    32.23
  17.70    31.37
  19.65    30.64
  20.63    29.42
  21.48    28.32
  22.83    27.34
  24.17    25.88
  24.54    24.78
  25.39    23.93
  27.10    22.34
  28.08    21.48
  28.69    20.14
  29.79    18.92
  30.76    17.58
  31.62    15.38
  32.10    14.65
  32.84    13.06
  33.57    10.99
  34.67     9.64
  34.55     8.06
  35.52     6.35
  36.01     4.88
  36.38     2.44
  36.74     0.24
  36.62    -1.59
  36.62    -3.30
  35.64    -5.98
  36.01    -7.93
  35.16   -10.13
  34.42   -11.60
  33.57   -14.40
  32.71   -16.11
  31.62   -18.31
  30.03   -19.53
  28.32   -21.48
  27.59   -23.19
  25.63   -24.17
  23.44   -25.63
  21.73   -27.10
  20.39   -27.71
  18.55   -28.81
  15.99   -29.66
  13.79   -30.27
  11.84   -31.01
  10.01   -31.13
   7.81   -31.25
   5.98   -31.74
   4.39   -31.13
   2.20   -30.64
   0.37   -30.52
  -1.46   -30.27
  -2.69   -30.03
  -4.76   -29.42
  -6.10   -28.93
  -7.69   -27.10
  -9.16   -27.22
 -10.50   -26.61
 -11.60   -24.66
 -12.70   -24.66
 -14.16   -23.93
 -14.89   -22.34
 -15.87   -21.97
 -16.72   -20.87
 -17.46   -19.90
