Magnetic Field	ODEPR Signal
Tesla	
9000	-0.00120520938009738
9010	-0.00118444238385752
9020	-0.00119216101220639
9030	-0.00120956362733178
9040	-0.00121848357138556
9050	-0.00120035027629886
9060	-0.00120365662268362
9070	-0.00121435032638255
9080	-0.00121779636891241
9090	-0.00121259717863105
9100	-0.0011998356654679
9110	-0.0011925302518922
9120	-0.00119435412396735
9130	-0.0011990318213048
9140	-0.00120897255208872
9150	-0.0011994930312604
9160	-0.00120090625923702
9170	-0.00121706427580002
9180	-0.00121642618999296
9190	-0.0012121739415563
9200	-0.00120660975751764
9210	-0.00121348022656099
9220	-0.00120112847988564
9230	-0.00118854535587482
9240	-0.00118631488659549
9250	-0.00118678977766428
9260	-0.00120978145099108
9270	-0.00120067624162288
9280	-0.00120460838376603
9290	-0.00120486011126979
9300	-0.00120283621264044
9310	-0.00121352378349483
9320	-0.00121233933157552
9330	-0.00120406485111498
9340	-0.00119264914169177
9350	-0.0012458545273334
9360	-0.00119629201588459
9370	-0.00119876152280389
9380	-0.00118830003983272
9390	-0.00120527695594968
9400	-0.00121102435169302
9410	-0.00118992119971605
9420	-0.00119019832244089
9430	-0.0011854314705321
9440	-0.0012060375281211
9450	-0.00121895725789405
9460	-0.00121320601306699
9470	-0.00121825071424932
9480	-0.00120973485438205
9490	-0.00120753988618655
9500	-0.00119271148959774
9510	-0.00120351833584934
9520	-0.00119399644236307
9530	-0.0011931282699456
9540	-0.00120325410781411
9550	-0.00121306086722009
9560	-0.00122325749963172
9570	-0.00121260695476571
9580	-0.00121111098002023
9590	-0.00122192171627053
9600	-0.00122270728122004
9610	-0.0012160812098107
9620	-0.0012026524471037
9630	-0.00120778638654588
9640	-0.0012060691533609
9650	-0.00120352553823156
9660	-0.0012032166451486
9670	-0.00121168564992777
9680	-0.00120840519603094
9690	-0.00121128326467281
9700	-0.00120556719937159
9710	-0.0012022182856584
9720	-0.00120439532992837
9730	-0.00119299188068734
9740	-0.00120299421886206
9750	-0.0011972571349136
9760	-0.00121031965405738
9770	-0.00120997312093262
9780	-0.00119978408790937
9790	-0.00121041779855709
9800	-0.00122139858744775
9810	-0.00120954276601934
9820	-0.00119240394464298
9830	-0.00119318395860799
9840	-0.00119072541906353
9850	-0.00118831313878704
9860	-0.00117718050206172
9870	-0.00119577976378406
9880	-0.00119931978499133
9890	-0.00118831435796676
9900	-0.00119892515349182
9910	-0.00120723722310135
9920	-0.0011933244456171
9930	-0.00119809168397188
9940	-0.00120747330566909
9950	-0.00120380101543168
9960	-0.00119816146539518
9970	-0.00119394122351149
9980	-0.00118307023344092
9990	-0.0011862120309252
10000	-0.00119225132642498
10010	-0.00118401479339189
10020	-0.00122148612744109
10030	-0.00120776319127315
10040	-0.00119351654203124
10050	-0.00120256969018173
10060	-0.00118123430797111
10070	-0.00119935476844632
10080	-0.00119971790992714
10090	-0.0012068240932452
10100	-0.00119554390055909
10110	-0.00119481928335461
10120	-0.00118750276876492
10130	-0.0011654332485198
10140	-0.00115978702916966
10150	-0.00116321221665755
10160	-0.00116898192578958
10170	-0.00116724069520289
10180	-0.0011725751540243
10190	-0.00118318452888254
10200	-0.00117920721692199
10210	-0.00118003014957443
10220	-0.00117399500276348
10230	-0.0011696502665562
10240	-0.00116341751718616
10250	-0.00117750003239714
10260	-0.00116363559713215
10270	-0.00117522396154173
10280	-0.00117366408523801
10290	-0.00117082415605134
10300	-0.00120539030663485
10310	-0.00116412578337252
10320	-0.00116798766310887
10330	-0.00118223051094375
10340	-0.00118084469998594
10350	-0.00119560211647299
10360	-0.00118268925750676
10370	-0.00118720531172779
10380	-0.00118197248150864
10390	-0.0011998961226899
10400	-0.0012036169818995
10410	-0.00121020527561402
10420	-0.0012005093889494
10430	-0.00119224780731418
10440	-0.00119684095475979
10450	-0.00117827909160748
10460	-0.0011887254148861
10470	-0.00119205893043113
10480	-0.00119783181270151
10490	-0.00117469485792626
10500	-0.00119081503478367
10510	-0.00119380466955178
10520	-0.0011921369256097
10530	-0.00117767143271636
10540	-0.00117936437208075
10550	-0.00120407678293954
10560	-0.00119380310789558
10570	-0.00117521332140268
10580	-0.00118092142523209
10590	-0.00118542951919078
10600	-0.0011557785833643
10610	-0.00116033703603234
10620	-0.00116961700014357
10630	-0.00116865510463233
10640	-0.00118121569673153
10650	-0.00117346315556407
10660	-0.00115663355039848
10670	-0.00117601873924601
10680	-0.0011716619552956
10690	-0.00116472689749459
10700	-0.00116398465545205
10710	-0.00115347322384557
10720	-0.00115585585343857
10730	-0.00114927704259245
10740	-0.00115601642162926
10750	-0.00115388367652349
10760	-0.00115806288023696
10770	-0.00115727016677411
10780	-0.0011765056461008
10790	-0.00118043205123349
10800	-0.00117096283815774
10810	-0.00117607623264866
10820	-0.00117499376968244
10830	-0.0011839481016081
10840	-0.00118853754967726
10850	-0.00117803504498584
10860	-0.00117539478852947
10870	-0.00118147585154433
10880	-0.00118650779863706
10890	-0.00117089556806608
10900	-0.0011763763445548
10910	-0.00117648482969036
10920	-0.00116762832876185
10930	-0.00116187936375846
10940	-0.00119118987853779
10950	-0.00119235642098553
10960	-0.00119039900345257
10970	-0.00118392502968862
10980	-0.00120127688118076
10990	-0.00118264316685496
11000	-0.00118962024516767
11010	-0.00118988921010453
11020	-0.00118245458900095
11030	-0.00120239304184478
11040	-0.00118832217501251
11050	-0.00118524652304887
11060	-0.00119029192166786
11070	-0.00118338445042149
11080	-0.00118089888477324
11090	-0.00117406562636778
11100	-0.00116014174474693
11110	-0.00117266949667472
11120	-0.00115816049148551
11130	-0.00116158766702969
11140	-0.00114818748574798
11150	-0.00113377019008027
11160	-0.00112120278385038
11170	-0.00112775496495127
11180	-0.00112032724737857
11190	-0.00109510576572215
11200	-0.00108673837296894
11210	-0.00111008248759199
11220	-0.00109073208830297
11230	-0.0010854158166948
11240	-0.00108953158476258
11250	-0.00106743724236211
11260	-0.00105459123887539
11270	-0.0010502768438845
11280	-0.00104889815702543
11290	-0.00105527654630505
11300	-0.00102869370061962
11310	-0.00104056611777907
11320	-0.00102514455297572
11330	-0.00103027303302866
11340	-0.00102259120837746
11350	-0.00102672721565765
11360	-0.00100908996989991
11370	-0.00100470013912733
11380	-0.0010102838086654
11390	-0.00100119511753493
11400	-9.91756304306459E-4
11410	-9.72816833830268E-4
11420	-9.6185308542697E-4
11430	-9.54781180055705E-4
11440	-9.50545961508667E-4
11450	-9.29602772217871E-4
11460	-9.25895331005064E-4
11470	-9.3686035613846E-4
11480	-9.38833147480072E-4
11490	-9.25675148039782E-4
11500	-9.34611725005028E-4
11510	-9.45793824142471E-4
11520	-9.47317585820345E-4
11530	-9.43333333333333E-4
11540	-9.43144442765116E-4
11550	-9.28502024635282E-4
11560	-9.34324145548028E-4
11570	-9.62379146287177E-4
11580	-9.53860079160391E-4
11590	-9.56707634137714E-4
11600	-9.61485216543822E-4
11610	-9.46671444388422E-4
11620	-9.55683513018177E-4
11630	-9.64929562108007E-4
11640	-9.70083435650763E-4
11650	-9.63400243269761E-4
11660	-9.8532027881474E-4
11670	-9.8443290913034E-4
11680	-9.96473435750028E-4
11690	-9.93780568624037E-4
11700	-0.00100341348970713
11710	-0.00103045443376056
11720	-0.00107478375265685
11730	-0.00108578667085634
11740	-0.00108754194754472
11750	-0.0011215519872822
11760	-0.00111763312098104
11770	-0.00112137387669969
11780	-0.00112031831699015
11790	-0.00113228262074287
11800	-0.00113611520361507
11810	-0.00112607060849489
11820	-0.00112540543234727
11830	-0.00111894065921003
11840	-0.00111739653559576
11850	-0.00111198976918718
11860	-0.00110966388535788
11870	-0.0010848631343611
11880	-0.00107217460392495
11890	-0.00107944744683657
11900	-0.00105866195236071
11910	-0.00105126501804675
11920	-0.00105244721213488
11930	-0.00102735237461547
11940	-0.00103560661967651
11950	-9.96685215483671E-4
11960	-9.81098184068988E-4
11970	-9.75120773110733E-4
11980	-9.48179094196965E-4
11990	-9.2607333310713E-4
12000	-8.95000952548949E-4
12010	-8.88263417515555E-4
12020	-8.82051897266596E-4
12030	-8.66486152155373E-4
12040	-8.4461722017532E-4
12050	-8.43937689944317E-4
12060	-8.32671417846624E-4
12070	-8.29645081214298E-4
12080	-8.39173207377748E-4
12090	-8.47310708684561E-4
12100	-8.1652967831912E-4
12110	-8.29038141638105E-4
12120	-8.29935782879932E-4
12130	-8.25911814575604E-4
12140	-8.41989508384244E-4
12150	-8.36701956878123E-4
12160	-8.46395247372941E-4
12170	-8.69746340008741E-4
12180	-8.9194350878766E-4
12190	-8.96925588447765E-4
12200	-8.9610329672967E-4
12210	-8.92941228956417E-4
12220	-9.1383439035493E-4
12230	-9.14730941779236E-4
12240	-9.16340170873086E-4
12250	-9.06499059210027E-4
12260	-8.80315500412855E-4
12270	-8.69146520781032E-4
12280	-8.56745925864611E-4
12290	-8.21604442145521E-4
12300	-7.55411228311681E-4
12310	-7.2133702326472E-4
12320	-6.54978247902851E-4
12330	-5.91497952067991E-4
12340	-4.95869795184924E-4
12350	-4.07299426710696E-4
12360	-3.84821235313876E-4
12370	-3.00172399652405E-4
12380	-2.18551504194779E-4
12390	-1.59117107851284E-4
12400	-1.3299805139533E-4
12410	-6.24585985237152E-5
12420	-2.11803436222251E-5
12430	-5.39576139943633E-5
12440	-7.48079390355828E-5
12450	-5.06958231238037E-5
12460	-3.56054678454415E-5
12470	-1.18684832426379E-4
12480	-1.85559536974413E-4
12490	-1.86880485288749E-4
12500	-2.29372964409019E-4
12510	-3.10787183695516E-4
12520	-3.62155916080406E-4
12530	-4.04686894126829E-4
12540	-4.54419400583576E-4
12550	-5.35355159005974E-4
12560	-5.89963932865118E-4
12570	-6.23561354152868E-4
12580	-6.38835430977233E-4
12590	-6.70037105333801E-4
12600	-6.92608473355624E-4
12610	-7.15193657883084E-4
12620	-7.47196047481229E-4
12630	-7.478597886518E-4
12640	-7.61676341639842E-4
12650	-7.54389849899875E-4
12660	-7.66343059414386E-4
12670	-7.70914426872421E-4
12680	-7.7947392804797E-4
12690	-7.6672825010972E-4
12700	-7.66882778227754E-4
12710	-7.64893588578452E-4
12720	-7.72693762233177E-4
12730	-7.78506334728347E-4
12740	-7.91806360488488E-4
12750	-7.80354021406114E-4
12760	-7.91667618445214E-4
12770	-7.79740775632707E-4
12780	-8.09874427228729E-4
12790	-8.25509662059473E-4
12800	-8.31755635221586E-4
12810	-8.42001083256842E-4
12820	-8.53097089383721E-4
12830	-8.98063003482634E-4
12840	-9.16664304597589E-4
12850	-9.28314176971774E-4
12860	-9.68332018275757E-4
12870	-9.90962590205214E-4
12880	-0.00102165990601649
12890	-0.00103840948263351
12900	-0.00105793197820062
12910	-0.00105843122490534
12920	-0.00109456709960679
12930	-0.00110874270504344
12940	-0.0011110926766575
12950	-0.00111529172241523
12960	-0.0011293112322544
12970	-0.00112382299236444
12980	-0.0011296524294019
12990	-0.00113090974920534
13000	-0.00113982914700831
13010	-0.00114164300191669
13020	-0.00111374303945848
13030	-0.00114430465789373
13040	-0.00115083154639907
13050	-0.00114611076522284
13060	-0.00114518472696651
13070	-0.00115142334429208
13080	-0.00114134207866029
13090	-0.0011399989645149
13100	-0.00112903405754329
13110	-0.00112114063150001
13120	-0.00110815037706761
13130	-0.0010954039996615
13140	-0.001092980182493
13150	-0.00108531851687023
13160	-0.00106124838631556
13170	-0.00102616062512106
13180	-0.00101415392268841
13190	-9.88134138191892E-4
13200	-9.91187887501968E-4
13210	-9.9877727215958E-4
13220	-9.7981808812536E-4
13230	-9.70854054006281E-4
13240	-9.61079050949778E-4
13250	-9.54394771081343E-4
13260	-9.54578953219127E-4
13270	-9.58558711293856E-4
13280	-9.51072905351738E-4
13290	-9.35269030303266E-4
13300	-9.17060926973973E-4
13310	-9.14278041352114E-4
13320	-9.12839969407745E-4
13330	-9.0597038666749E-4
13340	-9.05626755565734E-4
13350	-9.15579621737893E-4
13360	-9.07598165854561E-4
13370	-9.15883948815245E-4
13380	-9.0284067340467E-4
13390	-8.93293190303953E-4
13400	-8.94937670492499E-4
13410	-9.14462550390659E-4
13420	-9.25102458094599E-4
13430	-9.1574850910922E-4
13440	-9.03815133423469E-4
13450	-9.36361745595826E-4
13460	-9.50530855378166E-4
13470	-9.57200440954931E-4
13480	-9.69936778256701E-4
13490	-9.94902930091357E-4
13500	-0.00101111717795257
13510	-0.00101252077080103
13520	-0.00101194875427824
13530	-0.001017141757521
13540	-0.00102045847751571
13550	-0.00102970308591859
13560	-0.00103487473766362
13570	-0.00102091791059912
13580	-0.00102667379723338
13590	-0.00105190830880878
13600	-0.00104951171945871
13610	-0.00107353137962992
13620	-0.00107888870075046
13630	-0.00106990244662693
13640	-0.00106346354301894
13650	-0.00104899422757058
13660	-0.0011079775739218
13670	-0.00110411608063227
13680	-0.00111135916187078
13690	-0.00111924425238841
13700	-0.00113091834949479
13710	-0.00114788555648763
13720	-0.00116355047676013
13730	-0.00115928895707831
13740	-0.00115868383319228
13750	-0.0011608050795077
13760	-0.00114704942994173
13770	-0.00117249644849879
13780	-0.00115916285868842
13790	-0.00116923686242664
13800	-0.00117756289756455
13810	-0.00117036524142307
13820	-0.00115505434272447
13830	-0.00116751680392783
13840	-0.00118962671050907
13850	-0.0011699555806464
13860	-0.00116600952709895
13870	-0.00115694677470266
13880	-0.00116495814094662
13890	-0.00117098479049491
13900	-0.00117509476431428
13910	-0.00117443420680796
13920	-0.00117483138765533
13930	-0.00115852448396793
13940	-0.00117016311913521
13950	-0.00116514405459265
13960	-0.0011512333158414
13970	-0.00115396457837119
13980	-0.00116444089366673
13990	-0.00115065386811672
14000	-0.0011299466661007
14010	-0.00114242236339995
14020	-0.00114189837543333
14030	-0.00113726401380202
14040	-0.00114323438407481
14050	-0.00113778929399177
14060	-0.00115339977778301
14070	-0.00114859195597562
14080	-0.00114878112899635
14090	-0.00114553960265159
14100	-0.00114187994681098
14110	-0.00112529351544947
14120	-0.00113467121996745
14130	-0.0011348528312445
14140	-0.00114554096903779
14150	-0.00115162442707671
14160	-0.0011530756945775
14170	-0.00116370426977495
14180	-0.00114373285162641
14190	-0.00115869607262181
14200	-0.00115646556345173
14210	-0.00116936476696529
14220	-0.00116022350079078
14230	-0.00117723475757648
14240	-0.001183022020375
14250	-0.00116989444333385
14260	-0.00118348341115342
14270	-0.00116885032983059
14280	-0.00116275946416828
14290	-0.00117962121729434
14300	-0.00116632177734526
14310	-0.00118252680368441
14320	-0.0011716981798482
14330	-0.00117769316823761
14340	-0.00118016078915571
14350	-0.00118043645150174
14360	-0.00117712492335729
14370	-0.00117134498480663
14380	-0.001147012073811
14390	-0.0011731969389345
14400	-0.00116827816445311
14410	-0.00117334015273792
14420	-0.00116199983058441
14430	-0.00115063774296858
14440	-0.00116474958500336
14450	-0.0011560710027521
14460	-0.00115966063081742
14470	-0.00115000756670147
14480	-0.00113472548751074
14490	-0.00114781416558614
14500	-0.00115449783223999
14510	-0.00115272922171446
14520	-0.00115735549384226
14530	-0.0011546512980747
14540	-0.00115877319098412
14550	-0.00116778077448529
14560	-0.00117469585508324
14570	-0.00116716992301506
14580	-0.00114128173053192
14590	-0.00115858592486883
14600	-0.00115499810505072
14610	-0.00116113512406718
14620	-0.00116043321570763
14630	-0.00116577482354074
14640	-0.00118241438542197
14650	-0.00116983819599785
14660	-0.00117113174696973
14670	-0.00118944497961375
14680	-0.0011801104578783
14690	-0.00117903920157517
14700	-0.00118204255906562
14710	-0.00120070351075313
14720	-0.00120272077556032
14730	-0.00119419936135046
14740	-0.00118335865885128
14750	-0.00118675171881629
14760	-0.00118342821063606
14770	-0.0011657372000035
14780	-0.00118874025399052
14790	-0.00119036761309386
14800	-0.00120113614955105
14810	-0.0011971624562326
14820	-0.00120757073953674
14830	-0.00120774490145178
14840	-0.00119946357685235
14850	-0.00120359751611857
14860	-0.00120826281155289
14870	-0.00119408335724494
14880	-0.00119593699664828
14890	-0.00118743981430396
14900	-0.00120024967259344
14910	-0.00119416988644782
14920	-0.00118418394047398
14930	-0.00120139093899791
14940	-0.00118858119436535
14950	-0.00118626210741157
14960	-0.00119328842649708
14970	-0.00120148137806603
14980	-0.00118660679765969
14990	-0.00120610392058463
15000	-0.00118880009829308
15010	-0.00119110691814469
15020	-0.00120069133232318
15030	-0.00119256421850771
15040	-0.00120200228899945
15050	-0.00120110078420384
15060	-0.00118736203374718
15070	-0.00119571509257361
15080	-0.00119638650323433
15090	-0.00119248377004839
15100	-0.00119979529833432
15110	-0.00118659223357633
15120	-0.00120680358858257
15130	-0.00118968040341607
15140	-0.00120103701835046
15150	-0.00119056738738131
15160	-0.00118247540467867
15170	-0.00117945481747955
15180	-0.00115163514710151
15190	-0.00119804429130543
15200	-0.0011904456372673
15210	-0.00120632615573305
15220	-0.00119386887420882
15230	-0.00120061157697859
15240	-0.00120234018713687
15250	-0.00119781086032839
15260	-0.00119311403028037
15270	-0.00120163234836816
15280	-0.00120220984055216
15290	-0.00118070924648511
15300	-0.00117990297593453
15310	-0.00120127229504317
15320	-0.00121461656107896
15330	-0.00121097158616244
15340	-0.00118553244076969
15350	-0.00119998080408801
15360	-0.00119337145574628
15370	-0.00120186864147105
15380	-0.00118273364695867
15390	-0.00119016608405875
15400	-0.00121288924460966
15410	-0.00122755351795194
15420	-0.00119696345266559
15430	-0.00118982515708131
15440	-0.00118443515504198
15450	-0.00119415545596757
15460	-0.00120620464342353
15470	-0.00120131476305744
15480	-0.00119793853691185
15490	-0.00119146608885528
15500	-0.0011869665320675
15510	-0.00119166345540429
15520	-0.0011986482874334
15530	-0.00119282416785737
15540	-0.0011986865402249
15550	-0.0012001619216687
15560	-0.00119892747903127
15570	-0.00119971010741202
15580	-0.00118496584976052
15590	-0.00120370712207033
15600	-0.00120296906796465
15610	-0.00120922521480755
15620	-0.00119123403592195
15630	-0.00119196321953388
15640	-0.00120560259153161
15650	-0.00120825039950465
15660	-0.00120366764892313
15670	-0.00120022115362393
15680	-0.00120029118715392
15690	-0.00118924144257404
15700	-0.00119980377522584
15710	-0.00119430626001158
15720	-0.00119226952018435
15730	-0.00118688566284234
15740	-0.00118808963872541
15750	-0.00120978479385754
15760	-0.00120614398874613
15770	-0.00120806885806945
15780	-0.00121257368003086
15790	-0.0012127292071588
15800	-0.00120878193200509
15810	-0.0011839464350903
15820	-0.00118738543806013
15830	-0.00119685421096968
15840	-0.00119774461357107
15850	-0.00120841524906055
15860	-0.00120824070159189
15870	-0.0012274049368748
15880	-0.00123896844570004
15890	-0.00122750478422066
15900	-0.00121593803286281
15910	-0.00118916477731273
15920	-0.00119317621378307
15930	-0.00117877926740495
15940	-0.00117381210171726
15950	-0.00120554186583507
15960	-0.00119342612518492
15970	-0.00118230736038235
15980	-0.00119159369106126
15990	-0.00120938511108431
16000	-0.00119587106878277
16010	-0.00119047480127814
16020	-0.00117663091902046
16030	-0.00119433160449364
16040	-0.0012161896389319
16050	-0.00119935208840804
16060	-0.00119702267913537
16070	-0.00121071712840819
16080	-0.00120515191192013
16090	-0.00120885658195399
16100	-0.0012100131230575
16110	-0.00119673568465852
16120	-0.00118740257543358
16130	-0.00119275687685221
16140	-0.00117718494633803
16150	-0.00118200511358021
16160	-0.0012091581333876
16170	-0.00120416174008457
16180	-0.00120167084969919
16190	-0.00120495113608725
16200	-0.00120027176573685
16210	-0.00119250304258514
16220	-0.00119548096973209
16230	-0.00120396657697734
16240	-0.00121830655924398
16250	-0.00121400285594648
16260	-0.00118313730277238
16270	-0.00119246183964997
16280	-0.00119821955481687
16290	-0.00119530316740969
16300	-0.00119346522545189
16310	-0.00118515421956744
16320	-0.00118984996686581
16330	-0.0011946185307326
16340	-0.00120416939095307
16350	-0.00119417164140425
16360	-0.00119904279232667
16370	-0.00120845725191859
16380	-0.0011893145267458
16390	-0.00118994526965523
16400	-0.00120106929034603
16410	-0.00119940511709505
16420	-0.00119514409269063
16430	-0.00119884328630123
16440	-0.00120048633278087
16450	-0.0011981510478832
16460	-0.00119771917475136
16470	-0.00120493386140491
16480	-0.00120805485427853
16490	-0.00120729931343314
16500	-0.00120592585978352
16510	-0.00120787937613488
16520	-0.00119230623297087
16530	-0.00119053906339027
16540	-0.00119724376811991
16550	-0.00118325511888447
16560	-0.00118695220088779
16570	-0.00117423763797431
16580	-0.00120192683607038
16590	-0.00120442852326735
16600	-0.00120559576194883
16610	-0.00121697969605132
16620	-0.00121122799282602
16630	-0.0012147687453489
16640	-0.00120405121562632
16650	-0.00119592111252513
16660	-0.00119541428087012
16670	-0.00119991129338237
16680	-0.00120309512739196
16690	-0.00120406273908579
16700	-0.00121645094330197
16710	-0.00120687969247313
16720	-0.00120706989518346
16730	-0.00119956983346072
16740	-0.00121720260222031
16750	-0.00120220291253397
16760	-0.00121316926269073
16770	-0.00120146325152747
16780	-0.00121688902596359
16790	-0.00120852780406043
16800	-0.00119218979160487
16810	-0.0011837576771496
16820	-0.00119645191569306
16830	-0.00117981530286334
16840	-0.00119055795514345
16850	-0.00119293341086192
16860	-0.00119337465806721
16870	-0.00120471764431479
16880	-0.00120451037395759
16890	-0.00120667094642283
16900	-0.00120077701438196
16910	-0.00116701012144839
16920	-0.00118737725686088
16930	-0.00120429983164963
16940	-0.00120832138300154
16950	-0.00120992562418988
16960	-0.00120718968482222
16970	-0.00120193157339677
16980	-0.00120388103429823
16990	-0.00121821310298938
17000	-0.00121254074650955
