Nitrite measurement using Nitric Oxide Analyzer
Peaks are formed when tested solutions are injected into the purge vessel
This data corresponds to peaks from standard test solutions

Time	Voltage
0.335932	0.80
0.335935	1.00
0.335938	0.80
0.335941	0.50
0.335944	0.80
0.335947	0.80
0.335950	1.00
0.335952	0.80
0.335955	0.90
0.335958	0.70
0.335961	1.70
0.335964	0.80
0.335967	0.60
0.335970	0.80
0.335973	0.90
0.335976	1.00
0.335978	1.10
0.335981	1.10
0.335984	0.70
0.335987	0.70
0.335990	1.10
0.335993	0.50
0.335996	0.90
0.335999	0.70
0.336002	0.90
0.336005	1.40
0.336007	0.80
0.336010	0.60
0.336013	1.00
0.336016	0.70
0.336019	0.80
0.336022	1.10
0.336025	0.60
0.336028	0.80
0.336031	0.80
0.336033	0.40
0.336036	0.70
0.336039	1.00
0.336042	1.10
0.336045	0.70
0.336048	0.80
0.336051	1.50
0.336054	1.00
0.336057	1.00
0.336059	0.70
0.336062	1.00
0.336065	0.90
0.336068	1.10
0.336071	0.80
0.336074	0.90
0.336077	1.00
0.336080	0.60
0.336083	0.90
0.336086	0.70
0.336088	0.70
0.336091	0.50
0.336094	1.00
0.336097	0.70
0.336100	1.10
0.336103	1.20
0.336106	0.90
0.336109	1.00
0.336112	0.90
0.336114	1.10
0.336117	0.80
0.336120	1.00
0.336123	0.90
0.336126	0.50
0.336129	0.80
0.336132	0.50
0.336135	0.60
0.336138	1.00
0.336141	0.60
0.336143	0.90
0.336146	1.00
0.336149	0.90
0.336152	1.30
0.336155	0.90
0.336158	0.90
0.336161	1.30
0.336164	1.00
0.336167	1.10
0.336169	0.90
0.336172	0.70
0.336175	1.20
0.336178	0.60
0.336181	1.00
0.336184	0.80
0.336187	0.50
0.336190	0.90
0.336193	0.80
0.336195	0.50
0.336198	0.90
0.336201	0.60
0.336204	0.70
0.336207	0.70
0.336210	0.80
0.336213	0.50
0.336216	0.60
0.336219	0.80
0.336222	1.10
0.336224	0.30
0.336227	0.60
0.336230	0.90
0.336233	1.10
0.336236	0.80
0.336239	0.70
0.336242	0.70
0.336245	1.20
0.336248	0.70
0.336250	0.80
0.336253	1.10
0.336256	0.80
0.336259	0.60
0.336262	1.20
0.336265	1.10
0.336268	0.50
0.336271	0.60
0.336274	0.60
0.336277	0.90
0.336279	1.10
0.336282	0.70
0.336285	0.80
0.336288	0.80
0.336291	0.80
0.336294	0.70
0.336297	0.70
0.336300	0.50
0.336303	0.80
0.336305	0.90
0.336308	1.50
0.336311	0.70
0.336314	1.10
0.336317	0.60
0.336320	1.20
0.336323	1.00
0.336326	0.90
0.336329	0.80
0.336331	0.80
0.336334	1.30
0.336337	0.90
0.336340	1.30
0.336343	1.10
0.336346	0.70
0.336349	1.00
0.336352	1.30
0.336355	1.00
0.336358	0.80
0.336360	1.40
0.336363	1.10
0.336366	1.20
0.336369	1.10
0.336372	1.00
0.336375	1.10
0.336378	0.80
0.336381	0.90
0.336384	1.00
0.336386	1.10
0.336389	1.00
0.336392	0.50
0.336395	0.80
0.336398	0.80
0.336401	0.80
0.336404	1.10
0.336407	1.00
0.336410	0.50
0.336413	0.80
0.336415	0.60
0.336418	0.60
0.336421	0.90
0.336424	0.70
0.336427	1.30
0.336430	0.90
0.336433	0.80
0.336436	1.10
0.336439	0.70
0.336441	0.90
0.336444	0.50
0.336447	1.40
0.336450	0.80
0.336453	1.00
0.336456	1.00
0.336459	1.00
0.336462	0.80
0.336465	0.70
0.336467	0.70
0.336470	0.80
0.336473	1.00
0.336476	0.70
0.336479	0.30
0.336482	1.30
0.336485	0.40
0.336488	1.00
0.336491	0.80
0.336494	0.80
0.336496	1.00
0.336499	0.50
0.336502	0.40
0.336505	0.70
0.336508	0.80
0.336511	1.40
0.336514	0.80
0.336517	0.80
0.336520	1.50
0.336522	0.70
0.336525	1.10
0.336528	0.60
0.336531	0.90
0.336534	0.70
0.336537	1.10
0.336540	0.80
0.336543	0.70
0.336546	0.90
0.336549	0.90
0.336551	1.20
0.336554	1.10
0.336557	0.80
0.336560	1.00
0.336563	0.90
0.336566	0.60
0.336569	0.80
0.336572	0.80
0.336575	0.70
0.336577	0.70
0.336580	0.60
0.336583	0.80
0.336586	0.80
0.336589	1.10
0.336592	1.00
0.336595	0.70
0.336598	0.70
0.336601	0.90
0.336603	0.70
0.336606	1.10
0.336609	1.00
0.336612	0.30
0.336615	0.90
0.336618	1.00
0.336621	1.10
0.336624	0.50
0.336627	1.00
0.336630	1.10
0.336632	0.60
0.336635	0.50
0.336638	1.00
0.336641	0.80
0.336644	0.60
0.336647	0.40
0.336650	0.90
0.336653	0.80
0.336656	0.70
0.336658	0.70
0.336661	0.80
0.336664	0.30
0.336667	1.10
0.336670	1.30
0.336673	0.90
0.336676	0.80
0.336679	1.20
0.336682	0.60
0.336684	0.90
0.336687	1.00
0.336690	1.20
0.336693	0.80
0.336696	0.60
0.336699	0.90
0.336702	1.20
0.336705	1.20
0.336708	0.40
0.336711	0.40
0.336713	0.70
0.336716	0.90
0.336719	1.00
0.336722	1.20
0.336725	0.90
0.336728	0.50
0.336731	0.80
0.336734	0.90
0.336737	0.90
0.336739	0.40
0.336742	1.10
0.336745	1.40
0.336748	0.80
0.336751	0.70
0.336754	0.80
0.336757	0.30
0.336760	0.60
0.336763	1.00
0.336766	0.80
0.336768	0.90
0.336771	0.90
0.336774	0.80
0.336777	1.00
0.336780	0.80
0.336783	0.50
0.336786	0.90
0.336789	0.80
0.336792	0.80
0.336794	1.00
0.336797	0.80
0.336800	1.30
0.336803	1.00
0.336806	0.80
0.336809	0.70
0.336812	0.90
0.336815	0.70
0.336818	0.90
0.336820	1.30
0.336823	0.90
0.336826	1.00
0.336829	1.00
0.336832	0.80
0.336835	0.70
0.336838	1.10
0.336841	1.10
0.336844	1.00
0.336847	1.00
0.336849	0.50
0.336852	1.20
0.336855	0.80
0.336858	0.80
0.336861	0.70
0.336864	1.20
0.336867	0.80
0.336870	1.30
0.336873	0.90
0.336875	1.00
0.336878	0.60
0.336881	1.20
0.336884	0.70
0.336887	1.00
0.336890	0.80
0.336893	1.10
0.336896	0.60
0.336899	0.90
0.336902	0.70
0.336904	0.80
0.336907	0.70
0.336910	1.10
0.336913	0.70
0.336916	1.60
0.336919	0.90
0.336922	1.20
0.336925	0.60
0.336928	0.90
0.336930	0.60
0.336933	0.80
0.336936	0.90
0.336939	0.70
0.336942	1.00
0.336945	0.60
0.336948	1.10
0.336951	1.00
0.336954	0.90
0.336956	0.80
0.336959	0.90
0.336962	1.30
0.336965	0.70
0.336968	1.00
0.336971	0.70
0.336974	0.70
0.336977	0.90
0.336980	1.30
0.336983	1.30
0.336985	0.70
0.336988	0.70
0.336991	0.80
0.336994	1.00
0.336997	1.00
0.337000	1.10
0.337003	0.40
0.337006	0.30
0.337009	0.10
0.337011	0.80
0.337014	0.70
0.337017	0.90
0.337020	1.00
0.337023	0.60
0.337026	0.30
0.337029	0.70
0.337032	1.20
0.337035	0.60
0.337038	0.80
0.337040	0.70
0.337043	1.20
0.337046	0.70
0.337049	1.00
0.337052	0.90
0.337055	0.80
0.337058	0.90
0.337061	0.90
0.337064	0.60
0.337066	0.90
0.337069	1.10
0.337072	1.20
0.337075	1.00
0.337078	1.10
0.337081	1.00
0.337084	1.10
0.337087	0.60
0.337090	1.00
0.337092	0.60
0.337095	0.90
0.337098	1.00
0.337101	1.50
0.337104	1.00
0.337107	0.60
0.337110	1.00
0.337113	0.90
0.337116	0.90
0.337119	1.20
0.337121	0.80
0.337124	0.70
0.337127	0.60
0.337130	0.80
0.337133	1.50
0.337136	1.30
0.337139	0.70
0.337142	0.30
0.337145	1.30
0.337147	1.00
0.337150	1.20
0.337153	0.70
0.337156	0.40
0.337159	0.30
0.337162	1.10
0.337165	1.60
0.337168	0.80
0.337171	0.60
0.337174	0.80
0.337176	0.90
0.337179	1.00
0.337182	1.20
0.337185	1.00
0.337188	0.70
0.337191	0.80
0.337194	0.80
0.337197	1.00
0.337200	0.70
0.337202	0.50
0.337205	1.10
0.337208	1.00
0.337211	0.60
0.337214	0.90
0.337217	0.50
0.337220	0.60
0.337223	0.50
0.337226	1.10
0.337228	0.60
0.337231	0.40
0.337234	0.70
0.337237	0.70
0.337240	0.70
0.337243	1.20
0.337246	1.00
0.337249	0.80
0.337252	0.80
0.337255	1.10
0.337257	0.90
0.337260	0.80
0.337263	0.30
0.337266	0.80
0.337269	1.00
0.337272	0.90
0.337275	1.30
0.337278	0.90
0.337281	0.80
0.337283	1.20
0.337286	1.20
0.337289	0.60
0.337292	0.80
0.337295	1.70
0.337298	1.00
0.337301	1.10
0.337304	1.30
0.337307	1.10
0.337309	0.80
0.337312	0.70
0.337315	1.00
0.337318	1.10
0.337321	0.50
0.337324	0.90
0.337327	0.60
0.337330	1.00
0.337333	0.80
0.337336	1.20
0.337338	1.00
0.337341	1.00
0.337344	1.40
0.337347	0.90
0.337350	1.30
0.337353	1.30
0.337356	0.60
0.337359	0.50
0.337362	1.80
0.337364	0.90
0.337367	0.80
0.337370	0.80
0.337373	0.40
0.337376	0.90
0.337379	0.90
0.337382	0.80
0.337385	0.70
0.337388	1.50
0.337391	1.10
0.337393	1.10
0.337396	1.10
0.337399	0.70
0.337402	0.60
0.337405	0.70
0.337408	0.80
0.337411	0.50
0.337414	0.40
0.337417	1.00
0.337419	1.30
0.337422	0.50
0.337425	1.10
0.337428	1.20
0.337431	1.00
0.337434	1.30
0.337437	1.00
0.337440	0.50
0.337443	0.70
0.337445	0.70
0.337448	1.20
0.337451	0.50
0.337454	0.60
0.337457	1.20
0.337460	0.80
0.337463	1.10
0.337466	0.70
0.337469	0.90
0.337472	0.70
0.337474	1.10
0.337477	0.60
0.337480	0.50
0.337483	0.70
0.337486	1.70
0.337489	0.70
0.337492	0.80
0.337495	0.90
0.337498	0.90
0.337500	0.80
0.337503	1.10
0.337506	1.50
0.337509	0.90
0.337512	0.50
0.337515	0.80
0.337518	0.90
0.337521	1.00
0.337524	1.30
0.337527	1.20
0.337529	1.10
0.337532	1.00
0.337535	0.60
0.337538	0.70
0.337541	0.80
0.337544	0.90
0.337547	1.60
0.337550	0.50
0.337553	1.00
0.337555	1.00
0.337558	1.10
0.337561	1.10
0.337564	0.90
0.337567	0.90
0.337570	0.50
0.337573	0.70
0.337576	0.80
0.337579	1.30
0.337581	1.10
0.337584	0.60
0.337587	1.20
0.337590	0.80
0.337593	1.20
0.337596	1.40
0.337599	0.90
0.337602	0.80
0.337605	1.00
0.337608	0.60
0.337610	0.70
0.337613	1.10
0.337616	1.40
0.337619	0.70
0.337622	0.80
0.337625	0.80
0.337628	1.10
0.337631	1.10
0.337634	2.00
0.337636	1.00
0.337639	0.60
0.337642	1.20
0.337645	1.10
0.337648	0.50
0.337651	0.60
0.337654	1.30
0.337657	0.80
0.337660	1.10
0.337663	1.40
0.337665	1.20
0.337668	0.60
0.337671	1.10
0.337674	0.80
0.337677	0.80
0.337680	1.00
0.337683	1.20
0.337686	0.60
0.337689	1.30
0.337691	0.80
0.337694	0.90
0.337697	0.90
0.337700	0.80
0.337703	1.20
0.337706	1.10
0.337709	1.00
0.337712	0.80
0.337715	1.00
0.337717	1.00
0.337720	1.80
0.337723	0.80
0.337726	1.50
0.337729	0.60
0.337732	1.20
0.337735	1.10
0.337738	0.60
0.337741	0.90
0.337744	0.80
0.337746	0.90
0.337749	1.10
0.337752	1.10
0.337755	0.40
0.337758	0.80
0.337761	1.10
0.337764	1.30
0.337767	0.90
0.337770	0.50
0.337772	0.80
0.337775	0.90
0.337778	0.80
0.337781	0.80
0.337784	1.20
0.337787	1.40
0.337790	0.90
0.337793	0.80
0.337796	0.90
0.337799	0.90
0.337801	0.80
0.337804	1.40
0.337807	0.70
0.337810	0.50
0.337813	0.80
0.337816	0.90
0.337819	0.90
0.337822	0.90
0.337825	0.80
0.337827	0.80
0.337830	1.00
0.337833	0.60
0.337836	0.40
0.337839	1.10
0.337842	0.80
0.337845	1.30
0.337848	0.90
0.337851	1.00
0.337853	0.90
0.337856	1.20
0.337859	0.40
0.337862	0.50
0.337865	1.30
0.337868	0.60
0.337871	0.60
0.337874	0.70
0.337877	0.70
0.337880	1.00
0.337882	1.10
0.337885	0.80
0.337888	1.00
0.337891	1.30
0.337894	0.70
0.337897	0.80
0.337900	0.60
0.337903	0.80
0.337906	0.90
0.337908	1.20
0.337911	1.00
0.337914	0.90
0.337917	0.80
0.337920	0.40
0.337923	0.40
0.337926	1.20
0.337929	1.30
0.337932	1.20
0.337934	1.00
0.337937	0.70
0.337940	1.40
0.337943	0.90
0.337946	0.60
0.337949	1.10
0.337952	1.00
0.337955	0.90
0.337958	0.70
0.337961	1.50
0.337963	1.10
0.337966	1.20
0.337969	0.80
0.337972	0.80
0.337975	0.90
0.337978	1.10
0.337981	0.50
0.337984	0.70
0.337987	0.90
0.337989	0.90
0.337992	0.80
0.337995	1.40
0.337998	1.10
0.338001	1.00
0.338004	0.90
0.338007	0.80
0.338010	0.70
0.338013	0.70
0.338016	0.70
0.338018	0.70
0.338021	0.60
0.338024	0.80
0.338027	0.90
0.338030	0.80
0.338033	1.00
0.338036	1.10
0.338039	1.30
0.338042	1.00
0.338044	0.80
0.338047	0.60
0.338050	1.00
0.338053	0.80
0.338056	0.80
0.338059	0.80
0.338062	0.50
0.338065	0.70
0.338068	0.50
0.338070	0.50
0.338073	0.90
0.338076	1.60
0.338079	0.70
0.338082	1.00
0.338085	0.40
0.338088	0.60
0.338091	0.90
0.338094	0.80
0.338097	0.70
0.338099	0.80
0.338102	0.90
0.338105	0.90
0.338108	1.00
0.338111	0.70
0.338114	0.80
0.338117	1.00
0.338120	0.60
0.338123	0.70
0.338125	0.60
0.338128	1.00
0.338131	0.80
0.338134	0.70
0.338137	0.90
0.338140	1.10
0.338143	1.10
0.338146	0.80
0.338149	1.00
0.338152	1.00
0.338154	0.90
0.338157	0.80
0.338160	1.40
0.338163	1.20
0.338166	1.00
0.338169	1.30
0.338172	0.80
0.338175	0.50
0.338178	1.10
0.338180	1.10
0.338183	0.80
0.338186	1.20
0.338189	0.90
0.338192	0.90
0.338195	1.10
0.338198	0.90
0.338201	1.10
0.338204	0.80
0.338206	1.20
0.338209	0.80
0.338212	1.00
0.338215	1.00
0.338218	1.00
0.338221	0.80
0.338224	1.10
0.338227	0.90
0.338230	0.80
0.338233	0.30
0.338235	1.10
0.338238	1.20
0.338241	1.20
0.338244	0.70
0.338247	1.30
0.338250	0.90
0.338253	1.00
0.338256	0.80
0.338259	1.00
0.338261	1.20
0.338264	1.10
0.338267	1.50
0.338270	0.70
0.338273	0.40
0.338276	1.10
0.338279	1.00
0.338282	1.00
0.338285	1.10
0.338288	1.30
0.338290	0.90
0.338293	0.90
0.338296	0.50
0.338299	1.20
0.338302	0.30
0.338305	1.10
0.338308	1.10
0.338311	0.60
0.338314	0.50
0.338316	1.00
0.338319	1.20
0.338322	0.70
0.338325	0.60
0.338328	0.80
0.338331	1.00
0.338334	1.10
0.338337	1.00
0.338340	1.20
0.338342	1.10
0.338345	1.00
0.338348	0.90
0.338351	0.70
0.338354	1.80
0.338357	0.90
0.338360	1.60
0.338363	1.20
0.338366	0.70
0.338369	1.90
0.338371	1.10
0.338374	0.60
0.338377	0.90
0.338380	0.70
0.338383	0.50
0.338386	0.90
0.338389	0.80
0.338392	0.80
0.338395	1.10
0.338397	1.30
0.338400	1.10
0.338403	1.10
0.338406	0.80
0.338409	1.10
0.338412	1.00
0.338415	1.30
0.338418	1.30
0.338421	1.20
0.338424	0.70
0.338426	1.00
0.338429	1.00
0.338432	0.70
0.338435	0.80
0.338438	1.30
0.338441	1.30
0.338444	1.20
0.338447	1.00
0.338450	0.80
0.338452	0.90
0.338455	1.10
0.338458	0.80
0.338461	0.60
0.338464	1.10
0.338467	1.00
0.338470	0.80
0.338473	0.60
0.338476	0.80
0.338478	0.50
0.338481	1.20
0.338484	1.00
0.338487	1.00
0.338490	0.90
0.338493	1.60
0.338496	1.00
0.338499	1.20
0.338502	0.70
0.338505	0.80
0.338507	0.50
0.338510	0.90
0.338513	1.10
0.338516	0.80
0.338519	1.00
0.338522	1.00
0.338525	1.10
0.338528	0.90
0.338531	0.60
0.338533	1.00
0.338536	1.00
0.338539	1.30
0.338542	1.20
0.338545	1.30
0.338548	1.00
0.338551	0.70
0.338554	1.00
0.338557	0.40
0.338559	1.20
0.338562	0.80
0.338565	1.30
0.338568	1.00
0.338571	0.60
0.338574	0.90
0.338577	0.70
0.338580	1.00
0.338583	0.90
0.338586	2.20
0.338588	1.20
0.338591	0.90
0.338594	1.30
0.338597	0.90
0.338600	1.20
0.338603	0.80
0.338606	0.70
0.338609	0.60
0.338612	0.70
0.338614	0.30
0.338617	0.60
0.338620	0.60
0.338623	1.10
0.338626	0.80
0.338629	1.00
0.338632	1.00
0.338635	1.00
0.338638	0.70
0.338641	0.40
0.338643	0.40
0.338646	1.60
0.338649	1.00
0.338652	0.70
0.338655	1.10
0.338658	1.40
0.338661	0.90
0.338664	1.30
0.338667	1.30
0.338669	0.80
0.338672	1.10
0.338675	0.70
0.338678	0.60
0.338681	0.80
0.338684	0.60
0.338687	0.50
0.338690	1.00
0.338693	0.90
0.338695	0.90
0.338698	0.90
0.338701	0.80
0.338704	1.30
0.338707	0.40
0.338710	0.80
0.338713	0.80
0.338716	0.80
0.338719	1.00
0.338722	1.30
0.338724	1.30
0.338727	1.50
0.338730	0.60
0.338733	1.10
0.338736	1.20
0.338739	0.90
0.338742	1.10
0.338745	0.60
0.338748	1.20
0.338750	1.10
0.338753	0.70
0.338756	1.30
0.338759	1.00
0.338762	1.00
0.338765	0.90
0.338768	1.10
0.338771	1.20
0.338774	0.90
0.338777	1.20
0.338779	0.70
0.338782	0.70
0.338785	0.80
0.338788	1.00
0.338791	1.10
0.338794	1.00
0.338797	0.80
0.338800	1.40
0.338803	1.50
0.338805	1.10
0.338808	0.90
0.338811	0.90
0.338814	0.60
0.338817	1.30
0.338820	0.80
0.338823	1.20
0.338826	1.70
0.338829	0.60
0.338831	0.80
0.338834	1.10
0.338837	0.60
0.338840	0.70
0.338843	1.00
0.338846	1.00
0.338849	1.10
0.338852	1.00
0.338855	1.00
0.338858	1.20
0.338860	1.10
0.338863	1.20
0.338866	0.80
0.338869	0.60
0.338872	1.00
0.338875	0.90
0.338878	0.90
0.338881	1.10
0.338884	1.10
0.338886	0.60
0.338889	0.90
0.338892	0.80
0.338895	1.10
0.338898	0.70
0.338901	0.60
0.338904	1.30
0.338907	1.00
0.338910	0.90
0.338913	0.40
0.338915	1.10
0.338918	1.10
0.338921	0.70
0.338924	0.70
0.338927	0.90
0.338930	1.10
0.338933	1.40
0.338936	0.90
0.338939	0.80
0.338941	0.90
0.338944	1.00
0.338947	0.90
0.338950	0.90
0.338953	0.80
0.338956	1.00
0.338959	1.00
0.338962	0.70
0.338965	1.00
0.338967	1.50
0.338970	0.70
0.338973	1.10
0.338976	0.80
0.338979	1.10
0.338982	0.80
0.338985	0.30
0.338988	1.00
0.338991	1.10
0.338994	0.90
0.338996	1.10
0.338999	0.80
0.339002	0.90
0.339005	1.00
0.339008	0.90
0.339011	1.20
0.339014	0.60
0.339017	0.80
0.339020	0.70
0.339022	0.80
0.339025	1.00
0.339028	0.90
0.339031	1.20
0.339034	1.00
0.339037	0.90
0.339040	0.50
0.339043	0.80
0.339046	1.00
0.339049	1.00
0.339051	0.50
0.339054	0.90
0.339057	1.10
0.339060	1.40
0.339063	1.00
0.339066	1.30
0.339069	1.00
0.339072	1.20
0.339075	1.20
0.339077	1.00
0.339080	1.30
0.339083	0.90
0.339086	0.80
0.339089	1.30
0.339092	0.60
0.339095	1.20
0.339098	1.00
0.339101	1.00
0.339103	1.20
0.339106	1.00
0.339109	1.20
0.339112	0.90
0.339115	0.80
0.339118	0.80
0.339121	1.10
0.339124	0.80
0.339127	1.00
0.339130	1.10
0.339132	1.10
0.339135	1.30
0.339138	0.50
0.339141	1.00
0.339144	0.70
0.339147	1.50
0.339150	0.90
0.339153	0.80
0.339156	1.30
0.339158	1.10
0.339161	0.60
0.339164	1.00
0.339167	0.80
0.339170	0.90
0.339173	0.50
0.339176	1.00
0.339179	0.60
0.339182	0.90
0.339184	1.40
0.339187	0.80
0.339190	1.00
0.339193	1.40
0.339196	0.80
0.339199	0.70
0.339202	0.70
0.339205	1.20
0.339208	0.70
0.339211	0.70
0.339213	1.20
0.339216	1.00
0.339219	0.90
0.339222	0.40
0.339225	1.40
0.339228	0.90
0.339231	0.70
0.339234	1.50
0.339237	1.20
0.339239	0.80
0.339242	0.50
0.339245	0.80
0.339248	1.10
0.339251	1.20
0.339254	0.90
0.339257	1.00
0.339260	1.40
0.339263	1.00
0.339266	0.80
0.339268	1.00
0.339271	0.80
0.339274	1.20
0.339277	0.90
0.339280	0.90
0.339283	1.00
0.339286	0.90
0.339289	0.70
0.339292	1.10
0.339294	0.80
0.339297	0.70
0.339300	0.40
0.339303	0.90
0.339306	0.90
0.339309	1.20
0.339312	1.00
0.339315	1.40
0.339318	0.90
0.339320	1.30
0.339323	0.80
0.339326	1.60
0.339329	1.50
0.339332	1.20
0.339335	1.00
0.339338	0.60
0.339341	0.50
0.339344	1.10
0.339347	0.80
0.339349	0.80
0.339352	0.90
0.339355	0.40
0.339358	0.70
0.339361	0.80
0.339364	0.90
0.339367	1.30
0.339370	0.70
0.339373	0.90
0.339375	1.50
0.339378	0.70
0.339381	1.40
0.339384	0.90
0.339387	1.80
0.339390	1.20
0.339393	1.10
0.339396	1.50
0.339399	0.70
0.339402	1.10
0.339404	1.30
0.339407	1.10
0.339410	1.10
0.339413	0.90
0.339416	1.10
0.339419	1.00
0.339422	0.70
0.339425	1.20
0.339428	0.80
0.339430	0.90
0.339433	0.90
0.339436	1.10
0.339439	0.90
0.339442	1.20
0.339445	0.90
0.339448	1.10
0.339451	0.70
0.339454	1.70
0.339456	0.70
0.339459	0.60
0.339462	1.60
0.339465	0.90
0.339468	1.10
0.339471	0.80
0.339474	1.00
0.339477	1.10
0.339480	0.70
0.339483	1.40
0.339485	1.00
0.339488	0.90
0.339491	0.70
0.339494	0.90
0.339497	1.40
0.339500	0.90
0.339503	0.90
0.339506	0.80
0.339509	0.80
0.339511	1.00
0.339514	1.00
0.339517	1.10
0.339520	1.60
0.339523	0.40
0.339526	0.70
0.339529	0.70
0.339532	1.20
0.339535	1.00
0.339538	1.20
0.339540	0.70
0.339543	1.20
0.339546	0.50
0.339549	1.00
0.339552	1.40
0.339555	1.00
0.339558	0.90
0.339561	1.10
0.339564	0.60
0.339566	0.90
0.339569	1.10
0.339572	1.10
0.339575	0.60
0.339578	1.00
0.339581	0.80
0.339584	1.00
0.339587	0.60
0.339590	0.60
0.339592	0.80
0.339595	1.40
0.339598	0.80
0.339601	0.80
0.339604	0.70
0.339607	0.80
0.339610	0.80
0.339613	0.30
0.339616	0.70
0.339619	1.40
0.339621	1.10
0.339624	0.70
0.339627	1.30
0.339630	1.60
0.339633	1.20
0.339636	1.20
0.339639	1.20
0.339642	0.80
0.339645	1.00
0.339647	0.80
0.339650	1.10
0.339653	1.60
0.339656	1.00
0.339659	1.00
0.339662	1.40
0.339665	0.90
0.339668	0.90
0.339671	0.60
0.339674	0.90
0.339676	1.00
0.339679	0.90
0.339682	1.00
0.339685	0.60
0.339688	1.10
0.339691	1.40
0.339694	0.70
0.339697	1.10
0.339700	1.50
0.339702	1.50
0.339705	0.90
0.339708	1.60
0.339711	1.10
0.339714	0.90
0.339717	0.80
0.339720	0.70
0.339723	0.80
0.339726	1.30
0.339728	0.80
0.339731	1.10
0.339734	1.10
0.339737	1.40
0.339740	1.10
0.339743	0.90
0.339746	1.50
0.339749	1.30
0.339752	1.60
0.339755	0.80
0.339757	1.00
0.339760	1.40
0.339763	1.10
0.339766	0.70
0.339769	1.40
0.339772	1.10
0.339775	0.50
0.339778	0.80
0.339781	0.70
0.339783	1.40
0.339786	1.30
0.339789	1.50
0.339792	1.20
0.339795	0.90
0.339798	0.80
0.339801	1.20
0.339804	1.00
0.339807	0.90
0.339809	0.70
0.339812	0.80
0.339815	0.50
0.339818	1.20
0.339821	0.60
0.339824	0.90
0.339827	1.30
0.339830	0.90
0.339833	0.60
0.339836	0.80
0.339838	1.00
0.339841	0.80
0.339844	0.60
0.339847	1.30
0.339850	0.80
0.339853	0.80
0.339856	1.00
0.339859	1.60
0.339862	1.10
0.339864	0.80
0.339867	1.00
0.339870	1.30
0.339873	1.20
0.339876	1.20
0.339879	0.90
0.339882	0.80
0.339885	1.30
0.339888	1.10
0.339891	0.80
0.339893	0.10
0.339896	1.70
0.339899	1.30
0.339902	1.20
0.339905	1.10
0.339908	1.50
0.339911	1.40
0.339914	1.00
0.339917	0.60
0.339919	0.90
0.339922	1.50
0.339925	0.80
0.339928	0.70
0.339931	0.50
0.339934	0.90
0.339937	0.70
0.339940	0.90
0.339943	1.00
0.339945	1.00
0.339948	0.90
0.339951	1.30
0.339954	0.70
0.339957	1.10
0.339960	0.90
0.339963	1.30
0.339966	1.20
0.339969	0.90
0.339972	0.40
0.339974	1.80
0.339977	1.10
0.339980	1.20
0.339983	1.50
0.339986	1.10
0.339989	1.00
0.339992	0.90
0.339995	1.20
0.339998	1.40
0.340000	1.00
0.340003	1.20
0.340006	1.00
0.340009	1.40
0.340012	1.00
0.340015	1.10
0.340018	1.00
0.340021	1.00
0.340024	0.70
0.340027	0.70
0.340029	0.30
0.340032	1.10
0.340035	1.00
0.340038	1.00
0.340041	0.80
0.340044	1.30
0.340047	0.90
0.340050	0.80
0.340053	1.10
0.340055	1.10
0.340058	0.80
0.340061	1.10
0.340064	1.20
0.340067	1.10
0.340070	1.10
0.340073	0.90
0.340076	1.10
0.340079	1.00
0.340081	1.10
0.340084	1.30
0.340087	0.70
0.340090	1.20
0.340093	1.30
0.340096	0.80
0.340099	0.90
0.340102	0.70
0.340105	0.90
0.340108	0.90
0.340110	1.00
0.340113	1.00
0.340116	1.10
0.340119	0.90
0.340122	1.50
0.340125	0.60
0.340128	1.30
0.340131	1.00
0.340134	1.00
0.340136	0.80
0.340139	0.60
0.340142	0.80
0.340145	0.90
0.340148	0.50
0.340151	0.50
0.340154	0.90
0.340157	0.90
0.340160	1.10
0.340163	1.20
0.340165	0.80
0.340168	1.00
0.340171	0.50
0.340174	0.60
0.340177	1.00
0.340180	1.20
0.340183	0.90
0.340186	0.80
0.340189	0.90
0.340191	0.80
0.340194	1.10
0.340197	1.30
0.340200	0.50
0.340203	0.90
0.340206	1.40
0.340209	0.40
0.340212	1.10
0.340215	0.80
0.340217	1.50
0.340220	1.00
0.340223	0.90
0.340226	0.80
0.340229	0.70
0.340232	0.70
0.340235	1.30
0.340238	1.10
0.340241	1.20
0.340244	0.90
0.340246	1.20
0.340249	1.50
0.340252	0.80
0.340255	0.90
0.340258	1.10
0.340261	1.20
0.340264	0.80
0.340267	0.60
0.340270	0.90
0.340272	0.90
0.340275	1.10
0.340278	0.80
0.340281	1.30
0.340284	0.90
0.340287	0.90
0.340290	1.00
0.340293	1.40
0.340296	1.40
0.340299	1.10
0.340301	0.70
0.340304	0.90
0.340307	1.00
0.340310	1.00
0.340313	1.00
0.340316	1.10
0.340319	1.10
0.340322	1.60
0.340325	1.20
0.340327	0.80
0.340330	0.80
0.340333	1.20
0.340336	0.70
0.340339	1.50
0.340342	1.10
0.340345	1.30
0.340348	0.90
0.340351	1.30
0.340353	1.20
0.340356	1.00
0.340359	1.10
0.340362	1.00
0.340365	0.70
0.340368	1.30
0.340371	0.70
0.340374	1.10
0.340377	0.60
0.340380	0.80
0.340382	1.00
0.340385	0.80
0.340388	0.90
0.340391	0.70
0.340394	1.00
0.340397	1.20
0.340400	1.50
0.340403	0.60
0.340406	1.30
0.340408	1.10
0.340411	1.90
0.340414	3.20
0.340417	3.20
0.340420	4.50
0.340423	5.20
0.340426	5.00
0.340429	5.50
0.340432	4.70
0.340434	4.60
0.340437	5.00
0.340440	4.20
0.340443	4.10
0.340446	3.30
0.340449	3.70
0.340452	4.10
0.340455	2.70
0.340458	2.80
0.340461	2.30
0.340463	2.30
0.340466	2.20
0.340469	1.90
0.340472	1.80
0.340475	2.00
0.340478	1.70
0.340481	1.90
0.340484	1.70
0.340487	1.70
0.340489	1.20
0.340492	1.20
0.340495	1.10
0.340498	1.50
0.340501	1.50
0.340504	1.10
0.340507	1.50
0.340510	1.30
0.340513	0.90
0.340516	1.00
0.340518	1.40
0.340521	1.10
0.340524	1.20
0.340527	1.10
0.340530	1.20
0.340533	1.40
0.340536	1.20
0.340539	1.00
0.340542	0.70
0.340544	1.20
0.340547	1.30
0.340550	0.80
0.340553	0.70
0.340556	0.90
0.340559	1.20
0.340562	1.10
0.340565	1.10
0.340568	1.00
0.340570	0.40
0.340573	1.00
0.340576	1.10
0.340579	1.00
0.340582	0.90
0.340585	1.10
0.340588	1.20
0.340591	1.40
0.340594	1.20
0.340597	0.70
0.340599	0.90
0.340602	1.10
0.340605	1.10
0.340608	1.20
0.340611	0.90
0.340614	1.10
0.340617	0.80
0.340620	1.40
0.340623	0.90
0.340625	1.30
0.340628	1.20
0.340631	1.30
0.340634	1.20
0.340637	0.80
0.340640	0.80
0.340643	0.50
0.340646	1.10
0.340649	1.00
0.340652	1.00
0.340654	1.10
0.340657	0.80
0.340660	0.80
0.340663	0.80
0.340666	0.60
0.340669	1.30
0.340672	0.80
0.340675	0.70
0.340678	0.90
0.340680	1.10
0.340683	1.00
0.340686	1.30
0.340689	0.20
0.340692	0.90
0.340695	1.20
0.340698	0.40
0.340701	1.20
0.340704	0.70
0.340706	1.20
0.340709	0.90
0.340712	1.40
0.340715	0.80
0.340718	1.00
0.340721	1.40
0.340724	0.80
0.340727	1.60
0.340730	0.70
0.340733	0.70
0.340735	1.00
0.340738	1.10
0.340741	1.30
0.340744	1.30
0.340747	0.80
0.340750	1.40
0.340753	1.00
0.340756	0.90
0.340759	1.00
0.340761	1.10
0.340764	0.90
0.340767	1.30
0.340770	1.10
0.340773	0.70
0.340776	0.90
0.340779	1.30
0.340782	1.10
0.340785	1.40
0.340788	0.80
0.340790	0.90
0.340793	1.20
0.340796	0.70
0.340799	1.00
0.340802	1.00
0.340805	0.60
0.340808	0.70
0.340811	0.80
0.340814	1.30
0.340816	1.10
0.340819	1.20
0.340822	1.10
0.340825	0.80
0.340828	1.00
0.340831	1.10
0.340834	1.20
0.340837	1.00
0.340840	0.90
0.340842	1.00
0.340845	0.70
0.340848	0.90
0.340851	1.00
0.340854	1.30
0.340857	0.70
0.340860	1.00
0.340863	1.60
0.340866	1.10
0.340869	1.20
0.340871	1.10
0.340874	1.00
0.340877	0.90
0.340880	0.70
0.340883	1.10
0.340886	0.70
0.340889	0.80
0.340892	0.80
0.340895	0.80
0.340897	1.20
0.340900	1.00
0.340903	0.90
0.340906	0.90
0.340909	0.70
0.340912	1.10
0.340915	1.10
0.340918	1.00
0.340921	1.40
0.340924	0.80
0.340926	0.80
0.340929	1.20
0.340932	1.30
0.340935	0.70
0.340938	1.00
0.340941	0.90
0.340944	1.30
0.340947	0.80
0.340950	0.70
0.340952	0.70
0.340955	1.50
0.340958	0.90
0.340961	1.60
0.340964	1.20
0.340967	1.40
0.340970	1.10
0.340973	0.80
0.340976	0.90
0.340978	1.10
0.340981	1.10
0.340984	1.00
0.340987	1.00
0.340990	1.10
0.340993	1.20
0.340996	1.10
0.340999	0.80
0.341002	0.90
0.341005	0.60
0.341007	1.10
0.341010	1.10
0.341013	0.80
0.341016	1.20
0.341019	1.10
0.341022	1.10
0.341025	1.10
0.341028	1.10
0.341031	1.40
0.341033	1.10
0.341036	1.50
0.341039	0.90
0.341042	0.90
0.341045	1.10
0.341048	0.60
0.341051	1.00
0.341054	0.60
0.341057	0.30
0.341059	0.70
0.341062	1.10
0.341065	1.70
0.341068	1.20
0.341071	1.20
0.341074	0.50
0.341077	1.10
0.341080	1.50
0.341083	1.40
0.341086	1.20
0.341088	1.10
0.341091	1.30
0.341094	1.20
0.341097	0.90
0.341100	0.90
0.341103	1.10
0.341106	1.00
0.341109	0.40
0.341112	1.00
0.341114	0.80
0.341117	1.60
0.341120	1.30
0.341123	1.30
0.341126	0.60
0.341129	1.20
0.341132	0.60
0.341135	1.10
0.341138	0.40
0.341141	1.10
0.341143	0.60
0.341146	1.10
0.341149	1.40
0.341152	1.10
0.341155	0.70
0.341158	1.30
0.341161	1.10
0.341164	1.60
0.341167	1.30
0.341169	0.90
0.341172	1.10
0.341175	1.30
0.341178	1.30
0.341181	1.10
0.341184	1.10
0.341187	1.20
0.341190	1.40
0.341193	1.70
0.341195	2.80
0.341198	4.60
0.341201	4.90
0.341204	5.00
0.341207	5.50
0.341210	6.60
0.341213	5.50
0.341216	5.20
0.341219	4.30
0.341222	4.60
0.341224	4.30
0.341227	4.10
0.341230	4.60
0.341233	3.20
0.341236	3.40
0.341239	2.60
0.341242	2.60
0.341245	3.30
0.341248	2.70
0.341250	2.50
0.341253	2.10
0.341256	1.90
0.341259	2.10
0.341262	2.00
0.341265	2.00
0.341268	1.70
0.341271	1.60
0.341274	1.30
0.341277	1.50
0.341279	1.90
0.341282	1.70
0.341285	1.10
0.341288	1.40
0.341291	1.10
0.341294	1.50
0.341297	1.00
0.341300	1.40
0.341303	1.30
0.341305	1.30
0.341308	1.30
0.341311	1.10
0.341314	1.10
0.341317	1.10
0.341320	1.00
0.341323	1.00
0.341326	1.10
0.341329	1.10
0.341331	1.40
0.341334	1.20
0.341337	2.60
0.341340	0.40
0.341343	1.10
0.341346	1.10
0.341349	1.00
0.341352	1.40
0.341355	0.80
0.341358	1.20
0.341360	1.10
0.341363	1.10
0.341366	1.30
0.341369	1.20
0.341372	1.00
0.341375	1.20
0.341378	1.30
0.341381	1.20
0.341384	1.10
0.341386	0.70
0.341389	1.40
0.341392	0.90
0.341395	0.80
0.341398	1.10
0.341401	1.10
0.341404	1.10
0.341407	0.80
0.341410	1.20
0.341413	1.10
0.341415	1.00
0.341418	1.10
0.341421	1.00
0.341424	0.70
0.341427	1.00
0.341430	1.10
0.341433	1.40
0.341436	1.00
0.341439	0.70
0.341441	1.00
0.341444	1.40
0.341447	1.00
0.341450	0.90
0.341453	1.20
0.341456	1.00
0.341459	1.20
0.341462	0.90
0.341465	1.30
0.341467	1.20
0.341470	1.10
0.341473	1.50
0.341476	1.50
0.341479	1.40
0.341482	1.10
0.341485	1.60
0.341488	0.90
0.341491	1.40
0.341494	1.40
0.341496	0.50
0.341499	1.00
0.341502	0.70
0.341505	1.00
0.341508	0.90
0.341511	1.40
0.341514	0.80
0.341517	0.60
0.341520	1.00
0.341522	1.10
0.341525	0.90
0.341528	0.90
0.341531	1.30
0.341534	1.70
0.341537	0.90
0.341540	1.00
0.341543	0.50
0.341546	1.00
0.341549	0.70
0.341551	1.00
0.341554	1.00
0.341557	1.00
0.341560	0.50
0.341563	1.00
0.341565	0.80
0.341569	1.00
0.341572	1.00
0.341574	1.00
0.341577	1.60
0.341580	0.80
0.341583	1.20
0.341586	0.70
0.341589	1.30
0.341592	1.30
0.341595	1.10
0.341598	1.00
0.341600	1.10
0.341603	0.80
0.341606	0.80
0.341609	1.40
0.341612	1.00
0.341615	1.20
0.341617	1.40
0.341621	2.10
0.341624	1.20
0.341627	1.20
0.341629	0.40
0.341632	1.00
0.341635	1.40
0.341638	1.90
0.341641	1.30
0.341644	1.20
0.341647	1.30
0.341650	0.60
0.341653	0.90
0.341655	1.30
0.341658	1.30
0.341661	0.80
0.341664	1.60
0.341667	1.60
0.341670	1.20
0.341673	1.10
0.341676	0.90
0.341679	1.10
0.341681	0.80
0.341684	1.10
0.341687	1.20
0.341690	1.20
0.341693	1.00
0.341696	0.90
0.341699	0.90
0.341702	0.70
0.341705	1.40
0.341708	1.00
0.341710	1.00
0.341713	1.20
0.341716	1.20
0.341719	1.20
0.341722	0.60
0.341725	1.10
0.341728	1.00
0.341731	0.90
0.341734	1.00
0.341736	0.90
0.341739	1.20
0.341742	1.00
0.341745	1.30
0.341748	1.00
0.341751	1.20
0.341754	1.30
0.341757	1.60
0.341760	0.50
0.341763	0.70
0.341765	0.80
0.341768	1.20
0.341771	1.80
0.341774	1.00
0.341777	1.10
0.341780	0.90
0.341783	1.00
0.341786	1.00
0.341789	1.40
0.341791	1.50
0.341794	1.20
0.341797	1.50
0.341800	1.10
0.341803	1.70
0.341806	1.00
0.341809	1.30
0.341812	1.00
0.341815	2.00
0.341817	1.00
0.341820	1.60
0.341823	1.10
0.341826	1.00
0.341829	1.60
0.341832	0.90
0.341835	0.70
0.341838	1.10
0.341841	0.90
0.341844	1.30
0.341846	1.20
0.341849	1.20
0.341852	1.70
0.341855	2.20
0.341858	4.70
0.341861	4.90
0.341864	5.90
0.341867	5.30
0.341870	6.00
0.341872	5.50
0.341875	5.70
0.341878	4.80
0.341881	4.50
0.341884	4.40
0.341887	5.00
0.341890	3.70
0.341893	3.40
0.341896	3.00
0.341899	3.20
0.341901	3.50
0.341904	2.90
0.341907	2.30
0.341910	2.50
0.341913	2.30
0.341916	2.40
0.341919	2.70
0.341922	1.70
0.341925	1.90
0.341927	1.80
0.341930	2.00
0.341933	1.70
0.341936	1.40
0.341939	1.50
0.341942	1.50
0.341945	1.20
0.341948	1.70
0.341951	1.80
0.341953	1.00
0.341956	1.50
0.341959	0.90
0.341962	1.00
0.341965	1.20
0.341968	1.20
0.341971	1.30
0.341974	0.90
0.341977	1.30
0.341980	1.30
0.341982	1.00
0.341985	1.20
0.341988	1.40
0.341991	0.80
0.341994	1.00
0.341997	0.70
0.342000	0.90
0.342003	1.50
0.342006	1.50
0.342008	1.30
0.342011	1.10
0.342014	1.20
0.342017	1.40
0.342020	1.20
0.342023	1.30
0.342026	1.10
0.342029	1.20
0.342032	1.00
0.342034	1.10
0.342037	1.00
0.342040	1.20
0.342043	1.10
0.342046	1.80
0.342049	0.80
0.342052	0.70
0.342055	1.00
0.342058	1.00
0.342061	1.10
0.342063	1.30
0.342066	1.10
0.342069	1.20
0.342072	1.00
0.342075	0.90
0.342078	1.10
0.342081	0.80
0.342084	0.70
0.342087	1.00
0.342089	1.10
0.342092	1.20
0.342095	0.70
0.342098	1.50
0.342101	0.90
0.342104	1.00
0.342107	0.60
0.342110	1.20
0.342113	1.20
0.342116	1.20
0.342118	1.20
0.342121	1.10
0.342124	1.50
0.342127	1.00
0.342130	1.00
0.342133	0.70
0.342136	0.80
0.342139	1.00
0.342142	1.00
0.342144	1.20
0.342147	1.30
0.342150	1.00
0.342153	1.20
0.342156	0.80
0.342159	1.10
0.342162	1.40
0.342165	1.10
0.342168	1.10
0.342170	0.90
0.342173	1.30
0.342176	1.50
0.342179	1.50
0.342182	0.60
0.342185	0.90
0.342188	1.30
0.342191	1.40
0.342194	1.00
0.342197	1.20
0.342199	1.60
0.342202	1.00
0.342205	1.30
0.342208	1.00
0.342211	1.10
0.342214	1.40
0.342217	0.80
0.342220	0.90
0.342223	0.70
0.342225	1.10
0.342228	0.80
0.342231	1.50
0.342234	1.20
0.342237	0.70
0.342240	1.00
0.342243	1.20
0.342246	1.00
0.342249	1.30
0.342252	1.10
0.342254	0.70
0.342257	1.10
0.342260	1.10
0.342263	1.50
0.342266	0.90
0.342269	1.10
0.342272	1.10
0.342275	1.30
0.342278	0.70
0.342280	0.90
0.342283	1.40
0.342286	0.90
0.342289	1.40
0.342292	1.50
0.342295	1.10
0.342298	1.50
0.342301	1.00
0.342304	0.90
0.342306	0.50
0.342309	1.00
0.342312	0.70
0.342315	1.30
0.342318	1.10
0.342321	1.50
0.342324	1.00
0.342327	1.40
0.342330	1.10
0.342333	0.50
0.342335	1.00
0.342338	1.30
0.342341	0.90
0.342344	0.60
0.342347	1.00
0.342350	1.20
0.342353	0.90
0.342356	0.80
0.342359	1.00
0.342361	1.20
0.342364	1.50
0.342367	1.20
0.342370	1.00
0.342373	1.40
0.342376	1.20
0.342379	1.50
0.342382	1.40
0.342385	1.60
0.342388	1.40
0.342390	1.40
0.342393	1.30
0.342396	1.40
0.342399	1.40
0.342402	1.30
0.342405	1.20
0.342408	1.50
0.342411	0.80
0.342414	1.20
0.342416	1.30
0.342419	1.00
0.342422	1.40
0.342425	0.80
0.342428	1.10
0.342431	1.00
0.342434	1.00
0.342437	1.20
0.342440	0.80
0.342442	0.90
0.342445	0.90
0.342448	0.60
0.342451	0.70
0.342454	1.20
0.342457	0.50
0.342460	0.80
0.342463	1.10
0.342466	1.50
0.342469	1.70
0.342471	0.70
0.342474	1.00
0.342477	1.10
0.342480	1.40
0.342483	1.10
0.342486	2.60
0.342489	8.60
0.342492	18.20
0.342495	26.90
0.342497	37.90
0.342500	42.60
0.342503	43.80
0.342506	47.00
0.342509	42.10
0.342512	39.20
0.342515	37.20
0.342518	32.30
0.342520	29.90
0.342523	27.60
0.342526	27.20
0.342529	23.50
0.342532	21.70
0.342535	19.10
0.342538	16.80
0.342541	14.10
0.342544	14.00
0.342547	13.40
0.342550	11.40
0.342552	10.00
0.342555	9.10
0.342558	8.30
0.342561	7.10
0.342564	6.70
0.342567	6.20
0.342570	6.20
0.342573	5.80
0.342576	6.20
0.342578	5.30
0.342581	5.20
0.342584	3.90
0.342587	3.90
0.342590	3.50
0.342593	3.10
0.342596	2.70
0.342599	2.70
0.342602	2.60
0.342605	2.70
0.342607	2.10
0.342610	2.10
0.342613	2.30
0.342616	2.30
0.342619	1.30
0.342622	2.30
0.342625	1.80
0.342628	1.20
0.342631	1.50
0.342633	2.00
0.342636	1.70
0.342639	2.00
0.342642	1.20
0.342645	1.30
0.342648	1.30
0.342651	1.20
0.342654	1.20
0.342657	0.80
0.342659	1.30
0.342662	1.40
0.342665	1.30
0.342668	1.00
0.342671	1.20
0.342674	1.60
0.342677	0.90
0.342680	1.10
0.342683	1.20
0.342686	1.20
0.342688	1.20
0.342691	1.30
0.342694	1.30
0.342697	0.80
0.342700	1.10
0.342703	0.70
0.342706	1.00
0.342709	1.00
0.342712	1.50
0.342714	1.40
0.342717	0.90
0.342720	0.90
0.342723	1.20
0.342726	0.70
0.342729	1.00
0.342732	1.20
0.342735	0.90
0.342738	0.90
0.342741	1.00
0.342743	1.10
0.342746	0.70
0.342749	0.90
0.342752	1.30
0.342755	2.10
0.342758	1.10
0.342761	1.10
0.342764	1.00
0.342767	0.90
0.342769	0.80
0.342772	1.30
0.342775	1.00
0.342778	1.00
0.342781	1.30
0.342784	1.10
0.342787	1.00
0.342790	0.60
0.342793	1.50
0.342795	1.10
0.342798	0.70
0.342801	1.10
0.342804	0.70
0.342807	1.00
0.342810	0.80
0.342813	1.40
0.342816	1.00
0.342819	1.00
0.342822	0.90
0.342824	1.30
0.342827	0.60
0.342830	1.50
0.342833	1.10
0.342836	1.30
0.342839	1.20
0.342842	0.90
0.342845	1.00
0.342848	1.00
0.342850	1.30
0.342853	1.10
0.342856	1.00
0.342859	1.70
0.342862	1.10
0.342865	2.10
0.342868	1.10
0.342871	1.50
0.342874	1.30
0.342877	1.20
0.342879	1.50
0.342882	1.30
0.342885	1.20
0.342888	1.20
0.342891	0.60
0.342894	1.70
0.342897	1.20
0.342900	1.00
0.342903	1.10
0.342905	0.90
0.342908	1.60
0.342911	1.00
0.342914	0.70
0.342917	0.80
0.342920	1.40
0.342923	0.90
0.342926	0.70
0.342929	0.80
0.342931	0.80
0.342934	1.10
0.342937	1.00
0.342940	0.90
0.342943	1.10
0.342946	0.90
0.342949	0.90
0.342952	1.10
0.342955	1.30
0.342958	0.90
0.342960	1.10
0.342963	1.30
0.342966	1.00
0.342969	1.40
0.342972	1.10
0.342975	1.00
0.342978	1.10
0.342981	1.20
0.342984	1.10
0.342986	1.20
0.342989	1.00
0.342992	1.60
0.342995	1.60
0.342998	0.50
0.343001	1.20
0.343004	1.30
0.343007	1.20
0.343010	1.30
0.343013	0.80
0.343015	1.20
0.343018	1.00
0.343021	0.90
0.343024	1.30
0.343027	0.90
0.343030	1.20
0.343033	0.80
0.343036	1.20
0.343039	1.00
0.343041	0.80
0.343044	1.30
0.343047	1.10
0.343050	1.20
0.343053	1.10
0.343056	1.10
0.343059	0.90
0.343062	1.00
0.343065	1.00
0.343067	0.80
0.343070	1.30
0.343073	1.20
0.343076	0.60
0.343079	1.00
0.343082	1.40
0.343085	1.10
0.343088	1.30
0.343091	1.20
0.343094	1.00
0.343096	0.50
0.343099	0.90
0.343102	1.10
0.343105	0.70
0.343108	0.50
0.343111	1.60
0.343114	1.20
0.343117	1.20
0.343120	0.90
0.343122	1.10
0.343125	1.40
0.343128	1.20
0.343131	1.10
0.343134	1.30
0.343137	1.40
0.343140	1.00
0.343143	1.30
0.343146	1.30
0.343149	1.10
0.343151	0.90
0.343154	1.70
0.343157	1.30
0.343160	1.00
0.343163	1.40
0.343166	1.20
0.343169	1.00
0.343172	0.90
0.343175	1.10
0.343177	1.40
0.343180	0.90
0.343183	0.80
0.343186	1.20
0.343189	1.30
0.343192	1.20
0.343195	1.20
0.343198	0.80
0.343201	0.80
0.343203	1.00
0.343206	1.00
0.343209	1.20
0.343212	1.30
0.343215	1.10
0.343218	0.80
0.343221	1.50
0.343224	1.10
0.343227	1.00
0.343230	1.00
0.343232	1.10
0.343235	1.20
0.343238	0.90
0.343241	1.50
0.343244	1.40
0.343247	1.40
0.343250	1.10
0.343253	1.20
0.343256	1.30
0.343258	1.00
0.343261	0.90
0.343264	1.50
0.343267	1.20
0.343270	0.90
0.343273	0.90
0.343276	0.90
0.343279	0.90
0.343282	1.10
0.343284	1.20
0.343287	0.90
0.343290	1.20
0.343293	1.00
0.343296	0.90
0.343299	0.70
0.343302	0.80
0.343305	1.40
0.343308	1.00
0.343311	0.90
0.343313	0.80
0.343316	1.10
0.343319	1.00
0.343322	1.40
0.343325	1.20
0.343328	0.80
0.343331	1.00
0.343334	0.60
0.343337	1.40
0.343339	1.00
0.343342	1.20
0.343345	1.00
0.343348	1.10
0.343351	1.20
0.343354	0.90
0.343357	1.20
0.343360	1.20
0.343363	1.20
0.343366	0.90
0.343368	1.10
0.343371	1.30
0.343374	1.30
0.343377	0.90
0.343380	0.80
0.343383	1.60
0.343386	0.90
0.343389	1.30
0.343392	1.30
0.343394	1.20
0.343397	1.60
0.343400	1.10
0.343403	0.90
0.343406	1.10
0.343409	1.40
0.343412	0.70
0.343415	1.00
0.343418	0.00
0.343420	1.60
0.343423	1.00
0.343426	1.00
0.343429	0.80
0.343432	1.00
0.343435	1.20
0.343438	1.20
0.343441	0.80
0.343444	1.20
0.343447	1.00
0.343449	0.80
0.343452	1.40
0.343455	0.90
0.343458	0.70
0.343461	1.30
0.343464	0.90
0.343467	1.00
0.343470	0.90
0.343473	0.70
0.343475	1.20
0.343478	1.20
0.343481	1.00
0.343484	1.20
0.343487	1.00
0.343490	1.40
0.343493	1.00
0.343496	1.10
0.343499	1.00
0.343502	1.40
0.343504	1.00
0.343507	1.20
0.343510	0.90
0.343513	1.20
0.343516	0.80
0.343519	1.10
0.343522	0.70
0.343525	1.30
0.343528	1.10
0.343530	1.10
0.343533	1.30
0.343536	0.80
0.343539	1.00
0.343542	1.20
0.343545	1.20
0.343548	1.00
0.343551	1.20
0.343554	1.20
0.343556	1.30
0.343559	0.70
0.343562	1.10
0.343565	1.20
0.343568	1.20
0.343571	1.80
0.343574	1.50
0.343577	1.20
0.343580	0.90
0.343583	1.20
0.343585	1.20
0.343588	1.50
0.343591	1.20
0.343594	1.30
0.343597	1.60
0.343600	1.20
0.343603	0.30
0.343606	1.20
0.343609	1.00
0.343611	0.70
0.343614	1.70
0.343617	1.30
0.343620	1.10
0.343623	1.30
0.343626	1.10
0.343629	1.50
0.343632	1.80
0.343635	0.80
0.343638	1.10
0.343640	0.90
0.343643	1.00
0.343646	0.80
0.343649	1.00
0.343652	1.10
0.343655	1.00
0.343658	1.20
0.343661	1.20
0.343664	0.90
0.343666	0.80
0.343669	1.20
0.343672	0.90
0.343675	0.90
0.343678	1.10
0.343681	1.30
0.343684	5.00
0.343687	17.10
0.343690	40.20
0.343692	51.60
0.343695	55.00
0.343698	49.60
0.343701	48.20
0.343704	48.80
0.343707	43.30
0.343710	39.50
0.343713	36.50
0.343716	33.50
0.343719	30.20
0.343721	27.90
0.343724	24.20
0.343727	22.10
0.343730	20.80
0.343733	18.00
0.343736	16.40
0.343739	15.20
0.343742	15.40
0.343745	13.20
0.343747	12.00
0.343750	10.50
0.343753	9.30
0.343756	8.40
0.343759	8.30
0.343762	8.50
0.343765	7.20
0.343768	6.10
0.343771	5.10
0.343774	5.10
0.343776	5.00
0.343779	4.80
0.343782	4.00
0.343785	4.40
0.343788	3.90
0.343791	3.40
0.343794	4.30
0.343797	2.80
0.343800	2.90
0.343802	2.50
0.343805	2.30
0.343808	2.10
0.343811	1.70
0.343814	1.90
0.343817	1.80
0.343820	1.90
0.343823	2.40
0.343826	1.60
0.343828	1.90
0.343831	2.00
0.343834	1.50
0.343837	1.60
0.343840	1.80
0.343843	1.30
0.343846	1.40
0.343849	1.30
0.343852	1.10
0.343855	1.50
0.343857	1.10
0.343860	1.60
0.343863	1.50
0.343866	1.70
0.343869	1.50
0.343872	1.70
0.343875	1.00
0.343878	1.70
0.343881	1.40
0.343883	1.50
0.343886	1.30
0.343889	1.20
0.343892	0.90
0.343895	1.30
0.343898	1.40
0.343901	1.30
0.343904	1.00
0.343907	1.10
0.343909	0.70
0.343912	0.90
0.343915	1.10
0.343918	0.90
0.343921	1.20
0.343924	1.20
0.343927	1.30
0.343930	0.70
0.343933	0.80
0.343936	0.80
0.343938	1.40
0.343941	1.30
0.343944	1.30
0.343947	1.20
0.343950	0.90
0.343953	0.90
0.343956	1.30
0.343959	0.90
0.343962	0.60
0.343964	1.60
0.343967	1.20
0.343970	1.20
0.343973	1.10
0.343976	1.30
0.343979	0.80
0.343982	0.80
0.343985	0.80
0.343988	1.40
0.343991	1.30
0.343993	1.30
0.343996	1.30
0.343999	1.00
0.344002	1.00
0.344005	1.20
0.344008	1.20
0.344011	1.30
0.344014	1.20
0.344017	1.10
0.344019	1.20
0.344022	0.80
0.344025	1.30
0.344028	0.90
0.344031	0.70
0.344034	0.70
0.344037	1.10
0.344040	1.30
0.344043	1.30
0.344045	1.10
0.344048	0.60
0.344051	1.40
0.344054	0.60
0.344057	0.80
0.344060	1.10
0.344063	1.20
0.344066	1.30
0.344069	1.20
0.344072	1.50
0.344074	1.50
0.344077	1.40
0.344080	1.50
0.344083	1.30
0.344086	1.40
0.344089	1.50
0.344092	1.30
0.344095	1.40
0.344098	1.10
0.344100	1.10
0.344103	1.10
0.344106	1.50
0.344109	1.10
0.344112	1.20
0.344115	1.30
0.344118	0.70
0.344121	0.70
0.344124	1.20
0.344127	1.10
0.344129	1.20
0.344132	1.30
0.344135	1.10
0.344138	1.50
0.344141	1.30
0.344144	1.20
0.344147	1.00
0.344150	0.90
0.344153	1.10
0.344155	0.60
0.344158	0.90
0.344161	1.70
0.344164	1.30
0.344167	1.50
0.344170	0.90
0.344173	1.00
0.344176	1.00
0.344179	1.00
0.344181	1.40
0.344184	1.50
0.344187	1.30
0.344190	0.90
0.344193	1.50
0.344196	1.00
0.344199	1.30
0.344202	1.20
0.344205	1.10
0.344208	1.00
0.344210	2.10
0.344213	1.00
0.344216	1.20
0.344219	1.20
0.344222	1.40
0.344225	1.30
0.344228	1.10
0.344231	1.10
0.344234	1.30
0.344236	1.20
0.344239	1.20
0.344242	1.10
0.344245	1.30
0.344248	1.30
0.344251	0.70
0.344254	1.10
0.344257	1.30
0.344260	0.80
0.344263	0.50
0.344265	1.20
0.344268	1.00
0.344271	1.50
0.344274	1.20
0.344277	1.20
0.344280	1.00
0.344283	1.70
0.344286	1.10
0.344289	1.70
0.344291	1.20
0.344294	1.50
0.344297	0.90
0.344300	1.10
0.344303	1.10
0.344306	0.90
0.344309	1.90
0.344312	1.30
0.344315	0.80
0.344317	1.60
0.344320	1.00
0.344323	1.00
0.344326	1.30
0.344329	1.00
0.344332	1.20
0.344335	1.30
0.344338	1.20
0.344341	1.20
0.344344	1.30
0.344346	1.30
0.344349	0.50
0.344352	1.30
0.344355	1.10
0.344358	1.60
0.344361	1.10
0.344364	1.30
0.344367	1.50
0.344370	1.60
0.344372	2.90
0.344375	14.20
0.344378	27.20
0.344381	32.50
0.344384	39.20
0.344387	45.50
0.344390	47.00
0.344393	49.20
0.344396	48.30
0.344399	45.30
0.344401	40.30
0.344404	37.70
0.344407	35.70
0.344410	31.90
0.344413	27.20
0.344416	23.80
0.344419	23.10
0.344422	21.70
0.344425	19.60
0.344427	17.50
0.344430	15.40
0.344433	15.20
0.344436	15.30
0.344439	12.10
0.344442	11.50
0.344445	11.00
0.344448	8.80
0.344451	8.50
0.344453	7.90
0.344456	7.80
0.344459	6.40
0.344462	5.70
0.344465	5.00
0.344468	5.10
0.344471	4.40
0.344474	4.60
0.344477	4.00
0.344480	4.00
0.344482	3.80
0.344485	3.00
0.344488	3.10
0.344491	3.20
0.344494	2.30
0.344497	2.30
0.344500	2.10
0.344503	1.90
0.344506	2.10
0.344508	1.70
0.344511	2.00
0.344514	1.70
0.344517	1.60
0.344520	1.60
0.344523	1.70
0.344526	1.00
0.344529	1.60
0.344532	1.70
0.344534	2.10
0.344537	1.10
0.344540	1.60
0.344543	1.60
0.344546	1.60
0.344549	1.70
0.344552	1.30
0.344555	1.50
0.344558	1.30
0.344561	1.30
0.344563	1.30
0.344566	1.50
0.344569	1.10
0.344572	1.00
0.344575	1.10
0.344578	1.90
0.344581	1.80
0.344584	1.40
0.344587	0.80
0.344589	1.20
0.344592	1.00
0.344595	1.30
0.344598	1.20
0.344601	1.40
0.344604	1.20
0.344607	1.20
0.344610	1.20
0.344613	1.20
0.344616	1.20
0.344618	1.20
0.344621	0.90
0.344624	1.50
0.344627	0.90
0.344630	1.10
0.344633	1.10
0.344636	1.10
0.344639	1.50
0.344642	1.60
0.344644	1.30
0.344647	1.70
0.344650	1.00
0.344653	0.80
0.344656	0.90
0.344659	1.40
0.344662	1.30
0.344665	1.30
0.344668	1.60
0.344670	1.20
0.344673	1.60
0.344676	1.10
0.344679	1.10
0.344682	1.20
0.344685	1.40
0.344688	0.90
0.344691	1.20
0.344694	1.00
0.344697	0.90
0.344699	1.00
0.344702	1.00
0.344705	1.00
0.344708	1.10
0.344711	0.80
0.344714	1.00
0.344717	0.80
0.344720	1.90
0.344723	1.60
0.344725	1.40
0.344728	1.20
0.344731	1.20
0.344734	1.30
0.344737	1.10
0.344740	1.30
0.344743	0.90
0.344746	1.30
0.344749	1.00
0.344752	1.40
0.344754	1.20
0.344757	1.30
0.344760	0.80
0.344763	1.10
0.344766	1.10
0.344769	1.00
0.344772	1.00
0.344775	1.30
0.344778	1.20
0.344780	1.20
0.344783	1.10
0.344786	1.20
0.344789	0.90
0.344792	1.40
0.344795	1.40
0.344798	0.90
0.344801	0.90
0.344804	1.40
0.344806	1.20
0.344809	1.30
0.344812	1.00
0.344815	1.40
0.344818	1.70
0.344821	1.40
0.344824	1.10
0.344827	1.50
0.344830	1.00
0.344833	0.90
0.344835	0.90
0.344838	1.20
0.344841	1.40
0.344844	1.10
0.344847	0.70
0.344850	1.00
0.344853	1.20
0.344856	1.50
0.344859	1.40
0.344861	1.20
0.344864	1.00
0.344867	0.80
0.344870	1.30
0.344873	1.10
0.344876	1.70
0.344879	1.20
0.344882	1.40
0.344885	1.30
0.344888	0.90
0.344890	1.20
0.344893	1.10
0.344896	1.30
0.344899	1.30
0.344902	1.20
0.344905	0.80
0.344908	0.90
0.344911	0.90
0.344914	1.00
0.344916	1.50
0.344919	1.40
0.344922	1.10
0.344925	1.30
0.344928	1.40
0.344931	1.30
0.344934	1.40
0.344937	1.00
0.344940	1.30
0.344942	1.70
0.344945	1.60
0.344948	1.30
0.344951	0.80
0.344954	1.30
0.344957	1.20
0.344960	1.40
0.344963	0.70
0.344966	1.00
0.344969	1.20
0.344971	1.00
0.344974	1.30
0.344977	0.80
0.344980	0.90
0.344983	1.30
0.344986	1.10
0.344989	1.70
0.344992	1.20
0.344995	1.10
0.344997	1.60
0.345000	1.30
0.345003	1.70
0.345006	1.40
0.345009	1.30
0.345012	1.50
0.345015	1.00
0.345018	1.10
0.345021	1.60
0.345024	1.50
0.345026	1.30
0.345029	1.00
0.345032	0.70
0.345035	1.30
0.345038	1.20
0.345041	1.30
0.345044	1.00
0.345047	1.50
0.345050	1.60
0.345052	1.40
0.345055	1.10
0.345058	1.00
0.345061	1.00
0.345064	1.10
0.345067	1.10
0.345070	1.30
0.345073	1.00
0.345076	1.70
0.345078	2.00
0.345081	1.40
0.345084	1.30
0.345087	1.60
0.345090	1.00
0.345093	1.10
0.345096	1.10
0.345099	1.00
0.345102	1.60
0.345105	1.50
0.345107	1.10
0.345110	1.30
0.345113	0.90
0.345116	1.30
0.345119	1.50
0.345122	1.30
0.345125	1.40
0.345128	1.40
0.345131	0.50
0.345133	1.10
0.345136	0.70
0.345139	1.00
0.345142	0.80
0.345145	1.00
0.345148	1.30
0.345151	1.10
0.345154	1.20
0.345157	1.00
0.345159	1.40
0.345162	0.70
0.345165	1.50
0.345168	1.60
0.345171	1.40
0.345174	1.10
0.345177	1.20
0.345180	1.20
0.345183	0.90
0.345186	1.40
0.345188	1.30
0.345191	1.30
0.345194	1.00
0.345197	0.80
0.345200	1.00
0.345203	1.30
0.345206	1.30
0.345209	1.60
0.345212	0.70
0.345214	1.60
0.345217	1.30
0.345220	0.60
0.345223	1.20
0.345226	0.60
0.345229	1.20
0.345232	2.20
0.345235	1.20
0.345238	1.10
0.345241	1.00
0.345243	1.40
0.345246	1.10
0.345249	1.30
0.345252	1.40
0.345255	0.80
0.345258	1.10
0.345261	1.40
0.345264	1.00
0.345267	1.70
0.345269	1.40
0.345272	1.20
0.345275	1.40
0.345278	1.10
0.345281	1.30
0.345284	0.90
0.345287	1.50
0.345290	1.20
0.345293	1.30
0.345295	0.80
0.345298	1.20
0.345301	1.70
0.345304	1.60
0.345307	1.30
0.345310	1.40
0.345313	1.00
0.345316	1.20
0.345319	1.30
0.345322	1.00
0.345324	1.40
0.345327	1.70
0.345330	1.20
0.345333	1.00
0.345336	0.80
0.345339	1.00
0.345342	0.90
0.345345	1.30
0.345348	1.40
0.345350	1.40
0.345353	1.10
0.345356	1.20
0.345359	1.20
0.345362	0.90
0.345365	1.20
0.345368	1.40
0.345371	1.20
0.345374	1.50
0.345377	1.00
0.345379	1.20
0.345382	1.20
0.345385	1.00
0.345388	1.00
0.345391	1.00
0.345394	1.50
0.345397	1.30
0.345400	1.10
0.345403	1.20
0.345405	1.00
0.345408	1.40
0.345411	1.20
0.345414	1.00
0.345417	1.80
0.345420	1.30
0.345423	1.20
0.345426	0.90
0.345429	1.00
0.345431	1.10
0.345434	1.50
0.345437	1.10
0.345440	1.30
0.345443	1.10
0.345446	1.00
0.345449	1.20
0.345452	1.40
0.345455	1.10
0.345458	1.10
0.345460	1.20
0.345463	1.00
0.345466	1.20
0.345469	1.20
0.345472	0.80
0.345475	1.00
0.345478	1.10
0.345481	1.50
0.345484	1.30
0.345486	0.90
0.345489	1.10
0.345492	1.20
0.345495	0.70
0.345498	0.70
0.345501	1.00
0.345504	1.10
0.345507	1.60
0.345510	1.10
0.345513	1.20
0.345515	1.10
0.345518	1.20
0.345521	0.70
0.345524	1.10
0.345527	1.30
0.345530	1.00
0.345533	1.20
0.345536	1.80
0.345539	1.40
0.345541	1.00
0.345544	1.40
0.345547	1.20
0.345550	1.00
0.345553	1.40
0.345556	1.00
0.345559	1.10
0.345562	0.70
0.345565	1.40
0.345567	1.30
0.345570	1.40
0.345573	1.00
0.345576	1.20
0.345579	1.60
0.345582	1.30
0.345585	1.60
0.345588	0.80
0.345591	1.20
0.345594	1.70
0.345596	1.30
0.345599	1.00
0.345602	0.80
0.345605	1.20
0.345608	0.90
0.345611	0.70
0.345614	1.00
0.345617	1.30
0.345620	1.10
0.345622	1.10
0.345625	1.40
0.345628	2.10
0.345631	1.00
0.345634	1.30
0.345637	1.50
0.345640	1.00
0.345643	1.00
0.345646	1.40
0.345649	1.20
0.345651	1.40
0.345654	1.10
0.345657	0.80
0.345660	0.90
0.345663	1.00
0.345666	1.10
0.345669	0.90
0.345672	0.90
0.345675	1.50
0.345677	1.10
0.345680	1.00
0.345683	1.60
0.345686	1.20
0.345689	1.10
0.345692	1.70
0.345695	1.60
0.345698	1.60
0.345701	1.20
0.345703	1.20
0.345706	0.90
0.345709	1.00
0.345712	1.20
0.345715	1.30
0.345718	0.80
0.345721	0.70
0.345724	1.10
0.345727	1.20
0.345730	0.90
0.345732	1.40
0.345735	1.20
0.345738	1.20
0.345741	1.40
0.345744	1.10
0.345747	1.00
0.345750	1.20
0.345753	1.30
0.345756	1.10
0.345758	1.30
0.345761	0.90
0.345764	1.50
0.345767	1.00
0.345770	1.30
0.345773	1.30
0.345776	1.30
0.345779	1.20
0.345782	0.80
0.345784	0.90
0.345787	0.90
0.345790	1.30
0.345793	1.40
0.345796	1.20
0.345799	0.80
0.345802	1.50
0.345805	1.20
0.345808	1.10
0.345811	1.00
0.345813	0.90
0.345816	1.10
0.345819	1.30
0.345822	1.50
0.345825	1.40
0.345828	1.70
0.345831	1.00
0.345834	1.40
0.345837	1.40
0.345839	0.80
0.345842	1.10
0.345845	1.40
0.345848	1.30
0.345851	1.60
0.345854	1.70
0.345857	4.80
0.345860	12.00
0.345863	22.70
0.345866	29.20
0.345868	29.30
0.345871	27.60
0.345874	27.80
0.345877	28.00
0.345880	24.70
0.345883	24.50
0.345886	22.60
0.345889	20.30
0.345892	17.30
0.345894	15.00
0.345897	14.70
0.345900	12.10
0.345903	11.50
0.345906	11.30
0.345909	9.70
0.345912	8.60
0.345915	8.50
0.345918	7.60
0.345920	7.60
0.345923	5.90
0.345926	5.90
0.345929	6.00
0.345932	5.20
0.345935	4.60
0.345938	4.20
0.345941	3.50
0.345944	4.20
0.345947	4.00
0.345949	3.30
0.345952	2.60
0.345955	3.10
0.345958	3.00
0.345961	2.90
0.345964	2.70
0.345967	2.40
0.345970	2.00
0.345973	2.10
0.345975	2.00
0.345978	2.30
0.345981	1.30
0.345984	2.10
0.345987	2.00
0.345990	2.20
0.345993	1.60
0.345996	1.60
0.345999	1.90
0.346002	2.00
0.346004	1.50
0.346007	1.20
0.346010	1.40
0.346013	1.60
0.346016	1.90
0.346019	1.50
0.346022	1.80
0.346025	1.50
0.346028	1.40
0.346030	1.20
0.346033	1.80
0.346036	1.60
0.346039	1.30
0.346042	1.10
0.346045	1.40
0.346048	1.20
0.346051	1.10
0.346054	1.00
0.346056	1.20
0.346059	1.30
0.346062	1.30
0.346065	0.90
0.346068	1.50
0.346071	0.80
0.346074	1.10
0.346077	1.20
0.346080	1.20
0.346083	0.90
0.346085	1.20
0.346088	1.30
0.346091	1.30
0.346094	1.20
0.346097	1.40
0.346100	1.40
0.346103	1.00
0.346106	0.90
0.346109	1.40
0.346111	1.40
0.346114	1.20
0.346117	1.30
0.346120	1.40
0.346123	1.00
0.346126	1.40
0.346129	1.30
0.346132	1.10
0.346135	0.90
0.346138	1.10
0.346140	1.10
0.346143	0.90
0.346146	1.80
0.346149	1.70
0.346152	0.90
0.346155	1.40
0.346158	1.40
0.346161	1.60
0.346164	1.50
0.346166	1.00
0.346169	1.10
0.346172	1.20
0.346175	0.70
0.346178	1.10
0.346181	1.40
0.346184	1.70
0.346187	1.00
0.346190	0.90
0.346192	1.30
0.346195	1.40
0.346198	1.00
0.346201	1.40
0.346204	2.00
0.346207	1.20
0.346210	1.50
0.346213	1.50
0.346216	1.10
0.346219	1.40
0.346221	1.00
0.346224	1.10
0.346227	0.80
0.346230	1.10
0.346233	1.50
0.346236	1.10
0.346239	1.20
0.346242	0.80
0.346245	1.20
0.346247	0.90
0.346250	1.20
0.346253	1.50
0.346256	0.90
0.346259	1.10
0.346262	1.10
0.346265	1.70
0.346268	1.20
0.346271	1.20
0.346274	1.10
0.346276	1.30
0.346279	1.90
0.346282	1.40
0.346285	1.40
0.346288	1.30
0.346291	1.30
0.346294	1.40
0.346297	1.70
0.346300	1.10
0.346302	1.20
0.346305	1.20
0.346308	1.10
0.346311	0.90
0.346314	1.10
0.346317	1.00
0.346320	1.90
0.346323	1.20
0.346326	1.40
0.346328	1.20
0.346331	0.90
0.346334	1.00
0.346337	1.30
0.346340	0.60
0.346343	0.80
0.346346	0.90
0.346349	1.20
0.346352	1.30
0.346355	1.00
0.346357	1.50
0.346360	1.20
0.346363	1.40
0.346366	1.50
0.346369	1.00
0.346372	0.90
0.346375	1.10
0.346378	1.10
0.346381	0.80
0.346383	0.90
0.346386	1.30
0.346389	1.20
0.346392	0.90
0.346395	1.30
0.346398	1.10
0.346401	1.30
0.346404	1.60
0.346407	0.90
0.346409	1.40
0.346412	1.00
0.346415	1.60
0.346418	1.30
0.346421	1.40
0.346424	1.30
0.346427	1.70
0.346430	2.20
0.346433	1.00
0.346436	1.50
0.346438	1.30
0.346441	1.10
0.346444	1.20
0.346447	1.40
0.346450	1.30
0.346453	1.20
0.346456	1.10
0.346459	1.10
0.346462	1.50
0.346464	1.30
0.346467	1.60
0.346470	1.30
0.346473	1.60
0.346476	2.00
0.346479	1.30
0.346482	1.60
0.346485	1.20
0.346488	1.30
0.346491	1.30
0.346493	1.20
0.346496	1.50
0.346499	0.90
0.346502	1.60
0.346505	1.30
0.346508	1.50
0.346511	1.30
0.346514	1.30
0.346517	1.20
0.346519	1.20
0.346522	1.20
0.346525	1.10
0.346528	1.10
0.346531	1.40
0.346534	0.90
0.346537	1.50
0.346540	1.20
0.346543	0.80
0.346545	1.20
0.346548	1.20
0.346551	1.40
0.346554	1.20
0.346557	1.00
0.346560	1.40
0.346563	1.40
0.346566	1.00
0.346569	1.50
0.346572	1.20
0.346574	1.20
0.346577	1.40
0.346580	1.20
0.346583	1.30
0.346586	1.30
0.346589	1.00
0.346592	1.20
0.346595	1.10
0.346598	1.20
0.346600	1.00
0.346603	0.90
0.346606	1.30
0.346609	1.00
0.346612	1.20
0.346615	1.30
0.346618	1.60
0.346621	0.90
0.346624	1.40
0.346627	1.20
0.346629	1.10
0.346632	1.20
0.346635	0.80
0.346638	1.60
0.346641	1.00
0.346644	1.20
0.346647	1.40
0.346650	1.30
0.346653	1.50
0.346655	1.00
0.346658	1.30
0.346661	1.30
0.346664	1.30
0.346667	1.30
0.346670	1.00
0.346673	1.60
0.346676	1.10
0.346679	1.10
0.346681	1.80
0.346684	1.30
0.346687	1.30
0.346690	1.40
0.346693	1.00
0.346696	0.80
0.346699	1.80
0.346702	1.40
0.346705	0.80
0.346708	1.10
0.346710	1.00
0.346713	0.80
0.346716	1.10
0.346719	1.60
0.346722	2.80
0.346725	9.70
0.346728	16.20
0.346731	21.00
0.346734	23.50
0.346736	25.90
0.346739	24.10
0.346742	24.50
0.346745	22.60
0.346748	21.70
0.346751	19.20
0.346754	18.40
0.346757	15.80
0.346760	16.00
0.346763	13.70
0.346765	13.70
0.346768	12.30
0.346771	10.80
0.346774	10.40
0.346777	10.30
0.346780	9.30
0.346783	8.30
0.346786	7.70
0.346789	6.90
0.346791	6.00
0.346794	5.20
0.346797	6.20
0.346800	5.00
0.346803	4.50
0.346806	4.10
0.346809	4.00
0.346812	3.90
0.346815	3.50
0.346817	3.20
0.346820	2.70
0.346823	2.90
0.346826	3.00
0.346829	2.30
0.346832	2.60
0.346835	2.60
0.346838	2.40
0.346841	2.20
0.346844	2.20
0.346846	1.80
0.346849	2.00
0.346852	1.40
0.346855	1.30
0.346858	1.70
0.346861	2.00
0.346864	2.00
0.346867	1.70
0.346870	1.10
0.346872	1.50
0.346875	1.50
0.346878	1.30
0.346881	2.10
0.346884	1.50
0.346887	2.00
0.346890	1.40
0.346893	1.70
0.346896	1.20
0.346899	1.30
0.346901	1.30
0.346904	1.60
0.346907	0.90
0.346910	1.50
0.346913	1.00
0.346916	1.40
0.346919	1.30
0.346922	1.10
0.346925	1.30
0.346927	1.30
0.346930	1.40
0.346933	1.40
0.346936	1.40
0.346939	1.60
0.346942	1.10
0.346945	1.20
0.346948	1.20
0.346951	1.30
0.346953	1.00
0.346956	1.30
0.346959	1.40
0.346962	1.10
0.346965	1.60
0.346968	1.30
0.346971	1.40
0.346974	1.80
0.346977	1.50
0.346980	1.30
0.346982	0.90
0.346985	1.50
0.346988	1.30
0.346991	1.70
0.346994	1.10
0.346997	0.80
0.347000	0.90
0.347003	1.30
0.347006	1.30
0.347008	1.00
0.347011	0.80
0.347014	1.30
0.347017	1.50
0.347020	1.00
0.347023	0.70
0.347026	1.20
0.347029	1.00
0.347032	1.40
0.347034	1.50
0.347037	1.00
0.347040	1.60
0.347043	0.90
0.347046	1.10
0.347049	0.80
0.347052	1.20
0.347055	1.20
0.347058	1.60
0.347061	1.30
0.347063	1.70
0.347066	1.10
0.347069	1.30
0.347072	1.20
0.347075	1.20
0.347078	0.90
0.347081	1.60
0.347084	1.40
0.347087	1.30
0.347089	1.30
0.347092	1.30
0.347095	2.00
0.347098	1.80
0.347101	1.20
0.347104	1.70
0.347107	1.10
0.347110	1.60
0.347113	1.00
0.347116	1.00
0.347118	1.40
0.347121	1.20
0.347124	1.00
0.347127	1.10
0.347130	1.40
0.347133	1.30
0.347136	1.50
0.347139	0.80
0.347142	1.50
0.347144	1.10
0.347147	1.00
0.347150	1.10
0.347153	1.40
0.347156	1.00
0.347159	1.40
0.347162	0.80
0.347165	0.80
0.347168	1.50
0.347170	1.40
0.347173	1.00
0.347176	1.10
0.347179	1.20
0.347182	1.10
0.347185	1.60
0.347188	1.60
0.347191	0.90
0.347194	1.30
0.347197	1.40
0.347199	1.00
0.347202	1.10
0.347205	1.00
0.347208	0.80
0.347211	1.00
0.347214	1.30
0.347217	1.00
0.347220	1.20
0.347223	1.10
0.347225	1.30
0.347228	1.10
0.347231	1.40
0.347234	1.10
0.347237	1.10
0.347240	1.00
0.347243	1.20
0.347246	1.50
0.347249	1.40
0.347252	1.30
0.347254	1.50
0.347257	1.70
0.347260	1.30
0.347263	1.70
0.347266	1.40
0.347269	1.40
0.347272	0.50
0.347275	1.30
0.347278	1.10
0.347280	0.90
0.347283	0.90
0.347286	1.20
0.347289	1.60
0.347292	1.50
0.347295	1.50
0.347298	1.00
0.347301	1.60
0.347304	1.40
0.347306	1.30
0.347309	1.10
0.347312	1.60
0.347315	1.40
0.347318	1.30
0.347321	1.30
0.347324	1.30
0.347327	0.90
0.347330	1.30
0.347333	1.00
0.347335	1.50
0.347338	2.50
0.347341	3.40
0.347344	7.70
0.347347	16.00
0.347350	22.80
0.347353	25.70
0.347356	26.60
0.347359	26.70
0.347361	26.10
0.347364	24.10
0.347367	20.80
0.347370	21.00
0.347373	18.60
0.347376	16.50
0.347379	14.40
0.347382	14.00
0.347385	11.60
0.347388	10.30
0.347390	9.70
0.347393	10.20
0.347396	9.60
0.347399	8.30
0.347402	6.80
0.347405	6.50
0.347408	5.80
0.347411	5.40
0.347414	4.70
0.347416	4.60
0.347419	4.10
0.347422	4.60
0.347425	4.10
0.347428	3.10
0.347431	3.60
0.347434	2.90
0.347437	3.40
0.347440	3.00
0.347442	2.30
0.347445	2.10
0.347448	3.10
0.347451	2.40
0.347454	2.00
0.347457	1.60
0.347460	1.90
0.347463	2.00
0.347466	2.20
0.347469	1.70
0.347471	1.40
0.347474	2.00
0.347477	1.50
0.347480	1.90
0.347483	1.70
0.347486	1.60
0.347489	1.30
0.347492	1.80
0.347495	1.30
0.347497	1.40
0.347500	1.30
0.347503	1.40
0.347506	1.40
0.347509	1.50
0.347512	1.30
0.347515	1.10
0.347518	1.60
0.347521	1.60
0.347524	1.50
0.347526	1.40
0.347529	1.60
0.347532	2.00
0.347535	1.60
0.347538	1.60
0.347541	0.90
0.347544	1.30
0.347547	1.00
0.347550	1.10
0.347552	1.20
0.347555	1.50
0.347558	1.30
0.347561	1.10
0.347564	1.60
0.347567	1.40
0.347570	1.30
0.347573	1.20
0.347576	1.50
0.347578	0.90
0.347581	1.40
0.347584	0.80
0.347587	1.10
0.347590	1.10
0.347593	1.00
0.347596	1.30
0.347599	1.90
0.347602	1.10
0.347605	1.50
0.347607	1.40
0.347610	1.20
0.347613	1.40
0.347616	1.10
0.347619	1.20
0.347622	1.40
0.347625	1.10
0.347628	1.30
0.347631	1.70
0.347633	1.00
0.347636	1.10
0.347639	1.60
0.347642	1.50
0.347645	0.90
0.347648	1.20
0.347651	1.10
0.347654	1.60
0.347657	1.20
0.347659	1.30
0.347662	1.10
0.347665	1.00
0.347668	1.50
0.347671	1.30
0.347674	1.10
0.347677	1.30
0.347680	1.50
0.347683	1.20
0.347686	1.70
0.347688	1.40
0.347691	1.00
0.347694	0.60
0.347697	1.00
0.347700	1.00
0.347703	1.30
0.347706	1.40
0.347709	1.10
0.347712	1.20
0.347714	1.00
0.347717	1.00
0.347720	1.30
0.347723	1.20
0.347726	1.50
0.347729	1.60
0.347732	1.70
0.347735	1.30
0.347738	1.50
0.347741	1.70
0.347743	1.60
0.347746	1.10
0.347749	1.20
0.347752	1.40
0.347755	1.00
0.347758	1.30
0.347761	1.10
0.347764	1.50
0.347767	1.70
0.347769	1.10
0.347772	1.20
0.347775	1.50
0.347778	1.50
0.347781	1.40
0.347784	1.10
0.347787	1.50
0.347790	1.00
0.347793	1.40
0.347795	1.30
0.347798	0.90
0.347801	1.80
0.347804	1.20
0.347807	1.90
0.347810	1.10
0.347813	1.20
0.347816	1.10
0.347819	0.80
0.347822	1.30
0.347824	1.20
0.347827	0.90
0.347830	0.80
0.347833	1.20
0.347836	1.30
0.347839	1.90
0.347842	1.40
0.347845	1.30
0.347848	1.50
0.347850	1.60
0.347853	1.40
0.347856	1.70
0.347859	1.10
0.347862	1.30
0.347865	1.30
0.347868	1.70
0.347871	1.40
0.347874	1.20
0.347877	1.40
0.347879	1.70
0.347882	1.60
0.347885	1.00
0.347888	1.30
0.347891	1.20
0.347894	1.70
0.347897	1.40
0.347900	1.40
0.347903	0.70
0.347905	1.30
0.347908	1.80
0.347911	1.30
0.347914	2.30
0.347917	1.60
0.347920	1.90
0.347923	1.20
0.347926	2.00
0.347929	1.50
0.347931	1.10
0.347934	1.10
0.347937	0.80
0.347940	1.50
0.347943	1.10
0.347946	1.30
0.347949	1.20
0.347952	1.40
0.347955	1.00
0.347958	1.10
0.347960	1.10
0.347963	0.80
0.347966	1.20
0.347969	1.90
0.347972	1.10
0.347975	0.80
0.347978	1.00
0.347981	1.30
0.347984	1.10
0.347986	1.60
0.347989	1.10
0.347992	2.10
0.347995	6.20
0.347998	23.60
0.348001	48.10
0.348004	79.90
0.348007	115.80
0.348010	143.60
0.348013	143.20
0.348015	140.00
0.348018	133.30
0.348021	116.40
0.348024	102.40
0.348027	95.40
0.348030	85.40
0.348033	80.10
0.348036	70.60
0.348039	66.90
0.348041	57.20
0.348044	51.80
0.348047	51.20
0.348050	48.20
0.348053	43.00
0.348056	40.60
0.348059	37.50
0.348062	33.70
0.348065	29.50
0.348067	26.20
0.348070	23.30
0.348073	20.90
0.348076	18.80
0.348079	18.60
0.348082	16.20
0.348085	14.50
0.348088	13.10
0.348091	11.30
0.348094	10.10
0.348096	10.10
0.348099	9.60
0.348102	8.30
0.348105	8.50
0.348108	6.30
0.348111	6.10
0.348114	5.40
0.348117	4.80
0.348120	5.20
0.348122	5.30
0.348125	4.60
0.348128	4.80
0.348131	3.90
0.348134	3.90
0.348137	4.40
0.348140	3.60
0.348143	3.10
0.348146	3.00
0.348149	2.30
0.348151	2.40
0.348154	2.60
0.348157	2.50
0.348160	2.50
0.348163	2.30
0.348166	2.00
0.348169	2.80
0.348172	2.40
0.348175	1.60
0.348177	1.60
0.348180	2.00
0.348183	1.90
0.348186	2.00
0.348189	1.90
0.348192	1.70
0.348195	1.40
0.348198	1.60
0.348201	1.90
0.348203	1.10
0.348206	1.60
0.348209	1.40
0.348212	1.90
0.348215	1.40
0.348218	1.80
0.348221	1.40
0.348224	1.30
0.348227	1.30
0.348230	1.50
0.348232	1.60
0.348235	0.60
0.348238	1.40
0.348241	1.20
0.348244	1.90
0.348247	1.50
0.348250	1.20
0.348253	0.90
0.348256	1.60
0.348258	1.50
0.348261	1.40
0.348264	1.20
0.348267	1.30
0.348270	1.20
0.348273	1.20
0.348276	1.10
0.348279	1.00
0.348282	1.10
0.348284	1.60
0.348287	1.10
0.348290	1.10
0.348293	1.00
0.348296	1.60
0.348299	1.20
0.348302	1.30
0.348305	1.30
0.348308	1.50
0.348311	1.60
0.348313	1.20
0.348316	1.30
0.348319	1.00
0.348322	0.80
0.348325	1.50
0.348328	1.00
0.348331	1.60
0.348334	1.20
0.348337	1.40
0.348339	1.10
0.348342	1.20
0.348345	1.40
0.348348	1.90
0.348351	1.50
0.348354	1.10
0.348357	1.50
0.348360	1.30
0.348363	1.30
0.348366	1.10
0.348368	1.40
0.348371	1.20
0.348374	1.30
0.348377	1.40
0.348380	1.70
0.348383	1.10
0.348386	1.30
0.348389	1.40
0.348392	0.90
0.348394	0.80
0.348397	1.40
0.348400	1.20
0.348403	1.40
0.348406	1.10
0.348409	1.50
0.348412	1.30
0.348415	1.30
0.348418	1.50
0.348420	1.20
0.348423	1.20
0.348426	1.50
0.348429	1.50
0.348432	1.80
0.348435	1.10
0.348438	1.20
0.348441	1.70
0.348444	1.00
0.348447	0.90
0.348449	1.40
0.348452	1.10
0.348455	1.20
0.348458	1.00
0.348461	1.30
0.348464	1.60
0.348467	1.40
0.348470	1.40
0.348473	1.30
0.348475	1.30
0.348478	1.90
0.348481	1.40
0.348484	1.50
0.348487	1.70
0.348490	1.50
0.348493	1.10
0.348496	1.20
0.348499	1.20
0.348502	1.30
0.348504	1.10
0.348507	1.10
0.348510	1.40
0.348513	1.50
0.348516	1.20
0.348519	1.30
0.348522	1.00
0.348525	1.40
0.348528	1.00
0.348530	1.50
0.348533	1.40
0.348536	1.40
0.348539	1.00
0.348542	1.40
0.348545	1.80
0.348548	1.90
0.348551	1.50
0.348554	1.20
0.348556	1.30
0.348559	1.60
0.348562	1.30
0.348565	1.30
0.348568	1.20
0.348571	1.70
0.348574	1.20
0.348577	1.20
0.348580	1.50
0.348583	1.40
0.348585	0.80
0.348588	1.20
0.348591	1.30
0.348594	1.40
0.348597	1.20
0.348600	1.10
0.348603	1.30
0.348606	1.30
0.348609	1.00
0.348611	1.30
0.348614	1.60
0.348617	1.40
0.348620	1.30
0.348623	1.30
0.348626	1.00
0.348629	1.60
0.348632	1.30
0.348635	1.60
0.348638	1.80
0.348640	1.60
0.348643	1.10
0.348646	1.10
0.348649	1.50
0.348652	1.20
0.348655	1.80
0.348658	1.70
0.348661	1.10
0.348664	1.30
0.348666	1.20
0.348669	1.40
0.348672	1.60
0.348675	2.10
0.348678	10.10
0.348681	36.90
0.348684	67.80
0.348687	111.30
0.348690	136.00
0.348692	144.50
0.348695	144.90
0.348698	138.40
0.348701	128.40
0.348704	118.80
0.348707	105.70
0.348710	100.00
0.348713	91.00
0.348716	83.30
0.348719	76.10
0.348721	71.50
0.348724	66.90
0.348727	63.70
0.348730	57.70
0.348733	52.10
0.348736	44.20
0.348739	37.00
0.348742	33.70
0.348745	30.40
0.348747	28.50
0.348750	25.80
0.348753	24.70
0.348756	23.90
0.348759	20.50
0.348762	17.80
0.348765	17.20
0.348768	15.20
0.348771	13.20
0.348774	12.60
0.348776	12.90
0.348779	11.30
0.348782	9.20
0.348785	9.60
0.348788	9.50
0.348791	7.70
0.348794	7.60
0.348797	7.10
0.348800	5.50
0.348802	5.30
0.348805	5.80
0.348808	5.40
0.348811	5.20
0.348814	3.90
0.348817	4.50
0.348820	4.10
0.348823	3.40
0.348826	2.90
0.348828	3.20
0.348831	3.40
0.348834	2.20
0.348837	2.70
0.348840	2.10
0.348843	2.70
0.348846	2.40
0.348849	2.10
0.348852	2.70
0.348855	2.30
0.348857	1.80
0.348860	2.70
0.348863	2.40
0.348866	2.10
0.348869	1.90
0.348872	1.90
0.348875	1.90
0.348878	1.80
0.348881	2.30
0.348883	2.10
0.348886	1.70
0.348889	1.60
0.348892	1.70
0.348895	1.80
0.348898	2.10
0.348901	1.30
0.348904	1.50
0.348907	1.80
0.348909	1.90
0.348912	1.40
0.348915	1.60
0.348918	1.10
0.348921	0.50
0.348924	1.60
0.348927	1.00
0.348930	1.20
0.348933	1.00
0.348936	1.90
0.348938	1.30
0.348941	1.80
0.348944	1.10
0.348947	1.10
0.348950	1.40
0.348953	1.10
0.348956	1.90
0.348959	1.20
0.348962	1.20
0.348964	1.80
0.348967	1.30
0.348970	1.10
0.348973	1.00
0.348976	1.10
0.348979	1.60
0.348982	1.00
0.348985	1.20
0.348988	0.90
0.348991	1.40
0.348993	1.70
0.348996	1.30
0.348999	1.70
0.349002	1.00
0.349005	1.20
0.349008	1.20
0.349011	1.30
0.349014	1.30
0.349017	1.50
0.349019	1.40
0.349022	1.40
0.349025	1.30
0.349028	1.90
0.349031	1.30
0.349034	1.70
0.349037	1.10
0.349040	1.60
0.349043	1.80
0.349045	1.00
0.349048	1.20
0.349051	1.30
0.349054	1.40
0.349057	0.80
0.349060	1.60
0.349063	1.10
0.349066	1.70
0.349069	1.10
0.349072	0.90
0.349074	0.80
0.349077	1.50
0.349080	1.30
0.349083	1.10
0.349086	1.20
0.349089	1.70
0.349092	0.70
0.349095	1.00
0.349098	1.10
0.349100	2.10
0.349103	1.60
0.349106	2.00
0.349109	1.60
0.349112	1.20
0.349115	1.60
0.349118	1.40
0.349121	1.40
0.349124	0.60
0.349127	1.40
0.349129	1.60
0.349132	1.20
0.349135	1.00
0.349138	1.60
0.349141	1.40
0.349144	1.10
0.349147	1.40
0.349150	1.20
0.349153	1.10
0.349155	1.30
0.349158	1.90
0.349161	1.80
0.349164	1.10
0.349167	1.20
0.349170	0.80
0.349173	1.00
0.349176	0.90
0.349179	1.00
0.349181	1.30
0.349184	1.20
0.349187	1.00
0.349190	1.00
0.349193	1.10
0.349196	1.00
0.349199	1.10
0.349202	1.30
0.349205	1.40
0.349208	1.60
0.349210	1.40
0.349213	1.70
0.349216	1.20
0.349219	1.10
0.349222	1.80
0.349225	1.90
0.349228	1.30
0.349231	1.30
0.349234	1.20
0.349236	1.40
0.349239	1.50
0.349242	2.00
0.349245	1.60
0.349248	1.60
0.349251	1.80
0.349254	1.80
0.349257	1.50
0.349260	1.20
0.349263	1.40
0.349265	1.40
0.349268	1.50
0.349271	1.30
0.349274	1.50
0.349277	1.20
0.349280	1.40
0.349283	1.20
0.349286	1.80
0.349289	1.20
0.349291	1.00
0.349294	1.50
0.349297	1.30
0.349300	1.30
0.349303	1.00
0.349306	1.30
0.349309	1.60
0.349312	1.60
0.349315	1.80
0.349317	1.50
0.349320	1.20
0.349323	1.20
0.349326	1.10
0.349329	0.90
0.349332	1.50
0.349335	1.90
0.349338	3.20
0.349341	25.60
0.349344	65.70
0.349346	96.00
0.349349	114.50
0.349352	131.50
0.349355	139.40
0.349358	141.10
0.349361	134.90
0.349364	127.20
0.349367	114.80
0.349370	103.00
0.349372	92.30
0.349375	81.30
0.349378	74.10
0.349381	72.10
0.349384	65.60
0.349387	57.10
0.349390	53.00
0.349393	48.00
0.349396	45.30
0.349399	40.70
0.349401	36.20
0.349404	32.30
0.349407	28.70
0.349410	26.80
0.349413	23.50
0.349416	21.30
0.349419	18.90
0.349422	16.80
0.349425	14.90
0.349427	15.10
0.349430	14.20
0.349433	12.00
0.349436	11.80
0.349439	10.40
0.349442	9.50
0.349445	9.80
0.349448	9.00
0.349451	8.10
0.349453	8.20
0.349456	7.40
0.349459	6.20
0.349462	5.90
0.349465	4.90
0.349468	4.30
0.349471	4.00
0.349474	4.00
0.349477	3.90
0.349480	4.30
0.349482	3.40
0.349485	3.40
0.349488	3.00
0.349491	3.30
0.349494	2.60
0.349497	2.90
0.349500	2.80
0.349503	2.30
0.349506	2.40
0.349508	2.60
0.349511	2.40
0.349514	2.50
0.349517	2.40
0.349520	1.90
0.349523	1.80
0.349526	1.60
0.349529	1.80
0.349532	1.50
0.349534	1.90
0.349537	3.10
0.349540	1.50
0.349543	1.50
0.349546	1.40
0.349549	2.00
0.349552	1.50
0.349555	1.80
0.349558	1.70
0.349561	1.30
0.349563	1.60
0.349566	1.20
0.349569	1.30
0.349572	1.50
0.349575	1.70
0.349578	2.10
0.349581	1.60
0.349584	1.40
0.349587	1.30
0.349589	1.60
0.349592	2.00
0.349595	1.20
0.349598	1.20
0.349601	1.50
0.349604	1.40
0.349607	2.00
0.349610	2.00
0.349613	1.90
0.349616	1.30
0.349618	1.10
0.349621	1.10
0.349624	1.30
0.349627	1.40
0.349630	1.80
0.349633	1.30
0.349636	1.70
0.349639	1.30
0.349642	1.40
0.349644	1.50
0.349647	1.70
0.349650	1.60
0.349653	1.40
0.349656	1.60
0.349659	1.70
0.349662	1.60
0.349665	1.60
0.349668	1.50
0.349670	1.00
0.349673	1.10
0.349676	2.00
0.349679	1.20
0.349682	1.30
0.349685	1.60
0.349688	1.20
0.349691	1.00
0.349694	1.60
0.349697	1.40
0.349699	1.50
0.349702	1.00
0.349705	1.20
0.349708	1.00
0.349711	1.20
0.349714	1.20
0.349717	0.70
0.349720	1.10
0.349723	1.40
0.349725	1.40
0.349728	1.40
0.349731	1.00
0.349734	1.70
0.349737	1.80
0.349740	1.20
0.349743	0.80
0.349746	1.60
0.349749	1.80
0.349752	1.90
0.349754	1.40
0.349757	1.80
0.349760	1.10
0.349763	1.40
0.349766	1.60
0.349769	1.40
0.349772	1.40
0.349775	1.40
0.349778	1.20
0.349780	1.30
0.349783	1.00
0.349786	1.40
0.349789	1.20
0.349792	1.40
0.349795	1.70
0.349798	1.30
0.349801	1.40
0.349804	1.30
0.349806	1.30
0.349809	1.00
0.349812	1.60
0.349815	1.60
0.349818	1.90
0.349821	1.60
0.349824	1.80
0.349827	1.50
0.349830	1.30
0.349833	1.60
0.349835	1.40
0.349838	1.30
0.349841	1.70
0.349844	1.20
0.349847	1.50
0.349850	1.20
0.349853	1.50
0.349856	1.40
0.349859	1.60
0.349861	1.70
0.349864	1.40
0.349867	1.20
0.349870	1.00
0.349873	1.70
0.349876	1.60
0.349879	1.00
0.349882	1.20
0.349885	1.10
0.349888	1.70
0.349890	1.60
0.349893	1.50
0.349896	1.50
0.349899	1.00
0.349902	1.50
0.349905	1.30
0.349908	1.50
0.349911	1.10
0.349914	1.30
0.349916	1.00
0.349919	1.40
0.349922	1.30
0.349925	2.60
0.349928	0.90
0.349931	1.30
0.349934	1.60
0.349937	1.30
0.349940	0.60
0.349942	1.40
0.349945	1.50
0.349948	1.50
0.349951	1.00
0.349954	1.30
0.349957	1.60
0.349960	1.60
0.349963	1.50
0.349966	1.20
0.349969	1.40
0.349971	2.00
0.349974	1.60
0.349977	1.40
0.349980	1.20
0.349983	1.60
0.349986	1.30
0.349989	1.20
0.349992	1.50
0.349995	1.40
0.349997	1.60
0.350000	1.50
0.350003	1.70
0.350006	1.10
0.350009	1.40
0.350012	1.70
0.350015	1.50
0.350018	0.70
0.350021	1.50
0.350024	1.40
0.350026	1.40
0.350029	1.60
0.350032	1.10
0.350035	1.50
0.350038	1.00
0.350041	1.20
0.350044	1.90
0.350047	1.00
0.350050	1.20
0.350052	0.70
0.350055	1.60
0.350058	1.00
0.350061	1.60
0.350064	1.60
0.350067	1.70
0.350070	1.70
0.350073	1.40
0.350076	1.10
0.350078	1.30
0.350081	0.70
0.350084	1.30
0.350087	1.60
0.350090	1.10
0.350093	1.30
0.350096	1.70
0.350099	1.10
0.350102	1.10
0.350105	1.40
0.350107	1.30
0.350110	1.10
0.350113	1.60
0.350116	1.30
0.350119	1.60
0.350122	1.20
0.350125	1.20
0.350128	1.60
0.350131	1.20
0.350133	1.60
0.350136	1.20
0.350139	1.00
0.350142	1.20
0.350145	1.10
0.350148	1.30
0.350151	1.50
0.350154	1.20
0.350157	1.50
0.350159	1.10
0.350162	1.40
0.350165	1.50
0.350168	1.40
0.350171	1.40
0.350174	1.60
0.350177	1.60
0.350180	2.00
0.350183	1.10
0.350186	1.30
0.350188	1.00
0.350191	2.10
0.350194	2.20
0.350197	1.40
0.350200	1.10
0.350203	1.20
0.350206	1.20
0.350209	1.40
0.350212	1.40
0.350214	1.50
0.350217	1.50
0.350220	1.50
0.350223	1.80
0.350226	1.50
0.350229	0.80
0.350232	1.10
0.350235	1.50
0.350238	1.70
0.350241	1.60
0.350243	1.60
0.350246	1.50
0.350249	1.90
0.350252	1.30
0.350255	1.60
0.350258	1.90
0.350261	1.10
0.350264	1.30
0.350267	1.20
0.350269	1.10
0.350272	1.30
0.350275	1.70
0.350278	1.60
0.350281	1.60
0.350284	2.10
0.350287	1.20
0.350290	1.50
0.350293	1.20
0.350295	1.30
0.350298	1.40
0.350301	1.10
0.350304	1.20
0.350307	1.40
0.350310	1.10
0.350313	0.80
0.350316	1.20
0.350319	1.40
0.350322	1.50
0.350324	1.40
0.350327	1.10
0.350330	1.90
0.350333	1.50
0.350336	1.70
0.350339	1.80
0.350342	1.80
0.350345	0.90
0.350348	1.40
0.350350	1.50
0.350353	1.60
0.350356	1.70
0.350359	1.30
0.350362	1.60
0.350365	1.50
0.350368	1.00
0.350371	1.10
0.350374	1.90
0.350377	1.00
0.350379	1.30
0.350382	1.50
0.350385	1.30
0.350388	1.50
0.350391	1.40
0.350394	1.60
0.350397	1.20
0.350400	1.60
0.350403	1.30
0.350405	1.30
0.350408	0.90
0.350411	1.20
0.350414	1.20
0.350417	1.30
0.350420	1.40
0.350423	1.40
0.350426	1.30
0.350429	1.40
0.350431	1.70
0.350434	1.30
0.350437	1.70
0.350440	1.70
0.350443	1.60
0.350446	1.70
0.350449	1.40
0.350452	0.90
0.350455	1.50
0.350458	1.40
0.350460	1.50
0.350463	1.10
0.350466	1.40
0.350469	1.00
0.350472	1.60
0.350475	1.50
0.350478	1.00
0.350481	1.30
0.350484	1.90
0.350486	1.70
0.350489	1.50
0.350492	1.70
0.350495	1.90
0.350498	1.80
0.350501	1.20
0.350504	1.10
0.350507	1.50
0.350510	1.40
0.350513	1.70
0.350515	1.50
0.350518	1.30
0.350521	1.40
0.350524	1.10
0.350527	1.20
0.350530	1.60
0.350533	1.60
0.350536	1.10
0.350539	1.50
0.350541	1.20
0.350544	1.00
0.350547	1.50
0.350550	1.40
0.350553	1.70
0.350556	1.10
0.350559	1.30
0.350562	1.30
0.350565	1.30
0.350567	1.00
0.350570	1.30
0.350573	1.10
0.350576	2.10
0.350579	1.70
0.350582	1.30
0.350585	1.10
0.350588	1.30
0.350591	1.20
0.350594	1.40
0.350596	1.40
0.350599	1.60
0.350602	1.20
0.350605	1.40
0.350608	1.30
0.350611	1.50
0.350614	1.50
0.350617	0.90
0.350620	1.20
0.350622	1.30
0.350625	1.50
0.350628	2.00
0.350631	1.50
0.350634	1.90
0.350637	1.40
0.350640	1.70
0.350643	1.30
0.350646	1.20
0.350649	1.50
0.350651	1.80
0.350654	1.60
0.350657	1.50
0.350660	1.40
0.350663	1.30
0.350666	1.60
0.350669	1.40
0.350672	1.30
0.350675	1.10
0.350677	1.60
0.350680	0.80
0.350683	1.20
0.350686	1.50
0.350689	1.30
0.350692	1.30
0.350695	1.30
0.350698	1.60
0.350701	0.90
0.350703	1.30
0.350706	1.40
0.350709	1.40
0.350712	1.20
0.350715	1.30
0.350718	1.40
0.350721	1.30
0.350724	1.50
0.350727	1.50
0.350730	1.20
0.350732	1.60
0.350735	1.20
0.350738	1.30
0.350741	1.70
0.350744	1.50
0.350747	1.60
0.350750	0.90
0.350753	1.20
0.350756	1.40
0.350758	1.30
0.350761	1.20
0.350764	1.20
0.350767	1.20
0.350770	1.40
0.350773	1.00
0.350776	1.60
0.350779	1.20
0.350782	1.40
0.350784	1.20
0.350787	0.90
0.350790	1.50
0.350793	1.30
0.350796	1.20
0.350799	1.50
0.350802	1.40
0.350805	1.20
0.350808	1.30
0.350811	1.00
0.350813	1.30
0.350816	1.60
0.350819	1.50
0.350822	1.00
0.350825	1.40
0.350828	1.40
0.350831	1.40
0.350834	1.70
0.350837	1.90
0.350839	1.50
0.350842	1.70
0.350845	1.20
0.350848	1.60
0.350851	1.60
0.350854	1.40
0.350857	1.80
0.350860	1.50
0.350863	1.60
0.350866	1.70
0.350868	1.60
0.350871	1.40
0.350874	2.00
0.350877	1.40
0.350880	1.00
0.350883	1.20
0.350886	1.60
0.350889	1.10
0.350892	1.40
0.350894	1.60
0.350897	1.60
0.350900	1.50
0.350903	1.60
0.350906	1.20
0.350909	1.40
0.350912	1.40
0.350915	0.90
0.350918	1.60
0.350920	1.50
0.350923	1.30
0.350926	1.00
0.350929	1.30
0.350932	1.30
0.350935	1.40
0.350938	1.40
0.350941	1.10
0.350944	1.60
0.350947	1.20
0.350949	1.10
0.350952	1.20
0.350955	1.80
0.350958	1.40
0.350961	1.10
0.350964	1.20
0.350967	1.60
0.350970	1.70
0.350973	1.30
0.350975	1.80
0.350978	1.10
0.350981	1.10
0.350984	1.90
0.350987	1.40
0.350990	1.60
0.350993	1.50
0.350996	1.10
0.350999	1.80
0.351002	1.00
0.351004	1.50
0.351007	1.00
0.351010	1.20
0.351013	1.60
0.351016	1.40
0.351019	1.40
0.351022	1.70
0.351025	1.60
0.351028	1.40
0.351030	1.30
0.351033	1.30
0.351036	1.20
0.351039	1.20
0.351042	1.20
0.351045	1.80
0.351048	1.30
0.351051	0.90
0.351054	1.50
0.351056	1.90
0.351059	1.60
0.351062	1.30
0.351065	1.50
0.351068	1.40
0.351071	1.70
0.351074	1.10
0.351077	1.90
0.351080	1.40
0.351083	1.60
0.351085	1.40
0.351088	1.40
0.351091	1.60
0.351094	1.40
0.351097	1.80
0.351100	1.70
0.351103	1.80
0.351106	1.30
0.351109	1.40
0.351111	1.30
0.351114	1.50
0.351117	1.20
0.351120	1.40
0.351123	2.00
0.351126	1.10
0.351129	1.60
0.351132	1.10
0.351135	1.30
0.351138	1.40
0.351140	1.70
0.351143	1.70
0.351146	1.50
0.351149	1.10
0.351152	2.80
0.351155	1.30
0.351158	1.60
0.351161	1.50
0.351164	1.70
0.351166	1.40
0.351169	1.40
0.351172	1.30
0.351175	1.70
0.351178	1.70
0.351181	1.80
0.351184	1.20
0.351187	1.40
0.351190	1.30
0.351192	1.80
0.351195	1.70
0.351198	1.20
0.351201	1.20
0.351204	1.90
0.351207	1.40
0.351210	1.60
0.351213	1.70
0.351216	1.20
0.351219	1.30
0.351221	1.40
0.351224	1.20
0.351227	1.40
0.351230	1.30
0.351233	1.40
0.351236	1.10
0.351239	1.20
0.351242	1.20
0.351245	1.30
0.351247	1.20
0.351250	1.10
0.351253	1.10
0.351256	1.60
0.351259	1.60
0.351262	1.20
0.351265	1.30
0.351268	1.20
0.351271	1.50
0.351274	1.60
0.351276	1.20
0.351279	1.20
0.351282	1.20
0.351285	1.60
0.351288	1.80
0.351291	2.10
0.351294	1.30
0.351297	1.30
0.351300	1.90
0.351302	1.30
0.351305	1.50
0.351308	1.40
0.351311	1.20
0.351314	1.40
0.351317	1.40
0.351320	1.10
0.351323	1.90
0.351326	1.60
0.351328	1.10
0.351331	1.20
0.351334	1.90
0.351337	1.60
0.351340	1.80
0.351343	0.70
0.351346	1.50
0.351349	1.10
0.351352	1.40
0.351355	1.50
0.351357	1.00
0.351360	1.50
0.351363	1.80
0.351366	2.00
0.351369	1.20
0.351372	1.40
0.351375	1.30
0.351378	2.10
0.351381	1.40
0.351383	1.40
0.351386	1.50
0.351389	1.60
0.351392	1.30
0.351395	1.60
0.351398	1.70
0.351401	1.60
0.351404	1.30
0.351407	1.30
0.351409	0.90
0.351412	1.00
0.351415	1.40
0.351418	1.30
0.351421	1.40
0.351424	1.20
0.351427	1.30
0.351430	1.70
0.351433	1.50
0.351436	1.50
0.351438	0.90
0.351441	1.40
0.351444	1.30
0.351447	1.20
0.351450	1.90
0.351453	1.40
0.351456	1.50
0.351459	1.70
0.351462	1.00
0.351464	1.80
0.351467	1.50
0.351470	1.70
0.351473	1.80
0.351476	1.50
0.351479	1.20
0.351482	1.40
0.351485	1.60
0.351488	1.50
0.351491	1.30
0.351493	1.40
0.351496	1.40
0.351499	1.40
0.351502	1.30
0.351505	1.10
0.351508	1.50
0.351511	1.40
0.351514	1.70
0.351517	2.00
0.351519	1.00
0.351522	1.60
0.351525	0.90
0.351528	1.50
0.351531	1.40
0.351534	1.90
0.351537	1.00
0.351540	1.20
0.351543	1.40
0.351545	1.30
0.351548	1.20
0.351551	1.20
0.351554	1.50
0.351557	1.60
0.351560	1.20
0.351563	1.50
0.351566	1.40
0.351569	1.90
0.351572	1.30
0.351574	1.60
0.351577	1.50
0.351580	1.60
0.351583	1.00
0.351586	1.70
0.351589	1.00
0.351592	1.10
0.351595	1.60
0.351598	1.60
0.351600	1.10
0.351603	1.20
0.351606	2.00
0.351609	1.30
0.351612	1.50
0.351615	1.70
0.351618	1.70
0.351621	1.40
0.351624	1.30
0.351627	1.40
0.351629	1.60
0.351632	1.80
0.351635	1.70
0.351638	1.80
0.351641	1.40
0.351644	1.00
0.351647	1.40
0.351650	1.20
0.351653	1.20
0.351655	1.50
0.351658	1.20
0.351661	1.10
0.351664	1.50
0.351667	1.10
0.351670	1.40
0.351673	1.70
0.351676	1.40
0.351679	1.10
0.351681	1.30
0.351684	1.10
0.351687	1.40
0.351690	1.40
0.351693	1.10
0.351696	1.70
0.351699	1.20
0.351702	1.80
0.351705	0.80
0.351708	1.60
0.351710	1.50
0.351713	1.40
0.351716	1.60
0.351719	1.60
0.351722	1.70
0.351725	1.60
0.351728	1.30
0.351731	1.50
0.351734	1.20
0.351736	1.40
0.351739	1.20
0.351742	1.00
0.351745	1.90
0.351748	2.00
0.351751	1.30
0.351754	1.70
0.351757	1.20
0.351760	1.80
0.351763	1.30
0.351765	1.20
0.351768	1.50
0.351771	1.40
0.351774	1.40
0.351777	1.00
0.351780	1.50
0.351783	1.00
0.351786	1.20
0.351789	1.30
0.351791	1.60
0.351794	1.30
0.351797	1.60
0.351800	1.30
0.351803	1.20
0.351806	1.40
0.351809	1.40
0.351812	1.20
0.351815	1.10
0.351817	1.50
0.351820	2.00
0.351823	1.50
0.351826	1.50
0.351829	1.40
0.351832	1.20
0.351835	1.60
0.351838	1.40
0.351841	1.20
0.351844	1.10
0.351846	1.50
0.351849	1.60
0.351852	2.50
0.351855	1.10
0.351858	1.20
0.351861	1.50
0.351864	1.10
0.351867	1.30
0.351870	1.40
0.351872	1.20
0.351875	1.50
0.351878	1.10
0.351881	1.60
0.351884	1.70
0.351887	1.40
0.351890	1.40
0.351893	1.70
0.351896	1.40
0.351899	1.60
0.351901	1.20
0.351904	1.40
0.351907	1.60
0.351910	1.70
0.351913	1.80
0.351916	1.80
0.351919	1.20
0.351922	1.40
0.351925	1.20
0.351927	1.60
0.351930	1.00
0.351933	1.10
0.351936	1.00
0.351939	1.30
0.351942	1.40
0.351945	1.30
0.351948	1.80
0.351951	1.60
0.351953	1.40
0.351956	0.80
0.351959	1.70
0.351962	1.70
0.351965	1.90
0.351968	1.50
0.351971	1.50
0.351974	1.70
0.351977	1.80
0.351980	1.90
0.351982	0.90
0.351985	1.20
0.351988	1.20
0.351991	1.20
0.351994	1.90
0.351997	1.10
0.352000	1.50
0.352003	1.20
0.352006	1.60
0.352008	1.60
0.352011	1.40
0.352014	1.40
0.352017	1.20
0.352020	1.60
0.352023	1.50
0.352026	1.40
0.352029	1.50
0.352032	1.20
0.352034	1.50
0.352037	1.10
0.352040	1.60
0.352043	1.40
0.352046	1.50
0.352049	1.60
0.352052	1.80
0.352055	1.30
0.352058	2.10
0.352061	1.60
0.352063	1.70
0.352066	1.60
0.352069	1.80
0.352072	1.90
0.352075	1.50
0.352078	1.60
0.352081	1.50
0.352084	1.70
0.352087	1.40
0.352089	1.80
0.352092	3.80
0.352095	16.60
0.352098	58.00
0.352101	115.50
0.352104	157.00
0.352107	187.30
0.352110	207.90
0.352113	224.80
0.352116	230.30
0.352118	215.80
0.352121	195.70
0.352124	171.80
0.352127	160.10
0.352130	141.10
0.352133	133.60
0.352136	125.10
0.352139	112.00
0.352142	97.40
0.352144	85.30
0.352147	77.70
0.352150	71.20
0.352153	68.30
0.352156	60.90
0.352159	53.80
0.352162	48.00
0.352165	44.00
0.352168	41.70
0.352170	38.40
0.352173	34.20
0.352176	30.50
0.352179	26.80
0.352182	25.30
0.352185	24.40
0.352188	22.40
0.352191	20.40
0.352194	18.50
0.352197	16.70
0.352199	14.70
0.352202	13.40
0.352205	11.80
0.352208	11.50
0.352211	11.20
0.352214	10.10
0.352217	10.80
0.352220	8.40
0.352223	10.00
0.352225	7.20
0.352228	6.80
0.352231	6.60
0.352234	5.90
0.352237	5.40
0.352240	5.50
0.352243	5.80
0.352246	6.10
0.352249	5.90
0.352252	4.70
0.352254	4.50
0.352257	3.80
0.352260	3.20
0.352263	3.30
0.352266	3.00
0.352269	3.40
0.352272	3.20
0.352275	2.90
0.352278	2.90
0.352280	3.10
0.352283	2.50
0.352286	2.60
0.352289	2.30
0.352292	1.70
0.352295	1.90
0.352298	2.10
0.352301	2.20
0.352304	2.20
0.352306	1.80
0.352309	1.80
0.352312	2.30
0.352315	2.10
0.352318	1.70
0.352321	1.50
0.352324	1.80
0.352327	1.90
0.352330	1.90
0.352333	1.80
0.352335	1.50
0.352338	2.20
0.352341	2.00
0.352344	2.10
0.352347	1.30
0.352350	2.10
0.352353	1.50
0.352356	2.10
0.352359	1.10
0.352361	1.70
0.352364	1.40
0.352367	1.30
0.352370	1.30
0.352373	1.30
0.352376	1.20
0.352379	1.60
0.352382	1.60
0.352385	2.10
0.352388	1.60
0.352390	1.80
0.352393	1.30
0.352396	1.80
0.352399	1.00
0.352402	1.70
0.352405	1.40
0.352408	1.70
0.352411	1.60
0.352414	0.90
0.352416	1.60
0.352419	1.70
0.352422	1.50
0.352425	1.50
0.352428	1.20
0.352431	1.60
0.352434	1.60
0.352437	1.80
0.352440	1.70
0.352442	1.90
0.352445	1.60
0.352448	1.60
0.352451	1.20
0.352454	1.60
0.352457	1.30
0.352460	1.60
0.352463	1.20
0.352466	2.20
0.352469	1.20
0.352471	2.40
0.352474	1.70
0.352477	1.60
0.352480	1.60
0.352483	1.10
0.352486	0.80
0.352489	1.40
0.352492	1.30
0.352495	1.60
0.352497	1.60
0.352500	1.10
0.352503	1.30
0.352506	1.60
0.352509	1.40
0.352512	1.50
0.352515	1.80
0.352518	1.00
0.352521	1.50
0.352524	1.10
0.352526	1.30
0.352529	1.60
0.352532	1.70
0.352535	1.50
0.352538	1.50
0.352541	1.30
0.352544	1.30
0.352547	2.10
0.352550	1.00
0.352552	1.10
0.352555	1.60
0.352558	1.60
0.352561	1.90
0.352564	1.40
0.352567	1.20
0.352570	1.10
0.352573	1.10
0.352576	1.40
0.352578	1.70
0.352581	1.40
0.352584	0.80
0.352587	1.10
0.352590	1.50
0.352593	1.40
0.352596	1.40
0.352599	1.30
0.352602	1.50
0.352605	1.20
0.352607	1.60
0.352610	1.50
0.352613	1.60
0.352616	2.20
0.352619	2.00
0.352622	1.60
0.352625	1.40
0.352628	1.90
0.352631	1.40
0.352633	1.20
0.352636	1.10
0.352639	2.00
0.352642	1.90
0.352645	1.40
0.352648	1.40
0.352651	1.30
0.352654	1.30
0.352657	1.40
0.352659	1.60
0.352662	1.30
0.352665	1.30
0.352668	0.90
0.352671	0.90
0.352674	1.50
0.352677	2.10
0.352680	2.00
0.352683	1.80
0.352686	7.60
0.352688	43.10
0.352691	91.70
0.352694	134.20
0.352697	197.30
0.352700	238.60
0.352703	265.50
0.352706	252.10
0.352709	227.00
0.352712	203.00
0.352714	186.80
0.352717	169.60
0.352720	149.80
0.352723	133.30
0.352726	117.70
0.352729	105.00
0.352732	96.60
0.352735	90.50
0.352738	81.70
0.352741	73.10
0.352743	66.70
0.352746	61.20
0.352749	51.70
0.352752	49.00
0.352755	47.60
0.352758	43.60
0.352761	41.10
0.352764	38.00
0.352767	33.20
0.352769	30.40
0.352772	26.80
0.352775	25.00
0.352778	23.30
0.352781	20.60
0.352784	18.80
0.352787	17.20
0.352790	17.20
0.352793	16.50
0.352795	14.20
0.352798	12.80
0.352801	11.90
0.352804	12.50
0.352807	11.20
0.352810	10.50
0.352813	9.30
0.352816	8.40
0.352819	7.50
0.352822	7.60
0.352824	6.10
0.352827	5.90
0.352830	6.00
0.352833	6.30
0.352836	5.60
0.352839	4.90
0.352842	5.30
0.352845	4.30
0.352848	4.20
0.352850	4.20
0.352853	4.50
0.352856	3.70
0.352859	3.40
0.352862	3.80
0.352865	2.70
0.352868	2.60
0.352871	2.70
0.352874	2.30
0.352877	1.70
0.352879	2.10
0.352882	2.40
0.352885	2.70
0.352888	2.50
0.352891	2.20
0.352894	2.10
0.352897	2.20
0.352900	2.10
0.352903	2.20
0.352905	1.80
0.352908	1.90
0.352911	2.10
0.352914	1.90
0.352917	1.90
0.352920	1.60
0.352923	1.60
0.352926	2.10
0.352929	1.60
0.352931	1.50
0.352934	1.70
0.352937	1.60
0.352940	2.20
0.352943	1.80
0.352946	2.00
0.352949	1.80
0.352952	1.50
0.352955	1.30
0.352958	1.60
0.352960	1.70
0.352963	1.80
0.352966	1.50
0.352969	1.90
0.352972	1.60
0.352975	1.60
0.352978	1.60
0.352981	1.30
0.352984	1.70
0.352986	1.20
0.352989	1.70
0.352992	1.40
0.352995	1.70
0.352998	1.10
0.353001	1.70
0.353004	1.10
0.353007	1.50
0.353010	1.60
0.353013	1.50
0.353015	1.30
0.353018	1.40
0.353021	1.20
0.353024	1.70
0.353027	1.40
0.353030	1.20
0.353033	0.50
0.353036	1.70
0.353039	1.70
0.353041	1.40
0.353044	1.60
0.353047	1.80
0.353050	1.20
0.353053	1.60
0.353056	1.40
0.353059	1.60
0.353062	1.40
0.353065	1.90
0.353067	1.40
0.353070	1.20
0.353073	1.40
0.353076	1.10
0.353079	1.30
0.353082	1.60
0.353085	1.40
0.353088	1.40
0.353091	1.40
0.353094	1.70
0.353096	1.70
0.353099	1.00
0.353102	1.70
0.353105	1.30
0.353108	1.90
0.353111	1.50
0.353114	1.80
0.353117	1.60
0.353120	1.30
0.353122	1.80
0.353125	1.50
0.353128	1.50
0.353131	2.00
0.353134	1.50
0.353137	1.20
0.353140	0.90
0.353143	1.90
0.353146	1.40
0.353149	1.40
0.353151	1.90
0.353154	1.50
0.353157	2.10
0.353160	1.40
0.353163	1.50
0.353166	1.60
0.353169	1.40
0.353172	1.70
0.353175	1.80
0.353177	1.30
0.353180	1.70
0.353183	1.10
0.353186	1.00
0.353189	1.50
0.353192	1.40
0.353195	1.60
0.353198	1.20
0.353201	1.60
0.353203	2.00
0.353206	1.50
0.353209	1.40
0.353212	1.70
0.353215	1.90
0.353218	1.60
0.353221	1.70
0.353224	1.40
0.353227	2.10
0.353230	6.00
0.353232	41.60
0.353235	115.00
0.353238	146.40
0.353241	182.30
0.353244	238.70
0.353247	262.70
0.353250	246.60
0.353253	215.30
0.353256	199.00
0.353258	191.40
0.353261	174.70
0.353264	154.50
0.353267	139.90
0.353270	123.20
0.353273	109.20
0.353276	99.60
0.353279	92.20
0.353282	81.80
0.353284	73.50
0.353287	66.00
0.353290	58.80
0.353293	53.20
0.353296	53.30
0.353299	52.40
0.353302	46.40
0.353305	40.90
0.353308	36.10
0.353311	30.20
0.353313	28.70
0.353316	24.70
0.353319	22.90
0.353322	21.20
0.353325	18.40
0.353328	18.20
0.353331	16.70
0.353334	16.50
0.353337	13.90
0.353339	12.30
0.353342	12.20
0.353345	10.90
0.353348	10.20
0.353351	9.50
0.353354	8.70
0.353357	8.00
0.353360	7.40
0.353363	6.60
0.353366	5.40
0.353368	6.30
0.353371	5.10
0.353374	4.70
0.353377	5.10
0.353380	3.90
0.353383	4.30
0.353386	3.80
0.353389	3.70
0.353392	3.60
0.353394	3.20
0.353397	3.10
0.353400	3.20
0.353403	3.60
0.353406	3.20
0.353409	2.60
0.353412	2.70
0.353415	2.30
0.353418	2.70
0.353420	2.10
0.353423	2.10
0.353426	2.60
0.353429	2.10
0.353432	1.70
0.353435	2.80
0.353438	2.40
0.353441	2.00
0.353444	2.30
0.353447	1.80
0.353449	2.20
0.353452	2.30
0.353455	1.70
0.353458	1.60
0.353461	1.80
0.353464	1.60
0.353467	1.60
0.353470	2.20
0.353473	1.60
0.353475	2.30
0.353478	1.30
0.353481	1.90
0.353484	1.60
0.353487	1.20
0.353490	1.80
0.353493	1.40
0.353496	1.70
0.353499	2.30
0.353502	2.20
0.353504	2.20
0.353507	1.90
0.353510	1.30
0.353513	1.40
0.353516	1.60
0.353519	1.50
0.353522	1.60
0.353525	1.50
0.353528	1.50
0.353530	1.50
0.353533	2.00
0.353536	1.60
0.353539	1.20
0.353542	1.40
0.353545	1.70
0.353548	1.80
0.353551	1.50
0.353554	2.20
0.353556	1.90
0.353559	1.40
0.353562	1.00
0.353565	1.40
0.353568	1.60
0.353571	1.70
0.353574	1.40
0.353577	1.80
0.353580	1.80
0.353583	1.50
0.353585	1.40
0.353588	1.80
0.353591	1.50
0.353594	1.50
0.353597	1.80
0.353600	2.00
0.353603	1.30
0.353606	1.70
0.353609	1.40
0.353611	1.90
0.353614	2.50
0.353617	1.80
0.353620	2.10
0.353623	2.10
0.353626	2.00
0.353629	1.70
0.353632	1.10
0.353635	1.70
0.353638	1.50
0.353640	1.60
0.353643	1.40
0.353646	1.90
0.353649	1.20
0.353652	1.40
0.353655	1.60
0.353658	1.40
0.353661	1.60
0.353664	1.90
0.353666	1.70
0.353669	1.20
0.353672	1.60
0.353675	1.80
0.353678	2.00
0.353681	1.30
0.353684	1.40
0.353687	1.20
0.353690	1.30
0.353692	1.10
0.353695	1.50
0.353698	1.20
0.353701	1.40
0.353704	1.20
0.353707	1.70
0.353710	1.00
0.353713	1.70
0.353716	1.70
0.353719	1.80
0.353721	1.80
0.353724	1.70
0.353727	1.30
0.353730	2.50
0.353733	1.80
0.353736	1.60
0.353739	1.50
0.353742	1.30
0.353745	1.50
0.353747	1.30
0.353750	1.40
0.353753	1.70
0.353756	1.40
0.353759	1.80
0.353762	1.90
0.353765	1.50
0.353768	1.60
0.353771	1.40
0.353774	1.10
0.353776	2.00
0.353779	1.40
0.353782	1.60
0.353785	1.20
0.353788	1.20
0.353791	1.50
0.353794	1.10
0.353797	1.60
0.353800	1.50
0.353802	1.80
0.353805	1.10
0.353808	1.30
0.353811	1.60
0.353814	1.20
0.353817	1.70
0.353820	1.30
0.353823	2.00
0.353826	1.60
0.353828	2.10
0.353831	1.50
0.353834	0.80
0.353837	1.70
0.353840	1.90
0.353843	1.30
0.353846	1.70
0.353849	1.60
0.353852	1.80
0.353855	1.00
0.353857	1.40
0.353860	1.50
0.353863	1.50
0.353866	1.30
0.353869	1.20
0.353872	2.00
0.353875	1.50
0.353878	1.40
0.353881	1.60
0.353883	2.00
0.353886	1.70
0.353889	1.80
0.353892	1.60
0.353895	1.70
0.353898	1.40
0.353901	1.70
0.353904	1.70
0.353907	1.50
0.353909	1.40
0.353912	1.50
0.353915	1.80
0.353918	1.60
0.353921	1.70
0.353924	1.40
0.353927	1.30
0.353930	1.70
0.353933	2.10
0.353936	1.30
0.353938	1.50
0.353941	1.80
0.353944	1.60
0.353947	1.80
0.353950	1.90
0.353953	1.30
0.353956	1.20
0.353959	1.10
0.353962	1.50
0.353964	1.50
0.353967	2.10
0.353970	1.30
0.353973	1.10
0.353976	1.60
0.353979	2.10
0.353982	1.00
0.353985	1.10
0.353988	1.70
0.353991	1.80
0.353993	1.00
0.353996	1.00
0.353999	1.00
0.354002	1.10
0.354005	1.80
0.354008	1.30
0.354011	1.50
0.354014	1.90
0.354017	1.80
0.354019	2.30
0.354022	1.90
0.354025	1.80
0.354028	1.70
0.354031	1.80
0.354034	1.90
0.354037	1.70
0.354040	1.80
0.354043	1.40
0.354045	1.30
0.354048	2.10
0.354051	1.70
0.354054	1.30
0.354057	1.50
0.354060	1.60
0.354063	1.60
0.354066	1.30
0.354069	1.60
0.354072	1.40
0.354074	1.70
0.354077	1.60
0.354080	0.80
0.354083	1.40
0.354086	1.60
0.354089	1.40
0.354092	1.40
0.354095	1.20
0.354098	1.80
0.354100	1.40
0.354103	1.40
0.354106	1.30
0.354109	1.50
0.354112	1.10
0.354115	1.30
0.354118	1.20
0.354121	1.80
0.354124	1.60
0.354127	1.40
0.354129	1.30
0.354132	1.80
0.354135	1.30
0.354138	1.10
0.354141	1.40
0.354144	1.60
0.354147	1.40
0.354150	1.50
0.354153	1.70
0.354155	1.80
0.354158	1.40
0.354161	1.60
0.354164	1.70
0.354167	1.60
0.354170	1.00
0.354173	1.50
0.354176	1.30
0.354179	2.00
0.354181	1.40
0.354184	1.60
0.354187	1.60
0.354190	1.70
0.354193	1.40
0.354196	1.50
0.354199	1.90
0.354202	1.90
0.354205	1.80
0.354208	1.40
0.354210	1.80
0.354213	1.20
0.354216	1.60
0.354219	1.60
0.354222	1.70
0.354225	1.40
0.354228	1.30
0.354231	1.90
0.354234	1.10
0.354236	1.80
0.354239	1.40
0.354242	1.90
0.354245	1.50
0.354248	1.50
0.354251	1.80
0.354254	1.50
0.354257	1.50
0.354260	1.10
0.354263	2.10
0.354265	2.00
0.354268	1.90
0.354271	1.30
0.354274	1.50
0.354277	1.50
0.354280	1.20
0.354283	1.70
0.354286	1.90
0.354289	1.00
0.354291	1.50
0.354294	1.10
0.354297	1.50
0.354300	1.70
0.354303	1.60
0.354306	1.10
0.354309	1.10
0.354312	1.70
0.354315	1.50
0.354317	1.30
0.354320	1.50
0.354323	1.50
0.354326	1.40
0.354329	2.10
0.354332	1.30
0.354335	1.60
0.354338	1.80
0.354341	2.00
0.354344	1.00
0.354346	1.60
0.354349	1.20
0.354352	1.40
0.354355	1.90
0.354358	1.40
0.354361	1.50
0.354364	2.10
0.354367	1.40
0.354370	1.40
0.354372	1.40
0.354375	1.50
0.354378	1.70
0.354381	1.90
0.354384	1.20
0.354387	1.50
0.354390	1.70
0.354393	2.50
0.354396	1.40
0.354399	1.70
0.354401	1.80
0.354404	1.50
0.354407	1.90
0.354410	1.10
0.354413	1.90
0.354416	1.70
0.354419	1.40
0.354422	1.50
0.354425	1.80
