Time	Amp
0.25	0.15005
0.5	0.15005
0.75	0.15676
1	0.16741
1.25	0.17594
1.5	0.18433
1.75	0.17937
2	0.1766
2.25	0.17494
2.5	0.16954
2.75	0.16536
3	0.16204
3.25	0.15716
3.5	0.15436
3.75	0.15012
4	0.14542
4.25	0.142
4.5	0.13693
4.75	0.13215
5	0.12863
5.25	0.12519
5.5	0.12128
5.75	0.11804
6	0.11492
6.25	0.11178
6.5	0.10719
6.75	0.10522
7	0.10138
7.25	0.10003
7.5	0.09466
7.75	0.09244
8	0.08973
8.25	0.0875
8.5	0.08714
8.75	0.08337
9	0.08138
9.25	0.08174
9.5	0.07969
9.75	0.0783
10	0.0776
10.25	0.0761
10.5	0.07544
10.75	0.0756
11	0.07528
11.25	0.0742
11.5	0.07235
11.75	0.07271
12	0.07241
12.25	0.07284
12.5	0.07287
12.75	0.07429
13	0.07694
13.25	0.07717
13.5	0.0761
13.75	0.07769
14	0.08016
14.25	0.08378
14.5	0.08316
14.75	0.08458
15	0.08762
15.25	0.08795
15.5	0.09094
15.75	0.09273
16	0.0976
16.25	0.09944
16.5	0.1059
16.75	0.11158
17	0.11623
17.25	0.12416
17.5	0.13157
17.75	0.14186
18	0.15102
18.25	0.15611
18.5	0.16372
18.75	0.17222
19	0.18518
19.25	0.2003
19.5	0.22074
19.75	0.24762
20	0.28154
20.25	0.32554
20.5	0.38145
20.75	0.45238
21	0.54596
21.25	0.66612
21.5	0.89334
21.75	1.04963
22	1.26477
22.25	1.44701
22.5	1.63098
22.75	1.7616
23	1.94486
23.25	2.01383
23.5	2.03747
23.75	2.00032
24	1.92362
24.25	1.71398
24.5	1.57197
24.75	1.36014
25	1.17336
25.25	0.97645
25.5	0.81417
25.75	0.59196
26	0.46322
26.25	0.36884
26.5	0.30154
26.75	0.2558
27	0.22458
27.25	0.20116
27.5	0.18422
27.75	0.172
28	0.16428
28.25	0.15858
28.5	0.16077
28.75	0.16252
29	0.16784
29.25	0.17479
29.5	0.1834
29.75	0.19204
30	0.20127
30.25	0.21107
30.5	0.21858
30.75	0.22459
31	0.22935
31.25	0.23121
31.5	0.23198
31.75	0.22962
32	0.2283
32.25	0.22454
32.5	0.21721
32.75	0.20969
33	0.2046
33.25	0.19864
33.5	0.19167
33.75	0.18621
34	0.1813
34.25	0.17485
34.5	0.17042
34.75	0.16534
35	0.15959
35.25	0.15428
35.5	0.14767
35.75	0.14213
36	0.13735
36.25	0.13373
36.5	0.13141
36.75	0.12952
37	0.12869
37.25	0.12917
37.5	0.13039
37.75	0.13192
38	0.13414
38.25	0.13538
38.5	0.13525
38.75	0.13272
39	0.12928
39.25	0.12527
39.5	0.12202
39.75	0.11638
40	0.11146
40.25	0.1066
40.5	0.10339
40.75	0.10193
41	0.10062
41.25	0.09948
41.5	0.10141
41.75	0.10256
42	0.10299
42.25	0.10408
42.5	0.10664
42.75	0.10292
43	0.09796
43.25	0.09268
43.5	0.08601
43.75	0.07779
44	0.0966
44.25	0.08976
44.5	0.08572
44.75	0.08014
45	0.07175
45.25	0.06298
45.5	0.06129
45.75	0.06074
46	0.0563
46.25	0.05315
46.5	0.0509
46.75	0.04701
47	0.0453
47.25	0.04208
47.5	0.03836
47.75	0.036
48	0.03195
48.25	0.02817
48.5	0.02573
48.75	0.02333
49	0.02045
49.25	0.01819
49.5	0.01614
49.75	0.01401
50	0.01043
50.25	0.00952
50.5	0.00668
50.75	0.0064
51	0.00197
51.25	7.83966E-4
51.5	9.08933E-4
51.75	0.00213
52	0.00134
52.25	0.00418
52.5	0.00518
52.75	0.00375
53	0.00478
53.25	0.00517
53.5	0.00483
53.75	0.00535
54	0.005
54.25	0.0038
54.5	0.00309
54.75	0.00317
55	0.00403
55.25	0.00264
55.5	0.0019
55.75	4.35838E-4
56	5.70304E-4
56.25	0.00303
56.5	0.00675
56.75	0.00798
57	0.00788
57.25	0.01048
57.5	0.014
57.75	0.01868
58	0.019
58.25	0.02141
58.5	0.02553
58.75	0.02687
59	0.03089
59.25	0.03367
59.5	0.0396
59.75	0.04234
60	0.04988
60.25	0.05659
60.5	0.06222
60.75	0.07119
61	0.07962
61.25	0.09096
61.5	0.10208
61.75	0.11586
62	0.13188
62.25	0.14553
62.5	0.1595
62.75	0.1756
63	0.19698
63.25	0.22487
63.5	0.25977
63.75	0.30475
64	0.36168
64.25	0.43349
64.5	0.52811
64.75	0.64927
65	0.87746
65.25	1.03476
65.5	1.25084
65.75	1.43404
66	1.61905
66.25	1.75007
66.5	1.93393
66.75	2.00309
67	2.02746
67.25	1.99036
67.5	1.91447
67.75	1.70498
68	1.56365
68.25	1.35257
68.5	1.16657
68.75	0.97042
69	0.80891
69.25	0.58756
69.5	0.45959
69.75	0.36599
70	0.29947
70.25	0.25452
70.5	0.22411
70.75	0.20146
71	0.18536
71.25	0.17393
71.5	0.1694
71.75	0.16913
72	0.17382
72.25	0.17777
72.5	0.18554
72.75	0.19485
73	0.20601
73.25	0.21689
73.5	0.22855
73.75	0.24084
74	0.25076
74.25	0.25912
74.5	0.26632
74.75	0.27063
75	0.27384
75.25	0.27382
75.5	0.27492
75.75	0.27362
76	0.26874
76.25	0.26349
76.5	0.26082
76.75	0.2573
77	0.25268
77.25	0.24968
77.5	0.24722
77.75	0.24311
78	0.24019
78.25	0.23401
78.5	0.22717
78.75	0.22073
79	0.21303
79.25	0.20636
79.5	0.20046
79.75	0.19572
80	0.1923
80.25	0.18929
80.5	0.18735
80.75	0.1867
81	0.1868
81.25	0.1872
81.5	0.1883
81.75	0.18843
82	0.1872
82.25	0.18353
82.5	0.17898
82.75	0.17385
83	0.16945
83.25	0.16274
83.5	0.15668
83.75	0.15072
84	0.14639
84.25	0.14379
84.5	0.14138
84.75	0.13912
85	0.13994
85.25	0.14003
85.5	0.1393
85.75	0.13929
86	0.14071
86.25	0.14999
86.5	0.15907
