wavenumber	intensity
cm\+(-1)	a.u.
175.9583	1424.61422382127
177.8867	1370.31633693675
179.8152	1344.72387238379
181.7437	1352.44857863167
183.6721	1395.455226518
185.6006	1473.15227855311
187.5291	1582.6459448867
189.4576	1719.12330921551
191.386	1876.32428342042
193.3145	2047.05980222153
195.243	2223.73478210636
197.1714	2398.83855724222
199.0999	2565.372164602
201.0284	2717.19022160925
202.9568	2849.24438122679
204.8853	2957.72461520359
206.8138	3040.10308657048
208.7422	3095.09247685135
210.6707	3122.53585767296
212.5992	3123.24827206921
214.5276	3098.83106455737
216.4561	3051.47882285135
218.3846	2983.79589682463
220.313	2898.63530570654
222.2415	2798.96797849276
224.17	2687.78526636522
226.0984	2568.03305944599
228.0269	2442.57209138963
229.9554	2314.15645972882
231.8838	2185.42121400366
233.8123	2058.87009376659
235.7408	1936.85600558273
237.6692	1821.54934806095
239.5977	1714.89246041903
241.5262	1618.54185656425
243.4546	1533.80307334573
245.3831	1461.56550260235
247.3116	1402.24616269016
249.24	1355.75177815841
251.1685	1321.46769162492
253.097	1298.28008759341
255.0254	1284.63495857294
256.9539	1278.63350106316
258.8824	1278.15958987775
260.8108	1281.0310860238
262.7393	1285.1634277309
264.6678	1288.73163181337
266.5962	1290.31580079694
268.5247	1289.01567557679
270.4532	1284.5217347406
272.3816	1277.13370782141
274.3101	1267.72188120115
276.2386	1257.63184606562
278.167	1248.5388882194
280.0955	1242.26351997373
282.024	1240.56417394397
283.9524	1244.9263363541
285.8809	1256.36900959118
287.8094	1275.28911386231
289.7378	1301.36218533331
291.6663	1333.51360253468
293.5948	1369.96885167731
295.5232	1408.38446230686
297.4517	1446.0537715254
299.3802	1480.17425271507
301.3086	1508.15644443038
303.2371	1527.9491755027
305.1656	1538.35235172315
307.094	1539.28745392186
309.0225	1531.9973198302
310.951	1519.15075609948
312.8794	1504.83384664537
314.8079	1494.41807390725
316.7364	1494.30495344368
318.6648	1511.55706422368
320.5933	1553.43532059865
322.5218	1626.8712452736
324.4502	1737.91008691755
326.3787	1891.16522227684
328.3072	2089.32590966361
330.2356	2332.75886056741
332.1641	2619.23926222676
334.0926	2943.83906910348
336.021	3298.99008477182
337.9495	3674.72729063861
339.878	4059.10491910713
341.8064	4438.76488767621
343.7349	4799.62539994333
345.6634	5127.64771572616
347.5918	5409.63209958349
349.5203	5633.9903804967
351.4488	5791.44275067883
353.3772	5875.59047053804
355.3057	5883.32380763227
357.2342	5815.03531569936
359.1626	5674.62170348216
361.0911	5469.272106797
363.0196	5209.05549303392
364.948	4906.33408518832
366.8765	4575.04202633733
368.805	4229.87807542545
370.7334	3885.46719201221
372.6619	3555.54795152151
374.5904	3252.2406527485
376.5188	2985.44487062235
378.4473	2762.40551171036
380.3758	2587.47386551787
382.3042	2462.07565118596
384.2327	2384.88272753091
386.1612	2352.17012297353
388.0896	2358.3264879492
390.0181	2396.47500405775
391.9466	2459.15404111306
393.875	2539.00302115882
395.8035	2629.39931361539
397.732	2724.99651196167
399.6604	2822.12277373754
401.5889	2919.00939333896
403.5174	3015.83352922977
405.4458	3114.57395771132
407.3743	3218.69371619832
409.3028	3332.67736945504
411.2312	3461.46230899016
413.1597	3609.81207536004
415.0882	3781.68451175648
417.0166	3979.64824199899
418.9451	4204.39746323424
420.8736	4454.40762264606
422.802	4725.76377951669
424.7305	5012.18016761225
426.659	5305.21468971132
428.5874	5594.6669317979
430.5159	5869.13394107175
432.4444	6116.68556861089
434.3728	6325.61158621359
436.3013	6485.18677988132
438.2298	6586.39825671975
440.1582	6622.58142582727
442.0867	6589.91735600833
444.0152	6487.75399831339
445.9436	6318.72634711469
447.8721	6088.66504858567
449.8006	5806.29816389991
451.729	5482.76561846777
453.6575	5130.97921562469
455.586	4764.87197964922
457.5144	4398.58822753865
459.4429	4045.66961111182
461.3714	3718.29216969494
463.2998	3426.60524345185
465.2283	3178.21527121894
467.1568	2977.84665566625
469.0852	2827.19886204642
471.0137	2725.00471598235
472.9422	2667.28054693402
474.8706	2647.74544669592
476.7991	2658.37544920869
478.7276	2690.0497026356
480.656	2733.24029223124
482.5845	2778.69561825108
484.513	2818.06919122665
486.4414	2844.45115127948
488.3699	2852.76826456723
490.2984	2840.02889768909
492.2268	2805.40166004246
494.1553	2750.12908433633
496.0838	2677.28992016232
498.0122	2591.43443613511
499.9407	2498.12578038599
501.8692	2403.42633845254
503.7976	2313.37077874736
505.7261	2233.46696500859
507.6546	2168.2622719347
509.583	2121.00643169928
511.5115	2093.43343618952
513.4399	2085.67494856465
515.3684	2096.30695916423
517.2969	2122.52090515195
519.2253	2160.40097315884
521.1538	2205.28153214182
523.0823	2252.15315898318
525.0107	2296.08288797554
526.9392	2332.61428585438
528.8677	2358.1156512206
530.7961	2370.04977323126
532.7246	2367.14578665846
534.6531	2349.46211291655
536.5815	2318.33857228325
538.51	2276.24475089335
540.4385	2226.53989286895
542.3669	2173.16633091942
544.2954	2120.30326590275
546.2239	2072.01022226359
548.1523	2031.88959685424
550.0808	2002.79543531128
552.0093	1986.61115320207
553.9377	1984.11277384804
555.8662	1994.92691530684
557.7947	2017.58484313009
559.7231	2049.66606315204
561.6516	2088.01778927147
563.5801	2129.03074424839
565.5085	2168.94758272021
567.437	2204.17806395594
569.3655	2231.59507872426
571.2939	2248.78770687224
573.2224	2254.25143913386
575.1509	2247.5011805277
577.0793	2229.09919027543
579.0078	2200.59715620523
580.9363	2164.39857224445
582.8647	2123.55392539749
584.7932	2081.5064051188
586.7217	2041.80952561373
588.6501	2007.83993347438
590.5786	1982.52864195922
592.5071	1968.13202807405
594.4355	1966.06033834521
596.364	1976.77649470562
598.2925	1999.77209784743
600.2209	2033.62118397537
602.1494	2076.10602119764
604.0779	2124.40353752739
606.0063	2175.31630180722
607.9348	2225.52868945434
609.8633	2271.86719678534
611.7917	2311.54392607788
613.7202	2342.36401290499
615.6487	2362.88103662276
617.5771	2372.48895385291
619.5056	2371.44443909759
621.4341	2360.81926053859
623.3625	2342.38799230833
625.291	2318.46151038969
627.2195	2291.68093118287
629.1479	2264.78960494011
631.0764	2240.40225260833
633.0049	2220.79023844591
634.9333	2207.70033454138
636.8618	2202.22131302031
638.7903	2204.70856231787
640.7188	2214.77201658603
642.6472	2231.32741992644
644.5757	2252.70575062802
646.5042	2276.81092409809
648.4326	2301.31205065191
650.3611	2323.85384518127
652.2896	2342.26747189298
654.218	2354.76424841272
656.1465	2360.09620122064
658.075	2357.67031608765
660.0034	2347.60721906365
661.9319	2330.73963122863
663.8604	2308.55088577728
665.7888	2283.05867813648
667.7173	2256.65364714716
669.6458	2231.90600676484
671.5742	2211.35598006949
673.5027	2197.30503714555
675.4312	2191.62481621703
677.3596	2195.59913399449
679.2881	2209.81179449457
681.2166	2234.0892096508
683.145	2267.50245120519
685.0735	2308.42861574128
687.002	2354.66668160856
688.9304	2403.59874033184
690.8589	2452.38393311679
692.7874	2498.16989099035
694.7158	2538.30515802749
696.6443	2570.53606695767
698.5728	2593.17282731311
700.5012	2605.21206792515
702.4297	2606.40654490102
704.3582	2597.27690397411
706.2866	2579.06493942995
708.2151	2553.63236065078
710.1436	2523.31330296809
712.072	2490.73237261257
714.0005	2458.60262170566
715.929	2429.51931008898
717.8574	2405.76551902982
719.7859	2389.14462901308
721.7144	2380.85245036409
723.6428	2381.39858299364
725.5713	2390.58263826885
727.4998	2407.52659593804
729.4282	2430.7601372835
731.3567	2458.35164128254
733.2852	2488.07397919027
735.2136	2517.59157154353
737.1421	2544.65358683832
739.0706	2567.27778362624
740.999	2583.91035276019
742.9275	2593.54913218921
744.856	2595.82058001422
746.7844	2591.00466109503
748.7129	2580.00602762613
750.6414	2564.27421830665
752.5698	2545.6797181642
754.4983	2526.35628363242
756.4268	2508.52266048838
758.3552	2494.29848699033
760.2837	2485.52964551053
762.2122	2483.63756176013
764.1406	2489.50500772753
766.0691	2503.40799284303
767.9976	2524.99956025359
769.926	2553.34703874943
771.8545	2587.0198749049
773.783	2624.22093890275
775.7114	2662.95050353964
777.6399	2701.18924202354
779.5684	2737.08481586737
781.4968	2769.12608602195
783.4253	2796.28973876993
785.3538	2818.14613115545
787.2822	2834.91428708196
789.2107	2847.45998256749
791.1392	2857.23544145963
793.0676	2866.16396503418
794.9961	2876.47746066493
796.9246	2890.518942276
798.853	2910.52530979918
800.7815	2938.40779975203
802.71	2975.54824260958
804.6384	3022.62857455537
806.5669	3079.50895156527
808.4954	3145.16643372041
810.4238	3217.70178137456
812.3523	3294.41675356594
814.2808	3371.95880808304
816.2092	3446.52469258889
818.1377	3514.10951160674
820.0662	3570.78385038067
821.9946	3612.97876881864
823.9231	3637.75719459978
825.8516	3643.05058316885
827.78	3627.84169097344
829.7085	3592.27781808029
831.637	3537.70368769677
833.5654	3466.60890764092
835.4939	3382.49128423648
837.4224	3289.6436616183
839.3508	3192.87795039431
841.2793	3097.20511964908
843.2078	3007.49374172819
845.1362	2928.13187522569
847.0647	2862.71743909034
848.9932	2813.8006954943
850.9216	2782.69909058225
852.8501	2769.39971199005
854.7786	2772.55835104083
856.707	2789.59705326732
858.6355	2816.89462579235
860.564	2850.05740336413
862.4924	2884.25121065439
864.4209	2914.57040329979
866.3494	2936.41654295387
868.2778	2945.8579591903
870.2063	2939.94232248623
872.1348	2916.93738369799
874.0632	2876.48004625093
875.9917	2819.6205909234
877.9202	2748.75669803322
879.8486	2667.46033435277
881.7771	2580.2089578065
883.7056	2492.040194005
885.634	2408.15554289085
887.5625	2333.50325304691
889.491	2272.37285412223
891.4194	2228.03372395421
893.3479	2202.44742976213
895.2764	2196.07855892219
897.2048	2207.82166895809
899.1333	2235.05333132506
901.0618	2273.80864707651
902.9902	2319.07179270639
904.9187	2365.16086713279
906.8472	2406.17929227817
908.7756	2436.49992972058
910.7041	2451.24444457847
912.6326	2446.71963120812
914.561	2420.77456297747
916.4895	2373.0474658172
918.418	2305.07884296776
920.3464	2220.27708821002
922.2749	2123.7339328158
924.2034	2021.89876457961
926.1318	1922.1322521647
928.0603	1832.16991605666
929.9888	1759.53448264663
931.9172	1710.94134179238
933.8457	1691.7436865934
935.7742	1705.46266231923
937.7026	1753.44306265165
939.6311	1834.66702674961
941.5596	1945.74730911188
943.488	2081.1087428866
945.4165	2233.35240349264
947.345	2393.78272795907
949.2734	2553.06452507438
951.2019	2701.96545631403
953.1304	2832.13109844707
955.0588	2936.83485125257
956.9873	3011.64421782736
958.9158	3054.94856120598
960.8442	3068.30121754539
962.7727	3056.5403977748
964.7012	3027.66792039612
966.6296	2992.48152582972
968.5581	2963.97418277618
970.4866	2956.53116152394
972.415	2984.97145504034
974.3435	3063.49318984782
976.272	3204.59196390157
978.2004	3418.02579992446
980.1289	3709.90013728844
982.0574	4081.94087763072
983.9858	4531.01318670755
985.9143	5048.9291298685
987.8428	5622.56919296642
989.7712	6234.32248736964
991.6997	6862.82931207529
993.6282	7483.98919176735
995.5566	8072.17895882217
997.4851	8601.61021734213
999.4136	9047.74472639096
1001.342	9388.68068461455
1003.271	9606.42305315772
1005.199	9687.95699147233
1007.127	9626.05487399682
1009.056	9419.76349556299
1010.984	9074.53791462181
1012.913	8602.01061535353
1014.841	8019.40780629663
1016.77	7348.64715580408
1018.698	6615.17157160399
1020.627	5846.59038492543
1022.555	5071.21136204301
1024.484	4316.55352232894
1026.412	3607.93135614145
1028.341	2967.19568280402
1030.269	2411.70545547545
1032.198	1953.58907741886
1034.126	1599.33434408071
1036.054	1349.72431945007
1037.983	1200.1137999112
1039.911	1141.01906819852
1041.84	1158.97388538706
1043.768	1237.58843354883
1045.697	1358.73626886843
1047.625	1503.78800414088
1049.554	1654.80975786635
1051.482	1795.64932873428
1053.411	1912.84312872526
1055.339	1996.291327373
1057.268	2039.66632094797
1059.196	2040.53922882354
1061.125	2000.22920660861
1063.053	1923.39951448218
1064.981	1817.44114775667
1066.91	1691.69827476964
1068.838	1556.59885670406
1070.767	1422.75809854445
1072.695	1300.12161970685
1074.624	1197.20962912111
1076.552	1120.51348636566
1078.481	1074.08267612256
1080.409	1059.32450175806
1082.338	1075.02194967969
1084.266	1117.5584789348
1086.195	1181.32319742662
1088.123	1259.25710884229
1090.052	1343.49174813701
1091.98	1426.02618365593
1093.908	1499.38734545154
1095.837	1557.22190028478
1097.765	1594.77506598741
1099.694	1609.22218160006
1101.622	1599.83163037504
1103.551	1567.9517944993
1105.479	1516.82897093001
1107.408	1451.27647742009
1109.336	1377.22650632713
1111.265	1301.20479752499
1113.193	1229.77329606388
1115.122	1168.98731216584
1117.05	1123.9112892659
1118.979	1098.2313862341
1120.907	1093.99423909497
1122.835	1111.4902543071
1124.764	1149.28752648269
1126.692	1204.4099764994
1128.621	1272.64157991305
1130.549	1348.9285295033
1132.478	1427.84362677063
1134.406	1504.07269104216
1136.335	1572.88162436347
1138.263	1630.52501442746
1140.192	1674.5625624244
1142.12	1704.05770376773
1144.049	1719.64285523034
1145.977	1723.44693064413
1147.906	1718.89219733276
1149.834	1710.37826986579
1151.762	1702.88019843479
1153.691	1701.49448469075
1155.619	1710.97091939603
1157.548	1735.26908735417
1159.476	1777.17618267571
1161.405	1838.01763196091
1163.333	1917.48437846143
1165.262	2013.59117594955
1167.19	2122.76965778849
1169.119	2240.08914297782
1171.047	2359.5879830844
1172.976	2474.68954685831
1174.904	2578.67036282715
1176.833	2665.14399624622
1178.761	2728.52321161616
1180.689	2764.42491567157
1182.618	2769.98710123887
1184.546	2744.07411331381
1186.475	2687.35544466292
1188.403	2602.25321410078
1190.332	2492.76368618129
1192.26	2364.16784599159
1194.189	2222.65439128019
1196.117	2074.88490470219
1198.046	1927.53494379799
1199.974	1786.84605744544
1201.903	1658.22224607966
1203.831	1545.90029080673
1205.76	1452.71705006757
1207.688	1379.98880040879
1209.616	1327.50864544726
1211.545	1293.65867092698
1213.473	1275.62463180035
1215.402	1269.69321859547
1217.33	1271.60595984668
1219.259	1276.94001965264
1221.187	1281.48480545082
1223.116	1281.58447019724
1225.044	1274.41993154777
1226.973	1258.20960643627
1228.901	1232.31518248663
1230.83	1197.24681185446
1232.758	1154.57044724863
1234.687	1106.72796336364
1236.615	1056.7875848916
1238.543	1008.14743636463
1240.472	964.218339661228
1242.4	928.113081275669
1244.329	902.368207356818
1246.257	888.721119432153
1248.186	887.960147915231
1250.114	899.85882690514
1252.043	923.198338631918
1253.971	955.874651383164
1255.9	995.079857959196
1257.828	1037.54120393463
1259.757	1079.79675557957
1261.685	1118.4839456848
1263.614	1150.61654471491
1265.542	1173.82695778158
1267.47	1186.55399891684
1269.399	1188.16114269477
1271.327	1178.97627188515
1273.256	1160.2506110926
1275.184	1134.04129700503
1277.113	1103.02832413957
1279.041	1070.28190686649
1280.97	1039.00018965572
1282.898	1012.23941692845
1284.827	992.658987020431
1286.755	982.302263998265
1288.684	982.430763302604
1290.612	993.424658468203
1292.541	1014.75688508571
1294.469	1045.04193030766
1296.397	1082.1542127106
1298.326	1123.40529113047
1300.254	1165.76445441788
1302.183	1206.10391078995
1304.111	1241.44807133109
1306.04	1269.20642530266
1307.968	1287.37120788277
1309.897	1294.66429534489
1311.825	1290.62223511948
1313.754	1275.61363661436
1315.682	1250.78885651177
1317.611	1217.96752742641
1319.539	1179.47453433703
1321.468	1137.93912603771
1323.396	1096.07463359091
1325.324	1056.45754259403
1327.253	1021.32434886507
1329.181	992.402770464132
1331.11	970.790673684927
1333.038	956.89178898636
1334.967	950.412322199298
1336.895	950.41733643307
1338.824	955.440736033285
1340.752	963.638248572076
1342.681	972.969339503762
1344.609	981.391784581101
1346.538	987.051835427842
1348.466	988.453589380912
1350.395	984.593236772893
1352.323	975.047111826555
1354.251	960.006623611307
1356.18	940.257825250683
1358.108	917.10818669944
1360.037	892.267657509117
1361.965	867.694959243017
1363.894	845.422912361481
1365.822	827.378247281631
1367.751	815.211648414654
1369.679	810.152723881651
1371.608	812.902288436273
1373.536	823.57100421726
1375.465	841.669340715312
1377.393	866.149348981324
1379.322	895.494281618932
1381.25	927.848011107617
1383.178	961.172849297883
1385.107	993.422029526505
1387.035	1022.71196987048
1388.964	1047.47957757886
1390.892	1066.61125622383
1392.821	1079.53280684155
1394.749	1086.25284551387
1396.678	1087.35639090919
1398.606	1083.94955631379
1400.535	1077.56044360282
1402.463	1070.00502683602
1404.392	1063.2297196939
1406.32	1059.144202479
1408.249	1059.45878925263
1410.177	1065.54009405055
1412.105	1078.29706242323
1414.034	1098.10672576616
1415.962	1124.78555156128
1417.891	1157.60830754861
1419.819	1195.37227453275
1421.748	1236.50078173215
1423.676	1279.17672918623
1425.605	1321.49428286391
1427.533	1361.61548563856
1429.462	1397.91823679179
1431.39	1429.12297025051
1433.319	1454.38732324928
1435.247	1473.36095616552
1437.176	1486.19620795826
1439.104	1493.51414259404
1441.032	1496.32942492881
1442.961	1495.94102565683
1444.889	1493.79868968291
1446.818	1491.35716165066
1448.746	1489.93117383356
1450.675	1490.56408339104
1452.603	1493.92181356762
1454.532	1500.22151761761
1456.46	1509.20134133033
1458.389	1520.13407447491
1460.317	1531.88366301781
1462.246	1542.99983093907
1464.174	1551.84275172668
1466.103	1556.72709734348
1468.031	1556.07309825851
1469.959	1548.55161445717
1471.888	1533.2106956697
1473.816	1509.57265591334
1475.745	1477.69316851782
1477.673	1438.17708976607
1479.602	1392.14936826077
1481.53	1341.18318224856
1483.459	1287.19104709051
1485.387	1232.28774544729
1487.316	1178.63629179295
1489.244	1128.28955349986
1491.173	1083.04049696045
1493.101	1044.29328359817
1495.03	1012.96567403066
1496.958	989.430562135173
1498.886	973.501180199113
1500.815	964.460870921579
1502.743	961.134620409955
1504.672	961.996100300121
1506.6	965.301065303422
1508.529	969.235835913094
1510.457	972.068438099701
1512.386	972.289864059947
1514.314	968.733862710374
1516.243	960.665579002434
1518.171	947.832069607177
1520.1	930.470995042324
1522.028	909.277344703159
1523.957	885.331589171123
1525.885	859.995874853083
1527.813	834.787509556773
1529.742	811.240815683887
1531.67	790.76930168958
1533.599	774.539955552545
1535.527	763.370316461722
1537.456	757.656937717352
1539.384	757.341095197761
1541.313	761.914361378355
1543.241	770.463233275029
1545.17	781.748667140691
1547.098	794.313416427818
1549.027	806.607741440958
1550.955	817.122553131083
1552.884	824.518492279014
1554.812	827.739870301895
1556.74	826.103766280673
1558.669	819.356763661744
1560.597	807.69462742637
1562.526	791.743423990901
1564.454	772.503896114962
1566.383	751.264040498177
1568.311	729.487529974956
1570.24	708.687647908757
1572.168	690.297590521799
1574.097	675.548246860261
1576.025	665.363869498021
1577.954	660.284466697109
1579.882	660.421418527982
1581.811	665.44994819791
1583.739	674.638913531089
1585.667	686.915193985795
1587.596	700.957008087648
1589.524	715.308054296607
1591.453	728.502630835472
1593.381	739.191001443517
1595.31	746.254305764463
1597.238	748.899257650599
1599.167	746.724646769159
1601.095	739.754103108888
1603.024	728.43248837128
1604.952	713.586392719579
1606.881	696.352273256536
1608.809	678.078511428986
1610.738	660.209858221997
1612.666	644.164194453967
1614.594	631.21213814459
1616.523	622.369734668891
1618.451	618.313298178923
1620.38	619.323538645555
1622.308	625.263576790252
1624.237	635.592538207949
1626.165	649.413378372916
1628.094	665.550681883464
1630.022	682.651649595267
1631.951	699.30154997407
1633.879	714.143728157136
1635.808	725.993934703151
1637.736	733.939279518554
1639.665	737.413483845693
1641.593	736.242173288376
1643.521	730.654547076035
1645.45	721.260648931678
1647.378	708.996404545295
1649.307	695.041328374888
1651.235	680.716105484501
1653.164	667.368927934093
1655.092	656.26037020734
1657.021	648.456651106065
1658.949	644.740349643408
1660.878	645.54609101914
1662.806	650.926532690397
1664.735	660.551350403937
1666.663	673.739077427433
1668.592	689.518832103843
1670.52	706.716420601206
1672.448	724.057240399444
1674.377	740.277009947222
1676.305	754.230727854658
1678.234	764.990470557644
1680.162	771.923649022837
1682.091	774.745072182949
1684.019	773.538455879301
1685.948	768.745671925749
1687.876	761.124822850197
1689.805	751.680913652069
1691.733	741.575242280491
1693.662	732.021444935726
1695.59	724.177256940708
1697.519	719.041390799659
1699.447	717.364463725298
1701.375	719.581670537362
1703.304	725.773003210878
1705.232	735.654430344769
1707.161	748.600775026598
1709.089	763.698298463064
1711.018	779.822443851621
1712.946	795.734038749547
1714.875	810.185678398732
1716.803	822.029150495504
1718.732	830.314685573175
1720.66	834.373530777766
1722.589	833.876784983429
1724.517	828.865474519476
1726.446	819.749314802351
1728.374	807.27428162976
1730.302	792.461777043694
1732.231	776.524590967472
1734.159	760.76682541732
1736.088	746.476296356103
1738.016	734.81854592015
1739.945	726.741434395201
1741.873	722.898353486307
1743.802	723.596491972454
1745.73	728.774431694179
1747.659	738.010841831861
1749.587	750.563388279948
1751.516	765.434409581612
1753.444	781.45765015952
1755.373	797.398577399455
1757.301	812.059690260917
1759.229	824.381846488232
1761.158	833.533022646343
1763.086	838.977039771919
1765.015	840.516538625468
1766.943	838.306719803039
1768.872	832.838882266021
1770.8	824.895382305542
1772.729	815.480071554909
1774.657	805.730349270293
1776.586	796.818504262099
1778.514	789.850895809778
1780.443	785.773658503667
1782.371	785.293004724679
1784.3	788.81689601614
1786.228	796.422975675823
1788.156	807.855363335021
1790.085	822.550406790967
1792.013	839.688983302568
1793.942	858.270657389107
1795.87	877.203130892547
1797.799	895.399123475517
1799.727	911.872207808212
1801.656	925.823244307346
1803.584	936.709902967927
1805.513	944.293250034839
1807.441	948.657384945891
1809.37	950.200463889851
1811.298	949.597937083042
1813.227	947.741242500748
1815.155	945.657331217696
1817.083	944.416065362348
1819.012	945.033586035798
1820.94	948.380105051745
1822.869	955.100200922701
1824.797	965.552628762456
1826.726	979.7749780991
1828.654	997.476376166217
1830.583	1018.05902055152
1832.511	1040.6668411624
1834.44	1064.25725012589
1836.368	1087.68993985254
1838.297	1109.82520489052
1840.225	1129.62341912464
1842.154	1146.23716825261
1844.082	1159.08812935978
1846.01	1167.92205420124
1847.939	1172.83704265236
1849.867	1174.28253197038
1851.796	1173.02888577366
1853.724	1170.10993551742
1855.653	1166.74309782566
1857.581	1164.23357177194
1859.51	1163.8704531172
1861.438	1166.82327654403
1863.367	1174.04745718275
1865.295	1186.20635494641
1867.224	1203.6162950122
1869.152	1226.21896490669
1871.081	1253.58333641606
1873.009	1284.93682185887
1874.938	1319.22297505395
1876.866	1355.18088896428
1878.794	1391.43970423207
1880.723	1426.62046857043
1882.651	1459.43707044038
1884.58	1488.78814937429
1886.508	1513.8327381862
1888.437	1534.04384057656
1890.365	1549.23606280902
1892.294	1559.56563313593
1894.222	1565.5034663842
1896.151	1567.78416501014
1898.079	1567.33580300323
1900.008	1565.19685199548
1901.936	1562.42755608143
1903.865	1560.02336928947
1905.793	1558.83771929048
1907.721	1559.52039161427
1909.65	1562.47633228509
1911.578	1567.84778000554
1913.507	1575.52053094351
1915.435	1585.15299651252
1917.364	1596.22472519284
1919.292	1608.09939617045
1921.221	1620.09609801118
1923.149	1631.5620800133
1925.078	1641.94015672206
1927.006	1650.82455191257
1928.935	1658.00012766362
1930.863	1663.4615489279
1932.792	1667.41083742712
1934.72	1670.23379824041
1936.648	1672.45777518539
1938.577	1674.69492985294
1940.505	1677.57658815829
1942.434	1681.68503679172
1944.362	1687.48940492563
1946.291	1695.2919111171
1948.219	1705.18982288421
1950.148	1717.05704968107
1952.076	1730.54749581216
1954.005	1745.1202980126
1955.933	1760.08504166581
1957.862	1774.66317178921
1959.79	1788.06025900681
1961.719	1799.54268801744
1963.647	1808.51180759719
1965.575	1814.56866875337
1967.504	1817.56317914648
1969.432	1817.62276123914
1971.361	1815.15731348648
1973.289	1810.8392926633
1975.218	1805.55988780494
1977.146	1800.36435612463
1979.075	1796.37145589718
1981.003	1794.68337710255
1982.932	1796.29350746899
1984.86	1801.99969412215
1986.789	1812.33033634979
1988.717	1827.48969542346
1990.646	1847.32730899413
1992.574	1871.33447358677
1994.502	1898.66856926864
1996.431	1928.20372897287
1998.359	1958.60419210557
2000.288	1988.41481011327
2002.216	2016.16174851645
2004.145	2040.45557564376
2006.073	2060.08871504662
2008.002	2074.11968431681
2009.93	2081.93761012963
2011.859	2083.30210779694
2013.787	2078.35560883286
2015.716	2067.6074443443
2017.644	2051.89125907659
2019.573	2032.29945149163
2021.501	2010.10013345256
2023.429	1986.64343127509
2025.358	1963.26470107158
2027.286	1941.19234801092
2029.215	1921.46741806617
2031.143	1904.88102285527
2033.072	1891.93406353555
2035	1882.82177909823
2036.929	1877.44352663734
2038.857	1875.43608843853
2040.786	1876.2268728513
2042.714	1879.10179480587
2044.643	1883.28151774807
2046.571	1887.99919923895
2048.5	1892.5729451594
2050.428	1896.46682732568
2052.356	1899.33549040741
2054.285	1901.04895571545
2056.213	1901.69607648614
2058.142	1901.56704499662
2060.07	1901.1172228013
2061.999	1900.91619685124
2063.927	1901.58721466063
2065.856	1903.74291491183
2067.784	1907.92348443512
2069.713	1914.5430265539
2071.641	1923.8490579098
2073.57	1935.89874616503
2075.498	1950.55388309124
2077.427	1967.49480737279
2079.355	1986.25171331172
2081.283	2006.25016841179
2083.212	2026.86636126481
2085.14	2047.48672861165
2087.069	2067.56624434434
2088.997	2086.67982418763
2090.926	2104.56198902689
2092.854	2121.13107088379
2094.783	2136.49573046568
2096.711	2150.94324456773
2098.64	2164.91075718362
2100.568	2178.94230756368
2102.497	2193.63579994948
2104.425	2209.58503633025
2106.354	2227.32240482143
2108.282	2247.26775664596
2110.21	2269.68841806191
2112.139	2294.6742230407
2114.067	2322.13001579571
2115.996	2351.78639297924
2117.924	2383.22769081541
2119.853	2415.93453922883
2121.781	2449.33686368036
2123.71	2482.87215536175
2125.638	2516.04325677873
2127.567	2548.46988323821
2129.495	2579.92863134846
2131.424	2610.37727104717
2133.352	2639.96058650775
2135.281	2668.99679083355
2137.209	2697.94542741007
2139.137	2727.35950983272
2141.066	2757.82626640776
2142.994	2789.90208596828
2144.923	2824.04798356359
2146.851	2860.57203702026
2148.78	2899.5847615776
2150.708	2940.97232019072
2152.637	2984.39089787255
2154.565	3029.28363492202
2156.494	3074.91938914389
2158.422	3120.45047698219
2160.351	3164.98462879596
2162.279	3207.66487191865
2164.208	3247.75008323098
2166.136	3284.68864086637
2168.064	3318.17800446091
2169.993	3348.20415249453
2171.921	3375.05652557257
2173.85	3399.31632715471
2175.778	3421.81852943422
2177.707	3443.59049847286
2179.635	3465.77255058967
2181.564	3489.52774843529
2183.492	3515.94963434771
2185.421	3545.97722150717
2187.349	3580.32632417485
2189.278	3619.44518527392
2191.206	3663.50041043126
2193.135	3712.39657757052
2195.063	3765.82976434697
2196.991	3823.37188011119
2198.92	3884.57939619143
2200.848	3949.11713911065
2202.777	4016.88553063199
2204.705	4088.13826926992
2206.634	4163.57712856566
2208.562	4244.411393637
2210.491	4332.37147014225
2212.419	4429.66928054247
2214.348	4538.90201768018
2216.276	4662.90037795859
2218.205	4804.52720431467
2220.133	4966.43715236995
2222.062	5150.81216191752
2223.99	5359.0908026228
2225.918	5591.71165266093
2227.847	5847.89152756786
2229.775	6125.45847189803
2231.704	6420.7569434699
2233.632	6728.63866693308
2235.561	7042.54743690552
2237.489	7354.70004328674
2239.418	7656.35888814253
2241.346	7938.18523429701
2243.275	8190.65585944144
2245.203	8404.52065768825
2247.132	8571.27485053528
2249.06	8683.61727127208
2250.989	8735.86588631185
2252.917	8724.30339516988
2254.845	8647.429345911
2256.774	8506.10051102704
2258.702	8303.5479563939
2260.631	8045.26686238613
2262.559	7738.78320412471
2264.488	7393.30931059145
2266.416	7019.30754465843
2268.345	6627.98736501374
2270.273	6230.76541430618
2272.202	5838.72070677809
2274.13	5462.0772822772
2276.059	5109.74482306984
2277.987	4788.94382169604
2279.916	4504.93621507872
2281.844	4260.87536191203
2283.772	4057.78133427286
2285.701	3894.63927866747
2287.629	3768.61065435525
2289.558	3675.34003291918
2291.486	3609.33433407143
2293.415	3564.38727030155
2295.343	3534.01964091688
2297.272	3511.90607151874
2299.2	3492.26080139063
2301.129	3470.15899252855
2303.057	3441.77545010789
2304.986	3404.52917678046
2306.914	3357.12932938396
2308.843	3299.52536772622
2310.771	3232.77094782181
2312.699	3158.81692875424
2314.628	3080.25332759161
2316.556	3000.02287623631
2318.485	2921.12984525576
2320.413	2846.3669818432
2322.342	2778.08088180812
2324.27	2717.99212699542
2326.199	2667.08142435434
2328.127	2625.54721221793
2330.056	2592.83422568735
2331.984	2567.72681215447
2333.913	2548.49580156655
2335.841	2533.08383735657
2337.77	2519.31153997969
2339.698	2505.08586642161
2341.626	2488.59258013905
2343.555	2468.45676457456
2345.483	2443.85859147034
2347.412	2414.59578778774
2349.34	2381.08905732988
2351.269	2344.33169244164
2353.197	2305.78934120176
2355.126	2267.25999065908
2357.054	2230.70736270578
2358.983	2198.08285871919
2360.911	2171.15179924923
2362.84	2151.33896622294
2364.768	2139.60646048343
2366.697	2136.37383279175
2368.625	2141.48661196158
2370.553	2154.23507934894
2372.482	2173.42079435518
2374.41	2197.4643294488
2376.339	2224.54426187635
2378.267	2252.75496940846
2380.196	2280.26938398222
2382.124	2305.49266797635
2384.053	2327.19378770489
2385.981	2344.60406091794
2387.91	2357.47475244508
2389.838	2366.08941490257
2391.767	2371.23060133147
2393.695	2374.10447455359
2395.624	2376.23037285063
2397.552	2379.30526824552
2399.48	2385.05503765313
2401.409	2395.08540344724
2403.337	2410.745225063
2405.266	2433.01356922732
2407.194	2462.41977690919
2409.123	2499.0027834365
2411.051	2542.31249901855
2412.98	2591.45242256905
2414.908	2645.15915614776
2416.837	2701.9114089242
2418.765	2760.05868585023
2420.694	2817.95834235849
2422.622	2874.10916920155
2424.551	2927.27018048475
2426.479	2976.55475371536
2428.407	3021.4925714285
2430.336	3062.05472849365
2432.264	3098.6406361686
2434.193	3132.02868495443
2436.121	3163.29573319673
2438.05	3193.71310052022
2439.978	3224.6286442761
2441.907	3257.34552793236
2443.835	3293.00837528509
2445.764	3332.5066498191
2447.692	3376.40339315736
2449.621	3424.89506272942
2451.549	3477.80534777138
2453.478	3534.61277455105
2455.406	3594.5089118303
2457.334	3656.48132264003
2459.263	3719.41331259167
2461.191	3782.191179318
2463.12	3843.80918458862
2465.048	3903.46288415877
2466.977	3960.62271342189
2468.905	4015.08171588977
2470.834	4066.97382768114
2472.762	4116.76195773496
2474.691	4165.19796682795
2476.619	4213.25928213937
2478.548	4262.06904261538
2480.476	4312.80815158698
2482.405	4366.62827657851
2484.333	4424.57461635595
2486.261	4487.52616753408
2488.19	4556.15936341948
2490.118	4630.93849460034
2492.047	4712.13348048262
2493.975	4799.86260812065
2495.904	4894.15506876607
2497.832	4995.02577292992
2499.761	5102.55324632037
2501.689	5216.95058055254
2503.618	5338.61953965135
2505.546	5468.17902771093
2507.475	5606.46113860147
2509.403	5754.47078557546
2511.332	5913.30822482937
2513.26	6084.0573656708
2515.188	6267.64629221246
2517.117	6464.68959285843
2519.045	6675.32461072049
2520.974	6899.05534366574
2522.902	7134.6182589889
2524.831	7379.88365237537
2526.759	7631.80437697883
2528.688	7886.42089665288
2530.616	8138.92786958686
2532.545	8383.80311430821
2534.473	8614.99517583393
2536.402	8826.16115387877
2538.33	9010.94233872875
2540.259	9163.26185880576
2542.187	9277.62625859626
2544.115	9349.41190085697
2546.044	9375.11743247889
2547.972	9352.56527384342
2549.901	9281.03808499948
2551.829	9161.34022660401
2553.758	8995.77908217661
2555.686	8788.06639020684
2557.615	8543.14506283106
2559.543	8266.95194840119
2561.472	7966.13125863769
2563.4	7647.71661052166
2565.329	7318.80158974779
2567.257	6986.21928401608
2569.186	6656.25032583144
2571.114	6334.37670111808
2573.042	6025.0951012131
2574.971	5731.79919082721
2576.899	5456.7351709326
2578.828	5201.02981262866
2580.756	4964.78511719043
2582.685	4747.22929145334
2584.613	4546.91014164552
2586.542	4361.91453552312
2588.47	4190.09642356303
2590.399	4029.29610344885
2592.327	3877.5349103983
2594.256	3733.17217034456
2596.184	3595.01482724719
2598.113	3462.37434593483
2600.041	3335.06995161791
2601.969	3213.38163630979
2603.898	3097.96029569374
2605.826	2989.70555483713
2607.755	2889.62406110073
2609.683	2798.682115205
2611.612	2717.66641917032
2613.54	2647.06548303511
2615.469	2586.98198388735
2617.397	2537.08332394667
2619.326	2496.59406346532
2621.254	2464.33012075264
2623.183	2438.77095834136
2625.111	2418.16271794106
2627.04	2400.64269298195
2628.968	2384.3738393485
2630.896	2367.67734706748
2632.825	2349.15166551079
2634.753	2327.76774022915
2636.682	2302.93244566895
2638.61	2274.51507896818
2640.539	2242.83505786407
2642.467	2208.61235300924
2644.396	2172.88538941391
2646.324	2136.90390106925
2648.253	2102.00628765321
2650.181	2069.49223489007
2652.11	2040.50162809512
2654.038	2015.91010119267
2655.967	1996.24999245316
2657.895	1981.66316954881
2659.823	1971.88934790047
2661.752	1966.29040828215
2663.68	1963.90809394982
2665.609	1963.5496034798
2667.537	1963.89323696846
2669.466	1963.60459819971
2671.394	1961.4530393018
2673.323	1956.41811931154
2675.251	1947.77681790297
2677.18	1935.16400833216
2679.108	1918.60109003801
2681.037	1898.49049885925
2682.965	1875.57680460119
2684.894	1850.87801189379
2686.822	1825.59325058051
2688.75	1800.99505680977
2690.679	1778.31573561544
2692.607	1758.63775384388
2694.536	1742.79770497941
2696.464	1731.31215568574
2698.393	1724.33173942134
2700.321	1721.62737768086
2702.25	1722.60970211016
2704.178	1726.37986524749
2706.107	1731.80721355447
2708.035	1737.62698712755
2709.964	1742.54950326432
2711.892	1745.37132022922
2713.821	1745.07874241026
2715.749	1740.93472637321
2717.677	1732.54171508288
2719.606	1719.87503481294
2721.534	1703.28405159207
2723.463	1683.46107867733
2725.391	1661.3808117202
2727.32	1638.21560404912
2729.248	1615.23396333023
2731.177	1593.69107631623
2733.105	1574.72083000956
2735.034	1559.23864105018
2736.962	1547.86344673956
2738.891	1540.86553596309
2740.819	1538.14465281729
2742.748	1539.24018495142
2744.676	1543.37247906542
2746.604	1549.51164629065
2748.533	1556.46786046696
2750.461	1562.99531457806
2752.39	1567.90084134488
2754.318	1570.14782101687
2756.247	1568.94642363264
2758.175	1563.82242596337
2760.104	1554.6587006604
2762.032	1541.7058357304
2763.961	1525.5610025354
2765.889	1507.11692107004
2767.818	1487.48533785358
2769.746	1467.90161457147
2771.675	1449.61863823435
2773.603	1433.7991690257
2775.531	1421.4158640519
2777.46	1413.16754505212
2779.388	1409.41887481938
2781.317	1410.16859233705
2783.245	1415.0490042445
2785.174	1423.35675109365
2787.102	1434.1121907729
2789.031	1446.14229751599
2790.959	1458.17997177463
2792.888	1468.97126442989
2794.816	1477.38135619006
2796.745	1482.49025477616
2798.673	1483.67006662039
2800.602	1480.637288254
2802.53	1473.4757080856
2804.458	1462.62802727444
2806.387	1448.85698284475
2808.315	1433.1793581179
2810.244	1416.77857270823
2812.172	1400.90336016819
2814.101	1386.76121174101
2816.029	1375.41569095859
2817.958	1367.69637120419
2819.886	1364.12904869301
2821.815	1364.89213224237
2823.743	1369.80285981508
2825.672	1378.33443366169
2827.6	1389.66252030184
2829.529	1402.73705490482
2831.457	1416.37313582772
2833.385	1429.35317749001
2835.314	1440.53154552193
2837.242	1448.93270648291
2839.171	1453.83450016696
2841.099	1454.82943472621
2843.028	1451.8588015424
2844.956	1445.21674450946
2846.885	1435.52399634506
2848.813	1423.67359179249
2850.742	1410.75326197662
2852.67	1397.95120140376
2854.599	1386.45331003216
2856.527	1377.34072798231
2858.456	1371.4964400207
2860.384	1369.52893586704
2862.313	1371.71943973629
2864.241	1377.99719555664
2866.169	1387.94488736779
2868.098	1400.83369400868
2870.026	1415.68494428997
2871.955	1431.35306986612
2873.883	1446.62274144957
2875.812	1460.31187384601
2877.74	1471.37169797161
2879.669	1478.97536384361
2881.597	1482.58753335585
2883.526	1482.00905902406
2885.454	1477.39298361094
2887.383	1469.23055182272
2889.311	1458.30848851648
2891.24	1445.641248739
2893.168	1432.38407413217
2895.096	1419.73431639545
2897.025	1408.82947357051
2898.953	1400.65064597763
2900.882	1395.93963484175
2902.81	1395.13672090529
2904.739	1398.34437550471
2906.667	1405.31992661407
2908.596	1415.49771894983
2910.524	1428.03878342173
2912.453	1441.90368309641
2914.381	1455.94223105035
2916.31	1468.99234807549
2918.238	1479.97956628618
2920.167	1488.00865217145
2922.095	1492.43952086367
2924.023	1492.94098107978
2925.952	1489.51776880878
2927.88	1482.50863184287
2929.809	1472.55571839736
2931.737	1460.54798734153
2933.666	1447.5435836184
2935.594	1434.67791966572
2937.523	1423.06541852239
2939.451	1413.70340343941
2941.38	1407.38641780122
2943.308	1404.63834628863
2945.237	1405.66816281697
2947.165	1410.3530863836
2949.094	1418.25055875016
2951.022	1428.63797157962
2952.95	1440.57667898102
2954.879	1452.99473980504
2956.807	1464.78122197354
2958.736	1474.88390681055
2960.664	1482.40193984319
2962.593	1486.66541055714
2964.521	1487.29496935814
2966.45	1484.23630856883
2968.378	1477.7664978996
2970.307	1468.47158756078
2972.235	1457.1973659388
2974.164	1444.97747112598
2976.092	1432.94500804549
2978.021	1422.23524782889
2979.949	1413.88776112965
2981.877	1408.75639558132
2983.806	1407.43484446337
2985.734	1410.2042255232
2987.663	1417.00720952266
2989.591	1427.45096838591
2991.52	1440.83874723021
2993.448	1456.22741426281
2995.377	1472.50611742859
2997.305	1488.48936741221
2999.234	1503.01662815423
3001.162	1515.04993456627
3003.091	1523.76122079954
3005.019	1528.6019173201
3006.948	1529.34888636882
3008.876	1526.12278385311
3010.804	1519.37728863958
3012.733	1509.86012628667
3014.661	1498.54922078305
3016.59	1486.56942898497
3018.518	1475.09696676428
3020.447	1465.25968196218
3022.375	1458.04167774741
3024.304	1454.20041128289
3026.232	1454.20331934776
3028.161	1458.18934682983
3030.089	1465.95861944335
3032.018	1476.99109153846
3033.946	1490.49251993447
3035.875	1505.46377771193
3037.803	1520.78752792721
3039.731	1535.32479692831
3041.66	1548.01314696534
3043.588	1557.95801982905
3045.517	1564.5094180111
3047.445	1567.31735611147
3049.374	1566.36134412594
3051.302	1561.95139880807
3053.231	1554.70052773048
3055.159	1545.47108285746
3057.088	1535.29962595898
3059.016	1525.30679434698
3060.945	1516.59994375287
3062.873	1510.17696509264
3064.802	1506.83957012448
3066.73	1507.12352625791
3068.658	1511.251862883
3070.587	1519.11509563266
3072.515	1530.28019056044
3074.444	1544.02751687419
3076.372	1559.41262704094
3078.301	1575.34756383992
3080.229	1590.69470922758
3082.158	1604.36510469898
3084.086	1615.41278079407
3086.015	1623.11696865141
3087.943	1627.04510076321
3089.872	1627.09115299427
3091.8	1623.4859946356
3093.729	1616.77881645529
3095.657	1607.79119213565
3097.585	1597.54768265492
3099.514	1587.18891367127
3101.442	1577.87456885217
3103.371	1570.68461685229
3105.299	1566.52725045148
3107.228	1566.06144864626
3109.156	1569.64082424423
3111.085	1577.28359726098
3113.013	1588.671294127
3114.942	1603.17630644914
3116.87	1619.91596256249
3118.799	1637.82848357593
3120.727	1655.76430945848
3122.656	1672.58495261954
3124.584	1687.26088135191
3126.512	1698.96001069183
3128.441	1707.11917827345
3130.369	1711.49243985999
3132.298	1712.17200906024
3134.226	1709.58001791828
3136.155	1704.43178778066
3138.083	1697.67375712233
3140.012	1690.40140325718
3141.94	1683.76422904743
3143.869	1678.86601370144
3145.797	1676.6689502037
3147.726	1677.90997294662
3149.654	1683.03654361643
3151.583	1692.16749890543
3153.511	1705.08241206802
3155.439	1721.24046582314
3157.368	1739.82728724454
3159.296	1759.8257751376
3161.225	1780.10486568423
3163.153	1799.51861322121
3165.082	1817.00704637765
3167.01	1831.690076154
3168.939	1842.94629976992
3170.867	1850.46981559462
3172.796	1854.30003285777
3174.724	1854.82176614493
3176.653	1852.73545182371
3178.581	1848.99989317189
3180.51	1844.75231217384
3182.438	1841.21245423284
3184.366	1839.57888698448
3186.295	1840.92633436857
3188.223	1846.11282990733
3190.152	1855.70466146155
3192.08	1869.92558120007
3194.009	1888.63469599601
3195.937	1911.33501036758
3197.866	1937.21197541627
3199.794	1965.19882769935
3201.723	1994.0632027495
3203.651	2022.50767754331
3205.58	2049.27569336068
3207.508	2073.2538403225
3209.437	2093.56178978632
3211.365	2109.62221638526
3213.293	2121.20476868047
3215.222	2128.44037968398
3217.15	2131.80476450553
3219.079	2132.07261212568
3221.007	2130.24651214842
3222.936	2127.46684578717
3224.864	2124.91052283343
3226.793	2123.6874181604
3228.721	2124.74356601337
3230.65	2128.77958761865
3232.578	2136.19150533907
3234.507	2147.03914687936
3236.435	2161.04493298838
3238.364	2177.62317954044
3240.292	2195.93736056754
3242.22	2214.98030658925
3244.149	2233.67026909294
3246.077	2250.95434782993
3248.006	2265.91008133813
3249.934	2277.83610797174
3251.863	2286.32371040178
3253.791	2291.30268714203
3255.72	2293.05721258471
3257.648	2292.20996255673
3259.577	2289.67556970649
3261.505	2286.58718953984
3263.434	2284.20236528496
3265.362	2283.79626457947
3267.291	2286.55155356391
3269.219	2293.45456352331
3271.147	2305.20694997121
3273.076	2322.16077558053
3275.004	2344.28296949908
3276.933	2371.15259229749
3278.861	2401.99148335422
3280.79	2435.72593228568
3282.718	2471.07425453364
3284.647	2506.65280775357
3286.575	2541.09127101774
3288.504	2573.14708162409
3290.432	2601.8088763605
3292.361	2626.37963175829
3294.289	2646.53187954594
3296.218	2662.32975386657
3298.146	2674.21550753714
3300.074	2682.96127069084
3302.003	2689.58994539261
3303.931	2695.27196003826
3305.86	2701.2068939952
3307.788	2708.500515427
3309.717	2718.04840487536
3311.645	2730.43699108445
3313.574	2745.87151433055
3315.502	2764.13825080147
3317.431	2784.60545144161
3319.359	2806.26410631753
3321.288	2827.80612216476
3323.216	2847.73409929344
3325.145	2864.49391359651
3327.073	2876.61901963321
3329.001	2882.87400804953
3330.93	2882.38461849314
3332.858	2874.74218453519
3334.787	2860.07233330715
3336.715	2839.06055049176
3338.644	2812.93073819163
3340.572	2783.37685861516
3342.501	2752.45184447284
3344.429	2722.42182225072
3346.358	2695.59700121527
3348.286	2674.15303088254
3350.215	2659.95798807028
3352.143	2654.42027154619
3354.072	2658.37150697769
3356	2671.99615267094
3357.928	2694.81600689593
3359.857	2725.73350354915
3361.785	2763.13287294399
3363.714	2805.03331747895
3365.642	2849.28370748596
3367.571	2893.78432930143
3369.499	2936.71826136191
3371.428	2976.77328903804
3373.356	3013.33507365695
3375.285	3046.63363230961
3377.213	3077.82800909446
3379.142	3109.01815320983
3381.07	3143.17818471396
3382.999	3184.01105646925
3384.927	3235.73068103488
3386.855	3302.78342513873
3388.784	3389.52602879303
3390.712	3499.88106912869
3392.641	3636.99372226142
3394.569	3802.91454262221
3396.498	3998.33216180791
3398.426	4222.37722364394
3400.355	4472.51466712423
3402.283	4744.53591610381
3404.212	5032.65601074537
3406.14	5329.71367524995
3408.069	5627.46525846033
3409.997	5916.95691545339
3411.926	6188.95379626865
3413.854	6434.40078387007
3415.782	6644.88679212959
3417.711	6813.08399042385
3419.639	6933.13462336197
3421.568	7000.96126106814
3423.496	7014.48113170789
3425.425	6973.71131921009
3427.353	6880.75862688404
3429.282	6739.69532075724
3431.21	6556.32925741184
3433.139	6337.88356383061
3435.067	6092.60661365428
3436.996	5829.33715917929
3438.924	5557.05186353814
3440.853	5284.42299171912
3442.781	5019.41265696969
3444.709	4768.92690960354
3446.638	4538.54835027853
3448.566	4332.36020415722
3450.495	4152.86833579393
3452.423	4001.02098908243
3454.352	3876.31958079688
3456.28	3777.00811009776
3458.209	3700.32405845625
3460.137	3642.79034466116
3462.066	3600.52615890622
3463.994	3569.55439897024
3465.923	3546.08491810521
3467.851	3526.75570082507
3469.78	3508.81814191703
3471.708	3490.25747137782
3473.636	3469.84465063972
3475.565	3447.12135298024
3477.493	3422.32453726703
3479.422	3396.26127710465
3481.35	3370.14763458031
3483.279	3345.4272758109
3485.207	3323.58612213298
3487.136	3305.97862870371
3489.064	3293.6793945251
3490.993	3287.37093564614
3492.921	3287.27486706776
3494.85	3293.12975487098
3496.778	3304.21485359681
3498.707	3319.41516203539
3500.635	3337.32000648698
3502.563	3356.34493117815
3504.492	3374.86520450856
3506.42	3391.34881689978
3508.349	3404.47744347269
3510.277	3413.24538101224
3512.206	3417.02877858919
3514.134	3415.62034215877
3516.063	3409.22784545432
3517.991	3398.43794780123
3519.92	3384.1497377505
3521.848	3367.48485345919
3523.777	3349.68278905226
3525.705	3331.9909560694
3527.634	3315.55917697577
3529.562	3301.34756346149
3531.49	3290.05526523167
3533.419	3282.07551445559
3535.347	3277.47993182591
3537.276	3276.03242492876
3539.204	3277.23042923887
3541.133	3280.36893593631
3543.061	3284.62090857035
3544.99	3289.1264570776
3546.918	3293.08260148289
3548.847	3295.82564541061
3550.775	3296.8990552718
3552.704	3296.10121064842
3554.632	3293.50931245856
3556.561	3289.47793032015
3558.489	3284.61294240534
3560.417	3279.72377142378
3562.346	3275.7586657973
3564.274	3273.72916268101
3566.203	3274.63068919727
3568.131	3279.36645131573
3570.06	3288.68132263586
3571.988	3303.1114285589
3573.917	3322.95362436101
3575.845	3348.25722707379
3577.774	3378.83834593447
3579.702	3414.31514143558
3581.631	3454.16050214556
3583.559	3497.76711674923
3585.488	3544.51886038575
3587.416	3593.86189259481
3589.344	3645.36891509445
3591.273	3698.79064803836
3593.201	3754.08969310353
3595.13	3811.45345955926
3597.058	3871.28460271009
3598.987	3934.16931057105
3600.915	4000.8256158537
3602.844	4072.035555097
3604.772	4148.56631366647
3606.701	4231.08638333993
3608.629	4320.08315534169
3610.558	4415.78825535453
3612.486	4518.11632045919
3614.415	4626.62188307551
3616.343	4740.47765903186
3618.271	4858.47595526897
3620.2	4979.05325007287
3622.128	5100.33638940344
3624.057	5220.20741125837
3625.985	5336.38286044803
3627.914	5446.50266484547
3629.842	5548.22325378176
3631.771	5639.30961670554
3633.699	5717.72139772697
3635.628	5781.688840802
3637.556	5829.77535870703
3639.485	5860.92459885726
3641.413	5874.49101696362
3643.342	5870.2540461141
3645.27	5848.4168778413
3647.198	5809.59158742432
3649.127	5754.77279820801
3651.055	5685.30227761047
3652.984	5602.82680729894
3654.912	5509.25141331584
3656.841	5406.68963983474
3658.769	5297.4120760559
3660.698	5183.79387668151
3662.626	5068.26162480871
3664.555	4953.2396314618
3666.483	4841.0956884015
3668.412	4734.08640629794
3670.34	4634.30256874233
3672.269	4543.61537840657
3674.197	4463.62500743573
3676.125	4395.61341613762
3678.054	4340.50388988307
3679.982	4298.83008168215
3681.911	4270.71746421572
3683.839	4255.87993493064
3685.768	4253.63385063372
3687.696	4262.93099293566
3689.625	4282.41091379159
3691.553	4310.47184314264
3693.482	4345.35794734042
3695.41	4385.25931727767
3697.339	4428.41976033709
3699.267	4473.24639316018
3701.196	4518.414295933
3703.124	4562.95918616187
3705.052	4606.35126381244
3706.981	4648.54409630733
3708.909	4689.9936360212
3710.838	4731.64413709875
3712.766	4774.87976546322
3714.695	4821.44294490539
3716.623	4873.32279766052
3718.552	4932.61925124745
3720.48	5001.39032570214
3722.409	5081.49163101442
3724.337	5174.41806384456
3726.266	5281.15800273397
3728.194	5402.06991471996
3730.123	5536.79020663765
3732.051	5684.1794361416
3733.979	5842.31174399865
3735.908	6008.50972581734
3737.836	6179.42410518489
3739.765	6351.15469724348
3741.693	6519.40646262264
3743.622	6679.67213642676
3745.55	6827.43114087403
3747.479	6958.35338098343
3749.407	7068.49616095726
3751.336	7154.48287168459
3753.264	7213.65325852321
3755.193	7244.17690105778
3757.121	7245.12389332285
3759.05	7216.48943682898
3760.978	7159.17195741557
3762.906	7074.90722769027
3764.835	6966.16362141573
3766.763	6836.00586578441
3768.692	6687.93634556746
3770.62	6525.72404594153
3772.549	6353.23154454874
3774.477	6174.25007714551
3776.406	5992.35165609699
3778.334	5810.76561495108
3780.263	5632.28492174423
3782.191	5459.20531195191
3784.12	5293.2979163411
3786.048	5135.8137764997
3787.977	4987.51661481605
3789.905	4848.73859346646
3791.833	4719.45266001085
3793.762	4599.35449439693
3795.69	4487.94705671519
3797.619	4384.62125499942
3799.547	4288.72723489647
3801.476	4199.63213180243
3803.404	4116.76169113385
3805.333	4039.62481173854
3807.261	3967.8216590651
3809.19	3901.03739842994
3811.118	3839.02470657133
3813.047	3781.57895409816
3814.975	3728.5102706524
3816.904	3679.61660480793
3818.832	3634.66140497982
3820.76	3593.3587415879
3822.689	3555.36765578066
3824.617	3520.29636432251
3826.546	3487.7157885656
3828.474	3457.18081877087
3830.403	3428.25687084069
3832.331	3400.54871627579
3834.26	3373.72831526249
3836.188	3347.55847296216
3838.117	3321.90955375358
3840.045	3296.7671807806
3841.974	3272.22974697174
3843.902	3248.49557896301
3845.831	3225.84062781894
3847.759	3204.58851063608
3849.688	3185.07550447662
3851.616	3167.61362517834
3853.544	3152.45515863397
3855.473	3139.76192929718
3857.401	3129.58219781331
3859.33	3121.83741335638
3861.258	3116.32016818864
3863.187	3112.70369318813
3865.115	3110.56218647404
3867.044	3109.40027896481
3868.972	3108.68910142235
3870.901	3107.90580428469
3872.829	3106.57305075321
3874.758	3104.29498590093
3876.686	3100.78648233019
3878.615	3095.89304992158
3880.543	3089.59962113524
3882.471	3082.02741042473
3884.4	3073.41910814212
3886.328	3064.11371061589
3888.257	3054.51321540268
3890.185	3045.04414072211
3892.114	3036.11729504739
3894.042	3028.08938447662
3895.971	3021.22988682657
3897.899	3015.69615594065
3899.828	3011.51898843938
3901.756	3008.59995277788
3903.685	3006.72072973113
3905.613	3005.56363769251
3907.542	3004.74151121036
3909.47	3003.83425664177
3911.398	3002.42880022821
3913.327	3000.15882604523
3915.255	2996.74070321908
3917.184	2992.00232431087
3919.112	2985.90219221677
3921.041	2978.53694768209
3922.969	2970.13654863187
3924.898	2961.04740630507
3926.826	2951.70485512879
3928.755	2942.59728853363
3930.683	2934.22504667114
3932.612	2927.05762695841
3934.54	2921.49296074496
3936.469	2917.82234277755
3938.397	2916.20412704135
3940.325	2916.64855337078
3942.254	2919.01510873521
3944.182	2923.0227388652
3946.111	2928.27210492363
3948.039	2934.2780244463
3949.968	2940.50933854653
3951.896	2946.43278759381
3953.825	2951.55711388011
3955.753	2955.47357508459
3957.682	2957.88935085465
3959.61	2958.65093162145
3961.539	2957.75544190722
3963.467	2955.34889534012
3965.396	2951.71151472867
3967.324	2947.23137897212
3969.252	2942.36868076734
3971.181	2937.61370544812
3973.109	2933.44219908974
3975.038	2930.2720336512
3976.966	2928.42497641254
3978.895	2928.09693787202
3980.823	2929.33934317756
3982.752	2932.05330956013
3984.68	2935.99719913366
3986.609	2940.80694922227
3988.537	2946.02746249967
3990.466	2951.15236433104
3992.394	2955.668690177
3994.323	2959.10261740682
3996.251	2961.06224353564
3998.179	2961.27364785515
4000.108	2959.60703666453
4002.036	2956.09061626961
4003.965	2950.91089052547
4005.893	2944.39925052496
4007.822	2937.00591208922
4009.75	2929.26335914741
4011.679	2921.74237209867
4013.607	2915.00437938572
4015.536	2909.55420969716
4017.464	2905.79731083301
4019.393	2904.00513888163
4021.321	2904.29173784826
4023.25	2906.60358295687
4025.178	2910.72363115483
4027.106	2916.28930655596
4029.035	2922.82295107739
4030.963	2929.77219453008
4032.892	2936.55683694828
4034.82	2942.6182638382
4036.749	2947.46718245941
4038.677	2950.72559532389
4040.606	2952.15940594852
4042.534	2951.69884147532
4044.463	2949.44491021057
4046.391	2945.66130142584
4048.32	2940.75237828959
4050.248	2935.22910602666
4052.177	2929.66579403392
4054.105	2924.65132344625
4056.033	2920.73901200522
4057.962	2918.39939414904
4059.89	2917.97995443526
4061.819	2919.6752665046
4063.747	2923.51010728982
4065.676	2929.33701208646
4067.604	2936.84850458206
4069.533	2945.60298222378
4071.461	2955.06206870259
4073.39	2964.63626203776
4075.318	2973.73499322109
4077.247	2981.81682810306
4079.175	2988.43552735622
4081.104	2993.27802794481
4083.032	2996.19109519149
4084.96	2997.19435898206
4086.889	2996.47860866587
4088.817	2994.38947964788
4090.746	2991.39791293559
4092.674	2988.05990017373
4094.603	2984.96894406194
4096.531	2982.70528882553
4098.46	2981.78625390168
4100.388	2982.6219121248
4102.317	2985.47989904683
4104.245	2990.46236127875
4106.174	2997.49701533014
4108.102	3006.34308289468
4110.031	3016.61159695663
4111.959	3027.79834426106
4113.888	3039.32662878265
4115.816	3050.59620041585
4117.745	3061.03416521693
4119.673	3070.14352345676
4121.602	3077.54518417507
4123.53	3083.00986266277
4125.458	3086.47713271007
4127.387	3088.06000456368
4129.315	3088.0346383202
4131.244	3086.81607494801
4133.172	3084.92206436257
4135.101	3082.92808948423
4137.029	3081.41743967531
4138.958	3080.93061174996
4140.886	3081.91837544981
4142.814	3084.7025277896
4144.743	3089.44770368147
4146.671	3096.14666492224
4148.6	3104.6203368384
4150.528	3114.53260025914
4152.457	3125.41858398328
4154.385	3136.72404755492
4156.314	3147.85249483318
4158.242	3158.21599676726
4160.171	3167.28538361785
4162.099	3174.63551981371
4164.028	3179.98179414686
4165.956	3183.20470817411
4167.885	3184.36046229171
4169.813	3183.67663498242
4171.742	3181.53332385501
4173.67	3178.43135838522
4175.599	3174.95029755368
4177.527	3171.69979652511
4179.456	3169.26849070067
4181.384	3168.17475475229
4183.313	3168.82353085586
4185.241	3171.47289842238
4187.169	3176.21322200437
4189.098	3182.96063638604
4191.026	3191.4654004916
4192.955	3201.33437978537
4194.883	3212.06570917581
4196.812	3223.09264840409
4198.74	3233.8328584269
4200.668	3243.73886731108
4202.597	3252.34539683514
4204.525	3259.30949445361
4206.454	3264.44003588427
4208.382	3267.71407797029
4210.311	3269.27867115989
4212.239	3269.4379890494
4214.168	3268.62689197386
4216.096	3267.3732047013
4218.025	3266.25195531041
4219.953	3265.83551056983
4221.882	3266.64389377645
4223.81	3269.09955418596
4225.739	3273.49047451085
4227.667	3279.94478743544
4229.596	3288.41908516931
4231.524	3298.70143241136
4233.453	3310.42883335938
4235.381	3323.11766552894
4237.31	3336.20448316166
4239.238	3349.09370591674
4241.167	3361.20812020861
4243.095	3372.03788120038
4245.023	3381.18383338162
4246.952	3388.39145549196
4248.88	3393.57253928277
4250.809	3396.81276217619
4252.737	3398.3645211136
4254.666	3398.62565523943
4256.594	3398.10589051072
4258.522	3397.38388659555
4260.451	3397.05856588646
4262.379	3397.69888776862
4264.308	3399.79635725404
4266.236	3403.72431519891
4268.165	3409.70746859123
4270.093	3417.80423460362
4272.022	3427.90336739533
4273.95	3439.73510700215
4275.879	3452.8958407365
4277.807	3466.88410661745
4279.736	3481.14479515924
4281.664	3495.11770393224
4283.593	3508.28622893423
4285.521	3520.22196976851
4287.45	3530.62138251703
4289.378	3539.33130437304
4291.307	3546.3611382872
4293.235	3551.88064126533
4295.164	3556.20350727021
4297.092	3559.75816771396
4299.021	3563.04834331792
4300.949	3566.60677502702
4302.877	3570.94616158623
4304.806	3576.51158535343
4306.734	3583.6385935805
4308.663	3592.5206289293
4310.591	3603.18871036574
4312.52	3615.50522113661
4314.448	3629.17245326346
4316.376	3643.75529091565
4318.305	3658.71619643579
4320.233	3673.45959697432
4322.162	3687.38194803898
4324.09	3699.92324345781
4326.019	3710.6155932205
4327.947	3719.12471481385
4329.876	3725.28076173654
4331.804	3729.09579646445
4333.733	3730.76632980393
4335.661	3730.66060017504
4337.59	3729.29154906083
4339.518	3727.27765408148
4341.447	3725.29480685852
4343.375	3724.02318215439
4345.304	3724.09347338905
4347.232	3726.03693122853
4349.161	3730.24333125463
4351.089	3736.93033999596
4353.018	3746.12680129866
4354.946	3757.67130712092
4356.875	3771.22614602717
4358.803	3786.30544601891
4360.731	3802.31515326853
4362.66	3818.60151344484
4364.588	3834.504029145
4366.517	3849.40851301456
4368.445	3862.79587018695
4370.374	3874.28262329452
4372.302	3883.64990521445
4374.23	3890.85862766983
4376.159	3896.04970387387
4378.087	3899.52946113481
4380.016	3901.74161825061
4381.944	3903.22831814763
4383.873	3904.58360495298
4385.801	3906.40334168997
4387.73	3909.2358302419
4389.658	3913.53729849728
4391.587	3919.63597082407
4393.515	3927.707677189
4395.444	3937.76494960108
4397.372	3949.66038892848
4399.301	3963.10386041764
4401.229	3977.69189687306
4403.158	3992.94665451811
4405.086	4008.36096528067
4407.015	4023.44552765079
4408.943	4037.77411753481
4410.872	4051.02289266757
4412.8	4063.00039103363
4414.729	4073.66563887172
4416.657	4083.13281635886
4418.585	4091.66208999131
4420.514	4099.63741049404
4422.442	4107.53319231996
4424.371	4115.87274064079
4426.299	4125.181994095
4428.228	4135.94254781769
4430.156	4148.54797914609
4432.084	4163.26721453689
4434.013	4180.21807638635
4435.941	4199.35328507069
4437.87	4220.46013917867
4439.798	4243.17394576508
4441.727	4267.00412052465
4443.655	4291.3708225259
4445.584	4315.64911814671
4447.512	4339.21705636148
4449.441	4361.50373239108
4451.369	4382.03344229988
4453.298	4400.46238248475
4455.226	4416.60499257434
4457.155	4430.44792081719
4459.083	4442.15063080075
4461.012	4452.03277769247
4462.94	4460.54956646351
4464.869	4468.25727218491
4466.797	4475.7718728456
4468.726	4483.72425535775
4470.654	4492.7156656088
4472.583	4503.27696992363
4474.511	4515.83489158512
4476.439	4530.68772130797
4478.368	4547.99213601958
4480.296	4567.76177376801
4482.225	4589.87719147332
4484.153	4614.10586591327
4486.082	4640.13007025486
4488.01	4667.57983896017
4489.938	4696.06787420034
4491.867	4725.22317472447
4493.795	4754.7203854582
4495.724	4784.30234928463
4497.652	4813.79404443732
4499.581	4843.10694561304
4501.509	4872.23377512712
4503.438	4901.23452707488
4505.366	4930.21546906482
4507.295	4959.30347827219
4509.223	4988.61849262182
4511.152	5018.24701601355
4513.08	5048.21949502598
4515.009	5078.4939952281
4516.937	5108.94798416375
4518.866	5139.37923240495
4520.794	5169.51594693886
4522.723	5199.03533516896
4524.651	5227.58894767791
4526.58	5254.832442847
4528.508	5280.45692309906
4530.437	5304.21875896806
4532.365	5325.9648684361
4534.293	5345.65075466416
4536.222	5363.34919946647
4538.15	5379.24831326759
4540.079	5393.63858615071
4542.007	5406.88958684747
4543.936	5419.41792868647
4545.864	5431.64897652939
4547.792	5443.97542848796
4549.721	5456.71630854665
4551.649	5470.08001040312
4553.578	5484.13482341632
4555.506	5498.78985990954
4557.435	5513.78852677063
4559.363	5528.71570411502
4561.292	5543.01868880071
4563.22	5556.04082161742
4565.149	5567.06563896883
4567.077	5575.36846393354
4569.006	5580.27165726488
4570.934	5581.19934735575
4572.863	5577.72738700137
4574.791	5569.62455453978
4576.72	5556.88161021054
4578.648	5539.72569116837
4580.577	5518.61861309161
4582.505	5494.23885751917
4584.434	5467.44826587155
4586.362	5439.24563451848
4588.291	5410.71041633769
4590.219	5382.94050188462
4592.147	5356.98851594455
4594.076	5333.80118573388
4596.004	5314.16610571415
4597.933	5298.66965945561
4599.861	5287.66900645242
4601.79	5281.27996933992
4603.718	5279.38144994773
4605.646	5281.63575666144
4607.575	5287.52303875684
4609.503	5296.38698835453
4611.432	5307.48816717766
4613.36	5320.06080394574
4615.289	5333.36872569115
4617.217	5346.75624265842
4619.146	5359.69028478569
4621.074	5371.79084575607
4623.003	5382.84776430738
4624.931	5392.82298180054
4626.86	5401.83857037855
4628.788	5410.15193567138
4630.717	5418.12057544289
4632.645	5426.15954645925
4634.574	5434.69529963315
4636.502	5444.11975361533
4638.431	5454.74837921585
4640.359	5466.78567567503
4642.288	5480.30077206844
4644.216	5495.21503955277
4646.145	5511.30262359817
4648.073	5528.20377894853
4650.001	5545.44989468797
4651.93	5562.4982085948
4653.858	5578.77349439022
4655.787	5593.71351246286
4657.715	5606.81477512602
4659.644	5617.67520165044
4661.572	5626.03051563851
4663.5	5631.78173808612
4665.429	5635.01180806589
4667.357	5635.99016207123
4669.286	5635.16495882499
4671.214	5633.14348372472
4673.143	5630.66204503301
4675.071	5628.54733000699
4677	5627.67168324795
4678.928	5628.90507617441
4680.857	5633.0666459523
4682.785	5640.87860012904
4684.714	5652.9250290845
4686.642	5669.61777283599
4688.571	5691.17099003594
4690.499	5717.58551740661
4692.428	5748.64352966102
4694.356	5783.91345202889
4696.285	5822.7645724133
4698.213	5864.39037222526
4700.142	5907.8392590595
4702.07	5952.05114626707
4703.999	5995.89818147871
4705.927	6038.22786890701
4707.855	6077.90684503132
4709.784	6113.86363826825
4711.712	6145.12885503912
4713.641	6170.8713742378
4715.569	6190.42929028559
4717.498	6203.33451709119
4719.426	6209.33015114631
4721.354	6208.3798951493
4723.283	6200.66906959423
4725.211	6186.59699457728
4727.14	6166.7608117122
4729.068	6141.93113675489
4730.997	6113.02028215632
4732.925	6081.04415377122
4734.854	6047.07928931435
4736.782	6012.2168440841
4738.711	5977.51561405482
4740.639	5943.95638807333
4742.568	5912.40001127379
4744.496	5883.55149720643
4746.425	5857.93233058388
4748.353	5835.86275055849
4750.282	5817.45530320181
4752.21	5802.62032204886
4754.139	5791.08327115555
4756.067	5782.41311172506
4757.996	5776.06008540609
4759.924	5771.40060406438
4761.853	5767.78635638693
4763.781	5764.59434008706
4765.709	5761.27434834593
4767.638	5757.39050906019
4769.566	5752.65380545501
4771.495	5746.9430858375
4773.423	5740.31286656496
4775.352	5732.98719359386
4777.28	5725.33988543996
4779.208	5717.86255335745
4781.137	5711.12279675788
4783.065	5705.71581850625
4784.994	5702.21331969815
4786.922	5701.11385651344
4788.851	5702.79883410707
4790.779	5707.4979616073
4792.708	5715.26731384455
4794.636	5725.98218340284
4796.565	5739.34573071032
4798.493	5754.91314081607
4800.422	5772.12967791026
4802.35	5790.37980283688
4804.279	5809.043491511
4806.207	5827.55515705857
4808.136	5845.46020793344
4810.064	5862.46431200346
4811.993	5878.47089303754
4813.921	5893.60323608314
4815.85	5908.20876219067
4817.778	5922.84446040296
4819.707	5938.24402149789
4821.635	5955.26877434895
4823.563	5974.8459484426
4825.492	5997.8989487886
4827.42	6025.27512438104
4829.349	6057.67685921723
4831.277	6095.60167275915
4833.206	6139.29638312581
4835.134	6188.72930268024
4837.063	6243.58298426024
4838.991	6303.26833431645
4840.919	6366.95909976515
4842.848	6433.64397571106
4844.776	6502.1920294038
4846.705	6571.42593673458
4848.633	6640.19679960725
4850.562	6707.45413594285
4852.49	6772.3050425519
4854.419	6834.05750678268
4856.347	6892.24431586146
4858.276	6946.62586536806
4860.204	6997.17224302371
4862.133	7044.027076398
4864.061	7087.457586781
4865.99	7127.79689481753
4867.918	7165.38570733483
4869.847	7200.52094829958
4871.775	7233.41860114835
4873.704	7264.19698758966
4875.632	7292.88496849265
4877.561	7319.45723040376
4879.489	7343.89609049791
4881.417	7366.27633461796
4883.346	7386.86674953637
4885.274	7406.23948455052
4887.203	7425.37643076203
4889.131	7445.76065743299
4891.06	7469.44075853252
4892.988	7499.05683316981
4894.917	7537.81876255033
4896.845	7589.43037642738
4898.773	7657.95685955465
4900.702	7747.6370903847
4902.63	7862.6472236926
4904.559	8006.82637709613
4906.487	8183.37939306006
4908.416	8394.57496890467
4910.344	8641.45966373583
4912.273	8923.60915617409
4914.201	9238.93748306459
4916.13	9583.58278617769
4918.058	9951.88439597245
4919.987	10336.4610695855
4921.915	10728.3941627803
4923.844	11117.5128317302
4925.772	11492.77147524
4927.701	11842.7030216982
4929.629	12155.9258188951
4931.558	12421.6772451947
4933.486	12630.3441045137
4935.415	12773.9586728225
4937.343	12846.6300848717
4939.271	12844.8836025606
4941.2	12767.8850629423
4943.128	12617.534197803
4945.057	12398.4181584841
4946.985	12117.6249815879
4948.914	11784.4253407896
4950.842	11409.8391678912
4952.771	11006.1110276902
4954.699	10586.1239867912
4956.627	10162.7857096355
4958.556	9748.42235345909
4960.484	9354.21537222459
4962.413	8989.71359152847
4964.341	8662.4480556541
4966.27	8377.67049677783
4968.198	8138.22828420044
4970.127	7944.57992317133
4972.055	7794.94618996829
4973.984	7685.58342767917
4975.912	7611.15797034243
4977.841	7565.19462375644
4979.769	7540.56801173709
4981.698	7530.00366071701
4983.626	7526.55604993501
4985.555	7524.03344135875
4987.483	7517.34390601479
4989.412	7502.7432223418
4991.34	7477.97276335692
4993.269	7442.28355949854
4995.197	7396.35083197613
4997.125	7342.09085268312
4999.054	7282.39846616845
5000.982	7220.82856053655
5002.911	7161.24787206009
5004.839	7107.48457094878
5006.768	7063.00207652218
5008.696	7030.62061728716
5010.625	7012.30545623526
5012.553	7009.03483513002
5014.481	7020.7540329357
5016.41	7046.41501221596
5018.338	7084.09448126243
5020.267	7131.17733385082
5022.195	7184.58777633688
5024.124	7241.04734290118
5026.052	7297.33763604254
5027.981	7350.54607162294
5029.909	7398.27507316713
5031.838	7438.79883165521
5033.766	7471.15659285034
5035.695	7495.17703594889
5037.623	7511.43419503273
5039.552	7521.14106517179
5041.48	7525.99207042426
5043.409	7527.96955568301
5045.337	7529.13209532289
5047.266	7531.4035015774
5049.194	7536.38090613666
5051.123	7545.17825289595
5053.051	7558.31817506506
5054.979	7575.68083872676
5056.908	7596.51329968987
5058.836	7619.49767053526
5060.765	7642.87137082479
5062.693	7664.58835124481
5064.622	7682.5067988527
5066.55	7694.58671497892
5068.479	7699.08007049859
5070.407	7694.69702533973
5072.335	7680.73386793465
5074.264	7657.1516891893
5076.192	7624.59906092847
5078.121	7584.37677561072
5080.049	7538.34761675308
5081.978	7488.79875575834
5083.906	7438.26832618679
5085.835	7389.35068579232
5087.763	7344.49660048918
5089.692	7305.82493840748
5091.62	7274.9614271273
5093.549	7252.91769970774
5095.477	7240.02043879558
5097.406	7235.89621558855
5099.334	7239.51296852103
5101.263	7249.27436596904
5103.191	7263.15893996188
5105.12	7278.89222434923
5107.048	7294.13748042458
5108.977	7306.68915930952
5110.905	7314.65314427576
5112.833	7316.59903709409
5114.762	7311.67218938137
5116.69	7299.6566211749
5118.619	7280.98412077834
5120.547	7256.68933129644
5122.476	7228.31512166025
5124.404	7197.77663898799
5126.333	7167.19580586358
5128.261	7138.72038500663
5130.189	7114.34289532042
5132.118	7095.73453917313
5134.046	7084.10791070872
5135.975	7080.11972436196
5137.903	7083.82135142644
5139.832	7094.66087588165
5141.76	7111.53602446043
5143.689	7132.89305698918
5145.617	7156.86287850732
5147.546	7181.42257217612
5149.474	7204.56850322633
5151.403	7224.48627429006
5153.331	7239.70318662725
5155.26	7249.21044041916
5157.188	7252.54495003169
5159.117	7249.8241280277
5161.045	7241.73100702727
5162.974	7229.45128017025
5164.902	7214.56789330165
5166.831	7198.92237487774
5168.759	7184.45484671182
5170.688	7173.03639236375
5172.616	7166.30802991671
5174.544	7165.53990047467
5176.473	7171.5225030517
5178.401	7184.49903682466
5180.33	7204.14439169729
5182.258	7229.59235847317
5184.187	7259.50854772852
5186.115	7292.2026565896
5188.043	7325.77042865533
5189.972	7358.25318942914
5191.9	7387.80141160576
5193.829	7412.8284869338
5195.757	7432.14177210957
5197.686	7445.03995457633
5199.614	7451.36867813486
5201.543	7451.52992937138
5203.471	7446.44461035652
5205.4	7437.47167783785
5207.328	7426.29088013247
5209.257	7414.75916314237
5211.185	7404.75299230451
5213.114	7398.00996793768
5215.042	7395.98310648104
5216.971	7399.7200249918
5218.899	7409.77710192261
5220.828	7426.17568113301
5222.756	7448.40379617342
5224.685	7475.46302427062
5226.613	7505.9562625109
5228.542	7538.20877519107
5230.47	7570.41208100674
5232.398	7600.77836418972
5234.327	7627.69226066087
5236.255	7649.84715485865
5238.184	7666.35449637117
5240.112	7676.81698696842
5242.041	7681.3595957064
5243.969	7680.61596597357
5245.897	7675.67157591984
5247.826	7667.96867983988
5249.754	7659.18128233266
5251.683	7651.07090760773
5253.611	7645.33551288072
5255.54	7643.46442627047
5257.468	7646.61162486123
5259.397	7655.49805969272
5261.325	7670.35122191047
5263.254	7690.88694490697
5265.182	7716.33482535362
5267.111	7745.50493001249
5269.039	7776.88995138102
5270.968	7808.79398073079
5272.896	7839.47683485903
5274.825	7867.30159015903
5276.753	7890.87275037754
5278.682	7909.15331850335
5280.61	7921.55088328069
5282.539	7927.96550700713
5284.467	7928.795483027
5286.396	7924.90063726795
5288.324	7917.52647010771
5290.252	7908.19576412906
5292.181	7898.57703704505
5294.109	7890.3411641753
5296.038	7885.01846777536
5297.966	7883.86849098709
5299.895	7887.77355182526
5301.823	7897.16510595511
5303.751	7911.98911483251
5305.68	7931.71326171487
5307.608	7955.37526969173
5309.537	7981.66806015089
5311.465	8009.05434703609
5313.394	8035.90075947127
5315.322	8060.61993523013
5317.251	8081.80836931951
5319.179	8098.3681898798
5321.108	8109.60243253399
5323.036	8115.27567283498
5324.965	8115.63485742084
5326.893	8111.38859195428
5328.822	8103.64670510696
5330.75	8093.82530816044
5332.679	8083.52551885776
5334.607	8074.39626455682
5336.536	8067.99293249818
5338.464	8065.64397970256
5340.393	8068.33692352051
5342.321	8076.63346659002
5344.25	8090.62101061332
5346.178	8109.90469654264
5348.106	8133.64064154872
5350.035	8160.60752222714
5351.963	8189.31037979936
5353.892	8218.10777602997
5355.82	8245.35144232405
5357.749	8269.52650782506
5359.677	8289.38035450649
5361.605	8304.0291302728
5363.534	8313.03286973979
5365.462	8316.43286155844
5367.391	8314.74813010584
5369.319	8308.93139143371
5371.248	8300.28829969806
5373.176	8290.36692544546
5375.105	8280.82693431697
5377.033	8273.29964862275
5378.962	8269.25092934298
5380.89	8269.85854915195
5382.819	8275.91446233544
5384.747	8287.76022467902
5386.676	8305.26096119833
5388.604	8327.81996759286
5390.533	8354.43254706019
5392.461	8383.77432661092
5394.39	8414.31635412172
5396.318	8444.45700105891
5398.247	8472.65928067042
5400.175	8497.58175795395
5402.104	8518.19181193098
5404.032	8533.85156128763
5405.96	8544.36914685053
5407.889	8550.01107275202
5409.817	8551.4746828422
5411.746	8549.82329882586
5413.674	8546.38977422235
5415.603	8542.65694522397
5417.531	8540.12545064312
5419.459	8540.18047655502
5421.388	8543.96906332963
5423.316	8552.29868619275
5425.245	8565.56596496418
5427.173	8583.72173412186
5429.102	8606.27553730236
5431.03	8632.33917433527
5432.959	8660.70552107612
5434.887	8689.95575781179
5436.816	8718.58564858922
5438.744	8745.13982861993
5440.673	8768.34232770796
5442.601	8787.21184992993
5444.53	8801.15162094888
5446.458	8810.00579538029
5448.387	8814.07730136782
5450.315	8814.10534042844
5452.244	8811.20426996156
5454.172	8806.76897034049
5456.101	8802.35474554811
5458.029	8799.54206903874
5459.958	8799.79786614525
5461.886	8804.34539755429
5463.814	8814.05413810696
5465.743	8829.35938425324
5467.671	8850.21881034578
5469.6	8876.11004114978
5471.528	8906.0697841303
5473.457	8938.77147218161
5475.385	8972.6350148603
5477.313	9005.95943415565
5479.242	9037.06711553572
5481.17	9064.44731714238
5483.099	9086.88654898058
5485.027	9103.5744689547
5486.956	9114.175961397
5488.884	9118.86289920708
5490.813	9118.30250480447
5492.741	9113.60292877435
5494.67	9106.22034287254
5496.598	9097.83518084926
5498.527	9090.2078685731
5500.455	9085.0262284752
5502.384	9083.75755914293
5504.312	9087.51810251359
5506.241	9096.97123585643
5508.169	9112.26337366976
5510.098	9133.00342971959
5512.026	9158.2880334601
5513.955	9186.7708256044
5515.883	9216.77040216604
5517.812	9246.40815452433
5519.74	9273.76464957006
5521.668	9297.04153393086
5523.597	9314.71537598454
5525.525	9325.6704335373
5527.454	9329.2990116497
5529.382	9325.56071852186
5531.311	9314.99531946513
5533.239	9298.68774725102
5535.167	9278.18782826021
5537.096	9255.39109103043
5539.024	9232.39031511819
5540.953	9211.30997395678
5542.881	9194.13721196823
5544.81	9182.56334428358
5546.738	9177.84904335653
5548.667	9180.72444561204
5550.595	9191.33253175604
5552.524	9209.22054569434
5554.452	9233.38021891926
5556.381	9262.33349487946
5558.309	9294.25664360055
5560.238	9327.13244131959
5562.166	9358.91773494046
5564.095	9387.71241659483
5566.023	9411.91571041674
5567.952	9430.35673417618
5569.88	9442.38845523648
5571.809	9447.93723334928
5573.737	9447.50387443491
5575.666	9442.11619610306
5577.594	9433.23718406486
5579.522	9422.63655497197
5581.451	9412.23662022102
5583.379	9403.94550665119
5585.308	9399.49185081325
5587.236	9400.27495336854
5589.165	9407.24306948907
5591.093	9420.81012996788
5593.021	9440.8179367892
5594.95	9466.54703053207
5596.878	9496.7753101288
5598.807	9529.87944620529
5600.735	9563.97050918571
5602.664	9597.05233894539
5604.592	9627.18925916884
5606.521	9652.66894974791
5608.449	9672.14670160384
5610.378	9684.75885558232
5612.306	9690.19583704531
5614.235	9688.72861936905
5616.163	9681.18639276528
5618.092	9668.88734535544
5620.02	9653.52843095292
5621.949	9637.04346600434
5623.877	9621.44157240045
5625.806	9608.6396365306
5627.734	9600.3029478154
5629.663	9597.70747041252
5631.591	9601.63535044607
5633.52	9612.31242564282
5635.448	9629.39292606664
5637.376	9651.99253834567
5639.305	9678.76689331893
5641.233	9708.02867855457
5643.162	9737.89330127952
5645.09	9766.44061288522
5647.019	9791.87885891671
5648.947	9812.69685293096
5650.875	9827.79140265942
5652.804	9836.55915433118
5654.732	9838.94508304424
5656.661	9835.44358191289
5658.589	9827.05217183384
5660.518	9815.18191898801
5662.446	9801.53236065818
5664.375	9787.94178350276
5666.303	9776.22581109628
5668.232	9768.01825782208
5670.16	9764.62800767302
5672.089	9766.92429537782
5674.017	9775.26032106665
5675.946	9789.44182738935
5677.874	9808.74339223469
5679.803	9831.97107317358
5681.731	9857.56603486311
5683.66	9883.74024225458
5685.588	9908.63251633125
5687.517	9930.47146619103
5689.445	9947.73118688595
5691.374	9959.26620270285
5693.302	9964.41389253051
5695.23	9963.05540932717
5697.159	9955.62966339242
5699.087	9943.09897527869
5701.016	9926.86917297369
5702.944	9908.67085130459
5704.873	9890.41188953584
5706.801	9874.01384354777
5708.729	9861.24627220632
5710.658	9853.57329575502
5712.586	9852.02569248773
5714.515	9857.10969928242
5716.443	9868.76057138779
5718.372	9886.34514059312
5720.3	9908.71341356384
5722.229	9934.29503258876
5724.157	9961.23254142667
5726.086	9987.54019377979
5728.014	10011.2747890697
5729.943	10030.7039170345
5731.871	10044.4571388478
5733.8	10051.6470209741
5735.728	10051.9494553519
5737.657	10045.63613508
5739.585	10033.5561184182
5741.514	10017.0677603883
5743.442	9997.92654972158
5745.371	9978.13819435683
5747.299	9959.78932339439
5749.228	9944.87015490391
5751.156	9935.10424293475
5753.084	9931.79989246353
5755.013	9935.73605667698
5756.941	9947.09265275393
5758.87	9965.43149097947
5760.798	9989.72972320452
5762.727	10018.4632441201
5764.655	10049.7332036071
5766.583	10081.4250764346
5768.512	10111.3869062242
5770.44	10137.6116393372
5772.369	10158.4080414563
5774.297	10172.5455869508
5776.226	10179.3608580438
5778.154	10178.8162098368
5780.083	10171.5054787009
5782.011	10158.6059961572
5783.94	10141.7807379487
5785.868	10123.0386997029
5787.797	10104.565181993
5789.725	10088.5362799371
5791.654	10076.9332791223
5793.582	10071.3727357836
5795.511	10072.9667528846
5797.439	10082.2254573875
5799.368	10099.0101460083
5801.296	10122.5412942325
5803.225	10151.4609771684
5805.153	10183.9446249861
5807.082	10217.8528240748
5809.01	10250.9104376626
5810.938	10280.8979519412
5812.867	10305.8388611397
5814.795	10324.1671850892
5816.724	10334.8608466343
5818.652	10337.5294894362
5820.581	10332.4491506023
5822.509	10320.5406941123
5824.438	10303.293679998
5826.366	10282.6419855351
5828.294	10260.801612678
5830.223	10240.084358224
5832.151	10222.7031107979
5834.08	10210.585290235
5836.008	10205.2102921446
5837.937	10207.4847946812
5839.865	10217.6665926969
5841.794	10235.343515027
5843.722	10259.4693013808
5845.651	10288.4534635702
5847.579	10320.2975450664
5849.508	10352.7662173178
5851.436	10383.5786521816
5853.365	10410.6038462251
5855.293	10432.0431989251
5857.222	10446.5846990968
5859.15	10453.5154667093
5861.079	10452.7829302158
5863.007	10444.999294204
5864.936	10431.3887970924
5866.864	10413.6821608662
5868.792	10393.9671751661
5870.721	10374.5081466388
5872.649	10357.5496544156
5874.578	10345.1214481159
5876.506	10338.8612816686
5878.435	10339.8709929814
5880.363	10348.6183377723
5882.292	10364.8932008032
5884.22	10387.8221680479
5886.148	10415.9404436813
5888.077	10447.3151633021
5890.005	10479.7097126003
5891.934	10510.7750916704
5893.862	10538.2519790614
5895.791	10560.1661561943
5897.719	10575.0004433029
5899.648	10581.8282371828
5901.576	10580.3969691067
5903.505	10571.1540474518
5905.433	10555.212754566
5907.362	10534.2607137133
5909.29	10510.4184894389
5911.219	10486.0602081544
5913.147	10463.6114112984
5915.076	10445.3413908664
5917.004	10433.1678250968
5918.933	10428.4905742995
5920.861	10432.0690872667
5922.79	10443.9542062116
5924.718	10463.4805498935
5926.646	10489.3204902891
5928.575	10519.5954573375
5930.503	10552.0353607587
5932.432	10584.1727332782
5934.36	10613.5551385645
5936.289	10637.9577183608
5938.217	10655.5776275714
5940.146	10665.1935431292
5942.074	10666.2763183655
5944.002	10659.040950776
5945.931	10644.4349940852
5947.859	10624.0639557853
5949.788	10600.0596186834
5951.716	10574.9021476956
5953.645	10551.210867384
5955.573	10531.5213721577
5957.502	10518.067914888
5959.43	10512.5896923739
5961.359	10516.1777260847
5963.287	10529.1756785651
5965.216	10551.1434282604
5967.144	10580.8869274019
5969.073	10616.5522369602
5971.001	10655.77614844
5972.93	10695.8809336281
5974.858	10734.0969295463
5976.787	10767.7942000554
5978.715	10794.7036360852
5980.644	10813.108647353
5982.572	10821.9910015264
5984.5	10821.1181858921
5986.429	10811.0645834948
5988.357	10793.1643566291
5990.286	10769.399741002
5992.214	10742.2339787854
5994.143	10714.4028847411
5996.071	10688.682635428
5998	10667.653483697
5999.928	10653.4795407816
6001.856	10647.7234897062
6003.785	10651.2121964899
6005.713	10663.9649087101
6007.642	10685.1904326594
6009.57	10713.3538082141
6011.499	10746.3070538377
6013.427	10781.4730412988
6015.356	10816.0669548744
6017.284	10847.3364922657
6019.213	10872.8002638087
6021.141	10890.4638974688
6023.07	10898.9951651611
6024.998	10897.8428663388
6026.927	10887.2889537784
6028.855	10868.4290648301
6030.784	10843.0827478005
6032.712	10813.6407249612
6034.641	10782.8619914301
6036.569	10753.6379409948
6038.498	10728.7436523149
6040.426	10710.5977000916
6042.354	10701.051258956
6044.283	10701.2248821239
6046.211	10711.4073550862
6048.14	10731.0257776415
6050.068	10758.6899571023
6051.997	10792.3078168483
6053.925	10829.2623829472
6055.854	10866.635536243
6057.782	10901.4595751951
6059.71	10930.975090562
6061.639	10952.8729372071
6063.567	10965.4992762818
6065.496	10968.0056656062
6067.424	10960.4307536635
6069.353	10943.7059030002
6071.281	10919.5835465765
6073.21	10890.4937159146
6075.138	10859.3404051012
6077.067	10829.2547127384
6078.995	10803.3255745776
6080.924	10784.3310193274
6082.852	10774.4930526424
6084.781	10775.2774682563
6086.709	10787.2562383651
6088.638	10810.0449440498
6090.566	10842.3214017002
6092.495	10881.9247527795
6094.423	10926.0273959342
6096.352	10971.3658413122
6098.28	11014.5114004958
6100.208	11052.1580429322
6102.137	11081.4030708651
6104.065	11099.99664932
6105.994	11106.5386605945
6107.922	11100.605643828
6109.851	11082.7963792377
6111.779	11054.6915015458
6113.708	11018.7298044255
6115.636	10978.0110105698
6117.564	10936.0411222391
6119.493	10896.4414877725
6121.421	10862.6459815169
6123.35	10837.6119053123
6125.278	10823.569259006
6127.207	10821.8299596352
6129.135	10832.6736583199
6131.064	10855.3204158353
6132.992	10887.9931851575
6134.921	10928.0654280461
6136.849	10972.281910267
6138.778	11017.0344000153
6140.706	11058.6691830051
6142.635	11093.8004277421
6144.563	11119.6027464823
6146.492	11134.0578771403
6148.42	11136.1341418662
6150.349	11125.8829175621
6152.277	11104.4433204386
6154.206	11073.9540768397
6156.134	11037.379468799
6158.063	10998.2636301695
6159.991	10960.4336925475
6161.919	10927.6767987615
6163.848	10903.4184159641
6165.776	10890.4294674957
6167.705	10890.5875369921
6169.633	10904.712954934
6171.562	10932.4943199099
6173.49	10972.5104553691
6175.418	11022.3475936146
6177.347	11078.8024097721
6179.275	11138.154099306
6181.204	11196.4826456938
6183.132	11250.0062893838
6185.061	11295.4093551664
6186.989	11330.1322001909
6188.918	11352.5980774176
6190.846	11362.3569292796
6192.775	11360.1331040674
6194.703	11347.7721388527
6196.632	11328.0903876851
6198.56	11304.6396547887
6200.489	11281.40639733
6202.417	11262.4708461851
6204.346	11251.6550446856
6206.274	11252.1899918609
6208.203	11266.4306744585
6210.131	11295.6438787618
6212.06	11339.8876019701
6213.988	11397.9931371149
6215.917	11467.6521376484
6217.845	11545.6019247632
6219.773	11627.8937600243
6221.702	11710.2215101914
6223.63	11788.2827223987
6225.559	11858.1410920157
6227.487	11916.5589285228
6229.416	11961.270565861
6231.344	11991.1725479387
6233.272	12006.4134504678
6235.201	12008.3747901974
6237.129	11999.5438935289
6239.058	11983.2890398041
6240.986	11963.5558403277
6242.915	11944.5109019413
6244.843	11930.1637192028
6246.772	11923.9999898313
6248.7	11928.6589258388
6250.629	11945.6836559444
6252.557	11975.367749875
6254.486	12016.7127368027
6256.414	12067.5019218396
6258.343	12124.4856415666
6260.271	12183.663220476
6262.2	12240.6381612461
6264.128	12291.0163016878
6266.057	12330.8124223636
6267.985	12356.8295007895
6269.914	12366.9766386924
6271.842	12360.4965265541
6273.771	12338.0807792762
6275.699	12301.860967263
6277.627	12255.2738811746
6279.556	12202.810588469
6281.484	12149.669205587
6283.413	12101.3401015174
6285.341	12063.1586678998
6287.27	12039.8642319829
6289.198	12035.2037950851
6291.126	12051.6159791042
6293.055	12090.0240823128
6294.983	12149.7579914412
6296.912	12228.6136226943
6298.84	12323.0465066875
6300.769	12428.4841343158
6302.697	12539.7308028853
6304.626	12651.4299304788
6306.554	12758.5429653136
6308.483	12856.8016917153
6310.411	12943.0922165459
6312.34	13015.7341734879
6314.268	13074.6273391382
6316.197	13121.2492372583
6318.125	13158.5004807225
6320.054	13190.4084462047
6321.982	13221.7131848475
6323.911	13257.3710449487
6325.839	13302.0202379604
6327.768	13359.4576480847
6329.696	13432.176994933
6331.625	13521.0147885754
6333.553	13624.942531525
6335.481	13741.0318697684
6337.41	13864.6047695551
6339.338	13989.5644751737
6341.267	14108.8863529194
6343.195	14215.2321952421
6345.124	14301.6385527438
6347.052	14362.2204233096
6348.98	14392.8271253852
6350.909	14391.5880169703
6352.837	14359.2920619031
6354.766	14299.5567963141
6356.694	14218.7582609568
6358.623	14125.7127794985
6360.551	14031.122589864
6362.48	13946.8185690341
6364.408	13884.8528410326
6366.337	13856.5101942839
6368.265	13871.3184359551
6370.194	13936.1428957175
6372.122	14054.4485292359
6374.051	14225.8042614564
6375.979	14445.6887171728
6377.908	14705.6352372661
6379.836	14993.7285071194
6381.765	15295.4370755268
6383.693	15594.7376458122
6385.622	15875.4605264902
6387.55	16122.7632360503
6389.479	16324.6229375809
6391.407	16473.2297149228
6393.335	16566.1627435785
6395.264	16607.2405751469
6397.192	16606.9547737001
6399.121	16582.4220536768
6401.049	16556.8222655048
6402.978	16558.3259083305
6404.906	16618.5527724681
6406.834	16770.6400639164
6408.763	17047.031161119
6410.691	17477.1224161812
6412.62	18084.9229500611
6414.548	18886.8895859222
6416.477	19890.0950076616
6418.405	21090.8718090188
6420.334	22474.0490269787
6422.262	24012.8625419506
6424.191	25669.5785922457
6426.119	27396.8233674037
6428.048	29139.5643594506
6429.976	30837.644157238
6431.905	32428.7278724956
6433.833	33851.4942703751
6435.762	35048.8802877921
6437.69	35971.1805889701
6439.619	36578.8089126813
6441.547	36844.5460781253
6443.476	36755.1295861704
6445.404	36312.0798749949
6447.333	35531.7058310031
6449.261	34444.2839370118
6451.189	33092.4579550194
6453.118	31528.9557083348
6455.046	29813.7629437405
6456.975	28010.9284372624
6458.903	26185.1971124643
6460.832	24398.677429701
6462.76	22707.7450577895
6464.688	21160.3671982677
6466.617	19794.0021770531
6468.545	18634.1891744936
6470.474	17693.8960493299
6472.402	16973.6424288559
6474.331	16462.3641384499
6476.259	16138.9371721535
6478.188	15974.2380424701
6480.116	15933.5852749886
6482.045	15979.3861207121
6483.973	16073.8044963359
6485.902	16181.2710596748
6487.83	16270.6735788793
6489.759	16317.0938752124
6491.687	16302.9943648142
6493.616	16218.7997636504
6495.544	16062.86464987
6497.473	15840.8619675694
6499.401	15564.6679920097
6501.33	15250.8528991893
6503.258	14918.9105934552
6505.187	14589.3752693184
6507.115	14281.9745700014
6509.043	14013.9602781156
6510.972	13798.7382023213
6512.9	13644.891035665
6514.829	13555.6537992762
6516.757	13528.8638184817
6518.686	13557.3689847372
6520.614	13629.8422911315
6522.542	13731.9199982914
6524.471	13847.5575462053
6526.399	13960.4831130313
6528.328	14055.6244380362
6530.256	14120.3902848698
6532.185	14145.7030488892
6534.113	14126.7021119221
6536.042	14063.066621866
6537.97	13958.9389889029
6539.899	13822.4638718717
6541.827	13664.9890786585
6543.756	13500.0021111349
6545.684	13341.8969178505
6547.613	13204.6781908135
6549.541	13100.7143338486
6551.47	13039.6448448173
6553.398	13027.5338331384
6555.327	13066.3399625614
6557.255	13153.7460722385
