Year	Make	Power	0~60 mph	Weight	Gas Mileage	Engine Displacement
		kw	sec	kg	mpg	cc
1992	Buick	132	14	2238	11	5736.5
1992	Acura	154	12	2324	11	5212
1992	GMC	158	13	1531	10	5900.4
1992	Chrysler	132	10	2088	12	6277.4
1992	Kia	121	12	1202	12	5736.5
1992	Suzuki	106	10	1417	14	5736.5
1992	Volvo	95	14	1661	13	5031.7
1992	Mercedes	132	14	2208	12	5736.5
1992	Acura	128	13	1412	12	5736.5
1992	Isuzu	124	17	1518	13	5900.4
1992	Mazda	110	10	1810	13	5212
1992	Lexus	116	14	1899	13	5752.9
1992	Toyota	128	17	1696	14	5900.4
1992	Saab	110	15	1488	13	5212
1992	Lexus	94	15	1536	13	4949.8
1992	Kia	145	17	1426	12	7031.3
1992	Volvo	152	9	1542	12	7031.3
1992	Infiniti	117	15	1754	12	5736.5
1992	Honda	147	18	2140	10	5031.7
1992	Nissan	110	13	1437	11	6556
1992	Saturn	165	14	1730	12	7457.4
1992	Mazda	139	15	1680	13	6556
1992	Buick	122	12	1952	12	6556
1992	GMC	128	13	2005	13	6556
1992	Lincoln	95	10	2106	14	4949.8
1992	Toyota	102	11	1759	13	4949.8
1993	Mercedes	112	16	1714	15	5752.9
1993	Honda	100	10	1292	15	4949.8
1993	Lincoln	108	11	1853	15	5752.9
1993	Saturn	110	13	1688	14	5736.5
1993	Buick	106	12	1774	14	5736.5
1993	Kia	128	16	1655	15	6556
1993	Mazda	165	17	1347	15	7457.4
1993	Isuzu	161	10	1597	14	7441
1993	Nissan	113	14	2152	14	5736.5
1993	Honda	110	15	1625	15	5212
1993	Infiniti	117	14	1279	15	5572.6
1993	GMC	110	17	1705	15	5212
1993	Acura	110	12	1468	14	6556
1993	Saturn	110	18	2121	15	5212
1993	Suzuki	158	15	1496	14	7211.6
1993	Lexus	112	15	1815	15	5752.9
1993	Saab	158	10	1873	15	7211.6
1993	Toyota	110	14	1699	15	5212
1993	Mercedes	121	12	1636	15	5736.5
1993	Saab	124	12	1638	14	6556
1993	Infiniti	128	15	1408	14	6556
1993	Chrysler	165	13	1432	15	7457.4
1993	Volvo	110	10	1174	15	4982.5
1993	Isuzu	110	13	1517	15	4982.5
1993	Suzuki	102	14	2198	15	4949.8
1994	Volvo	145	12	1139	16	7031.3
1994	Buick	110	12	1822	16	5212
1994	Kia	52	16	1633	16	4097.5
1994	Kia	102	15	1352	16	4949.8
1994	Infiniti	169	13	1227	17	6556
1994	Mazda	95	14	1527	16	4949.8
1994	Lexus	110	14	1642	16	5212
1994	Volvo	73	16	1745	16	4097.5
1994	Honda	121	17	1146	16	5736.5
1994	Buick	88	13	1535	16	4982.5
1994	Isuzu	77	15	1016	16	4097.5
1994	Nissan	106	21	1476	16	5736.5
1994	Suzuki	73	15	1920	16	4097.5
1994	Toyota	110	12	1523	16	5212
1994	GMC	52	14	2250	15	4097.5
1994	GMC	80	15	1778	16	4228.6
1994	Lexus	110	17	1487	16	6556
1994	Chrysler	110	14	2047	16	5212
1994	Saab	106	16	1386	16	5212
1994	Mazda	110	12	2123	15	5212
1994	Saturn	104	21	1246	16	5752.9
1994	Nissan	111	16	1046	16	5752.9
1994	Acura	97	8	1589	16	2671.6
1994	Toyota	110	14	1964	17	4982.5
1994	Mercedes	110	15	1775	16	4982.5
1994	Chrysler	124	22	1798	16	6277.4
1994	Lincoln	139	14	1384	16	6392.1
1994	Lincoln	106	13	1083	16	5736.5
1995	Toyota	102	11	2052	18	4949.8
1995	Nissan	95	13	1429	18	4998.9
1995	Mazda	73	11	1300	18	3802.5
1995	Saturn	64	15	1070	18	4097.5
1995	GMC	73	14	1402	17	4097.5
1995	Honda	124	12	1297	17	6556
1995	Volvo	62	18	871	19	3687.7
1995	Mercedes	80	13	1520	19	4097.5
1995	Lexus	88	16	882	19	4228.6
1995	Mazda	66	16	1060	19	1147.3
1995	Infiniti	132	21	1063	18	5736.5
1995	Honda	124	13	1251	17	5736.5
1995	Saab	139	23	1675	17	6556
1995	Toyota	94	16	1086	19	4949.8
1995	Buick	82	13	1427	18	1983.2
1995	Suzuki	95	15	1307	18	5031.7
1995	Suzuki	99	19	1505	19	5212
1995	Infiniti	91	12	1498	17	2671.6
1995	GMC	71	10	1866	19	2802.7
1995	Chrysler	80	13	1287	17	4261.4
1995	Chrysler	57	20	1155	18	4097.5
1995	Lincoln	109	13	1965	17	5752.9
1995	Nissan	80	22	1498	18	3786.1
1995	Kia	102	19	1461	19	4998.9
1995	Saturn	77	21	1752	18	3687.7
1995	Lexus	73	13	1218	18	4097.5
1995	Volvo	132	22	2029	17	6556
1995	Acura	77	17	1780	17	3687.7
1995	Acura	110	9	1186	18	5212
1995	Isuzu	102	13	1110	18	4949.8
1995	Kia	113	18	1292	18	5736.5
1995	Acura	101	20	977	18	5752.9
1995	Saab	102	12	1867	19	5212
1995	Lincoln	110	17	1002	18	4982.5
1995	Isuzu	80	16	1168	17	4228.6
1995	Buick	88	15	1566	18	2753.5
1995	Mercedes	64	15	1477	19	4097.5
1996	Toyota	73	16	1113	19	3802.5
1996	Lincoln	110	12	1342	19	5900.4
1996	Suzuki	79	17	1138	20	2556.8
1996	Isuzu	91	17	1001	20	4376.1
1996	Saturn	106	13	1435	19	4998.9
1996	Acura	71	21	1498	19	3261.6
1996	Nissan	69	23	821	19	3687.7
1996	Honda	62	17	1099	20	1999.6
1996	Chrysler	73	15	1413	19	3802.5
1996	Saab	80	13	1193	20	4097.5
1996	Mercedes	121	12	1587	19	3786.1
1996	Infiniti	73	22	1193	19	3802.5
1996	Saab	66	17	1393	20	3802.5
1996	Infiniti	69	14	1431	19	3687.7
1996	Mercedes	77	16	1275	19	3687.7
1996	Suzuki	77	13	933	19	4097.5
1996	Honda	66	23	1627	20	3687.7
1996	Lincoln	64	13	1283	20	1966.8
1996	GMC	77	13	1106	20	3786.1
1996	Lexus	69	11	1387	19	4228.6
1996	Kia	80	13	2016	19	4228.6
1996	Volvo	73	15	2281	20	3687.7
1996	Saturn	66	18	942	20	3802.5
1996	Buick	106	16	1052	19	4998.9
1996	Mazda	73	14	1478	19	3802.5
1996	Isuzu	82	15	1522	20	1983.2
1997	Infiniti	77	16	1219	21	3786.1
1997	Saturn	62	16	889	20	3278
1997	Buick	66	18	946	21	3261.6
1997	Toyota	73	18	1389	21	3802.5
1997	Nissan	73	13	1345	20	4097.5
1997	Honda	64	16	1979	20	1589.8
1997	Acura	75	15	1303	20	2147.1
1997	GMC	80	21	1173	21	4294.2
1997	GMC	66	15	954	20	1868.5
1997	Buick	71	20	883	20	1147.3
1997	Chrysler	62	17	1493	21	3278
1997	Nissan	102	13	1431	21	4949.8
1997	Volvo	73	16	997	21	3687.7
1997	Isuzu	64	14	1529	20	3278
1997	Chrysler	80	14	1873	20	4261.4
1997	Kia	69	15	1216	20	3245.2
1997	Honda	62	19	1250	21	3278
1997	Kia	74	13	1347	20	2130.7
1997	Lexus	66	15	1642	20	2294.6
1997	Mazda	64	15	764	20	4097.5
1997	Mazda	102	18	1729	20	5212
1997	Mercedes	62	13	1752	20	3278
1997	Saab	80	16	935	21	3687.7
1997	Volvo	66	14	1432	21	3802.5
1997	Lexus	80	15	1523	20	3687.7
1997	Lincoln	89	15	1409	21	2556.8
1997	Toyota	80	14	1501	21	3786.1
1997	Suzuki	77	19	1457	21	3786.1
1997	Acura	72	17	970	20	4097.5
1998	Infiniti	63	16	813	21	1999.6
1998	Mazda	84	17	1266	22	3786.1
1998	Lexus	55	13	1535	22	1983.2
1998	Lincoln	73	18	739	21	3687.7
1998	Chrysler	61	13	1015	23	2294.6
1998	Mazda	52	14	1698	21	2294.6
1998	Isuzu	77	15	1284	22	4097.5
1998	Saab	66	12	1142	23	3802.5
1998	Nissan	63	16	971	21	1966.8
1998	Toyota	82	19	1318	23	3802.5
1998	Kia	63	19	916	23	1999.6
1998	Lexus	71	14	1179	22	2392.9
1998	Mercedes	78	17	1325	21	2540.4
1998	Mercedes	69	14	2218	21	3278
1998	Volvo	84	15	1607	21	1983.2
1998	Lincoln	69	16	1036	22	1770.1
1998	Toyota	39	18	1246	23	1589.8
1998	Honda	64	15	958	22	2294.6
1998	Buick	80	15	1099	22	1983.2
1998	Isuzu	73	13	833	22	3687.7
1998	Infiniti	64	17	1308	23	1966.8
1998	Saturn	57	19	1228	23	2294.6
1998	Saturn	52	13	1655	23	2294.6
1998	GMC	72	14	1333	21	1983.2
1998	Saab	69	24	924	23	3245.2
1998	Chrysler	77	14	1728	23	2556.8
1998	Kia	71	12	1191	23	1966.8
1998	Acura	63	14	1567	21	1999.6
1998	GMC	69	13	911	23	1884.8
1998	Suzuki	80	18	1515	22	3786.1
1998	Suzuki	69	15	1505	23	3245.2
1998	Volvo	69	22	1320	21	2196.3
1998	Nissan	80	14	1149	22	1311.2
1999	Nissan	84	17	1332	24	1983.2
1999	Chrysler	80	16	1520	24	2966.6
1999	Suzuki	80	24	1767	23	1983.2
1999	Acura	66	17	1077	23	2474.9
1999	Suzuki	71	18	1323	23	1950.4
1999	Acura	71	23	1238	24	1966.8
1999	Isuzu	66	16	1281	24	4261.4
1999	Honda	66	14	847	23	1753.7
1999	GMC	55	15	1372	23	1901.2
1999	Saab	67	19	1344	23	2294.6
1999	Buick	67	10	895	24	2294.6
1999	Buick	88	13	1204	23	2392.9
1999	Volvo	62	14	1182	24	2474.9
1999	Honda	70	18	1067	24	2196.3
1999	Mazda	80	16	815	23	2835.5
1999	Saab	91	17	1324	23	5736.5
1999	Lincoln	71	22	1134	23	1950.4
1999	Kia	73	19	1180	23	1147.3
1999	Lexus	59	15	1253	23	3278
1999	Mercedes	69	14	925	24	1852.1
1999	Infiniti	64	15	1142	24	2294.6
1999	Toyota	55	18	816	24	1475.1
1999	Saturn	55	17	1148	24	2294.6
1999	Mercedes	69	15	1339	24	1852.1
2000	Kia	58	12	985	26	1606.2
2000	Lincoln	51	16	1129	25	1491.5
2000	Infiniti	59	16	1326	24	1901.2
2000	Saab	69	14	1412	24	1852.1
2000	Lexus	64	21	1786	26	1835.7
2000	Volvo	84	12	967	26	2835.5
2000	Kia	52	18	773	25	1475.1
2000	Suzuki	61	17	987	26	2212.6
2000	Saturn	67	14	929	25	2556.8
2000	Saturn	66	21	1343	25	1606.2
2000	Nissan	64	14	1338	24	2474.9
2000	Chrysler	33	19	1233	25	1589.8
2000	Mazda	69	16	970	24	1704.6
2000	Nissan	66	18	1007	26	2474.9
2000	Volvo	33	13	1031	25	1589.8
2000	GMC	49	19	1285	26	1294.8
2000	Buick	58	22	1706	24	1606.2
2000	Mazda	70	21	1622	25	1999.6
2000	Honda	44	13	1210	24	1606.2
2000	Isuzu	50	10	932	25	1573.4
2000	Mercedes	58	18	1026	25	1999.6
2000	Isuzu	83	11	1299	25	1983.2
2000	Toyota	55	15	1543	26	1901.2
2000	Acura	64	12	1202	25	2294.6
2000	Acura	65	21	1251	25	2294.6
2000	Lincoln	55	15	1296	25	1589.8
2000	Infiniti	57	16	1282	26	1589.8
2000	Toyota	67	15	1549	25	2556.8
2000	GMC	85	15	1611	24	2753.5
2000	Buick	68	19	940	25	1770.1
2000	Chrysler	63	17	1390	24	1802.9
2000	Lexus	56	17	1375	24	2999.4
2001	Mercedes	66	17	1124	27	2474.9
2001	Infiniti	58	16	1041	27	1983.2
2001	Saab	67	11	1513	28	1589.8
2001	Nissan	55	12	1165	28	1475.1
2001	Buick	66	18	843	28	1901.2
2001	Mercedes	61	17	1256	27	1655.4
2001	Chrysler	66	16	956	28	2294.6
2001	Chrysler	64	16	997	27	1589.8
2001	Kia	44	16	1613	27	1589.8
2001	GMC	64	16	1211	27	1589.8
2001	Lexus	61	16	1498	27	2474.9
2001	Nissan	84	19	1266	29	2835.5
2001	Volvo	55	19	1174	28	1589.8
2001	Suzuki	77	21	1257	27	5736.5
2001	Saturn	63	14	787	27	1753.7
2001	Mazda	71	20	1162	26	1950.4
2001	Honda	64	17	746	27	1589.8
2001	Acura	58	19	880	28	2311
2001	Lincoln	66	16	1185	29	2474.9
2001	Toyota	61	17	882	29	2212.6
2001	Infiniti	52	11	1246	27	2311
2001	Isuzu	58	23	1536	28	1966.8
2001	Lincoln	69	15	1031	28	2196.3
2001	Toyota	52	17	1519	27	2294.6
2001	Honda	66	14	1847	26	2474.9
2001	Isuzu	64	25	1756	28	1835.7
2001	Suzuki	77	14	1029	29	2556.8
2001	Saab	63	15	1185	26	2294.6
2001	Saturn	58	14	1285	28	1606.2
2002	Lexus	55	15	1124	29	1442.3
2002	Acura	61	16	1401	29	1606.2
2002	GMC	45	14	1476	29	1458.7
2002	Mercedes	55	13	1128	30	2376.5
2002	Buick	55	14	1082	29	1589.8
2002	Lincoln	51	15	874	29	1475.1
2002	Kia	66	17	1231	30	2196.3
2002	Nissan	47	17	998	30	1606.2
2002	Mazda	49	15	884	29	2392.9
2002	Infiniti	51	19	1123	30	1294.8
2002	Toyota	52	14	1012	30	1589.8
2002	Saturn	57	12	1036	29	1589.8
2002	Lexus	49	21	1113	30	1589.8
2002	Mazda	58	17	1187	29	1819.3
2002	Saab	61	12	923	29	2212.6
2002	Suzuki	38	15	899	29	1393.1
2002	Volvo	49	16	902	30	1606.2
2002	Chrysler	62	22	1041	30	1835.7
2002	Isuzu	36	16	985	29	1114.5
2002	Honda	51	17	1240	29	1475.1
2002	Volvo	49	10	1086	30	1606.2
2003	Mazda	70	14	804	33	2360.2
2003	Saab	49	13	1460	32	1606.2
2003	Kia	47	16	1387	31	1163.7
2003	Nissan	49	22	1309	31	1294.8
2003	GMC	46	18	1035	31	1606.2
2003	Toyota	55	14	882	32	1720.9
2003	Chrysler	54	17	1099	34	1966.8
2003	Kia	49	14	1322	31	1294.8
2003	Infiniti	52	19	1228	33	1753.7
2003	Suzuki	57	16	1509	31	1589.8
2003	Lexus	49	19	1266	33	1491.5
2003	Buick	55	21	1236	31	1966.8
2003	Acura	49	12	1130	31	1491.5
2003	Volvo	52	20	1124	33	1458.7
2003	Saturn	51	12	1005	33	1393.1
2003	Lincoln	44	16	906	34	1360.4
2003	Mercedes	55	19	985	33	1770.1
2003	Honda	38	19	1024	31	1245.6
2003	Isuzu	49	22	1136	33	1589.8
2003	Buick	60	18	1021	31	1950.4
2003	GMC	47	17	872	32	1163.7
2003	Acura	51	23	724	33	1606.2
2004	Saab	55	22	1037	34	1770.1
2004	Saturn	66	16	790	36	2474.9
2004	Lincoln	47	13	1124	34	1393.1
2004	Suzuki	38	14	1173	35	1491.5
2004	Mercedes	54	17	1075	35	1720.9
2004	Infiniti	38	12	867	35	1491.5
2004	Isuzu	49	15	848	36	1589.8
2004	Honda	52	19	1319	35	1458.7
