diameter 
mm
21.01973
21.00464
21.00915
20.98243
21.0082
21.01721
20.99915
20.973
21.0056
20.99255
20.98387
20.97202
21.00052
21.00385
21.00793
21.00081
20.99393
21.02788
21.01976
21.03755
21.02305
21.04683
21.02784
21.01431
21.02417
20.98184
21.0174
21.02529
21.02202
21.00756
21.02134
21.00553
20.99653
20.98333
21.00576
20.98331
21.03096
20.99702
20.99422
21.00599
21.01071
21.00371
20.9943
21.00754
20.98205
20.98535
21.00241
20.99296
20.99236
20.99912
21.01067
21.01367
20.9836
20.9999
21.00356
20.98856
20.99659
20.99964
21.01367
21.00578
20.98748
20.9957
20.98074
20.99631
20.99069
21.00226
20.99669
21.02923
21.03571
20.97178
21.01972
21.02823
20.99658
21.01156
21.00419
21.00419
20.99806
20.99953
20.99988
21.01259
21.02821
20.96466
20.99235
20.98931
21.00442
21.00948
21.01149
21.0157
21.00016
21.01042
21.0172
20.992
21.0196
21.00054
21.01583
20.99848
21.02373
21.02575
21.01687
21.00168
