Version: 	2.1
No. of points:	1000
Sample:		YBCO milled
Measured on:	12/01/2004
Time:		03:20:39 AM
Run Type:	Trial Run 1

Time	Delta Temperature	Magnetic Field	Position
(sec)	(K)	(Oe)	(mm)
0.01	40.00	60.60	101.70
0.02	40.50	61.30	100.90
0.03	40.20	61.90	100.30
0.04	40.10	62.50	100.80
0.05	40.20	63.10	100.80
0.06	39.60	63.70	101.70
0.07	39.70	64.30	100.80
0.08	39.90	64.80	102.00
0.09	39.90	65.40	101.30
0.10	39.40	65.90	101.10
0.11	39.30	66.50	101.20
0.12	39.80	67.00	100.20
0.13	39.80	67.60	101.20
0.14	39.10	68.10	101.60
0.15	39.00	68.60	100.40
0.16	38.90	69.10	101.80
0.17	39.10	69.60	100.20
0.18	39.00	70.10	101.60
0.19	38.50	70.50	100.70
0.20	39.20	71.00	101.60
0.21	38.70	71.50	101.10
0.22	39.00	71.90	101.80
0.23	38.30	72.40	101.30
0.24	38.30	72.80	101.60
0.25	38.60	73.30	100.60
0.26	38.70	73.70	101.80
0.27	38.20	74.10	100.20
0.28	38.50	74.50	100.10
0.29	38.10	74.90	101.70
0.30	37.70	75.30	101.70
0.31	37.60	75.70	100.40
0.32	38.30	76.10	101.70
0.33	37.90	76.50	100.10
0.34	37.60	76.90	101.90
0.35	37.60	77.20	101.90
0.36	37.50	77.60	101.20
0.37	37.60	77.90	101.40
0.38	37.60	78.30	101.50
0.39	37.40	78.60	102.00
0.40	37.50	79.00	101.10
0.41	37.30	79.30	100.80
0.42	37.10	79.70	100.90
0.43	36.90	80.00	101.20
0.44	36.80	80.30	101.70
0.45	37.00	80.60	100.30
0.46	37.00	80.90	100.00
0.47	37.10	81.20	101.90
0.48	36.50	81.50	100.70
0.49	36.70	81.80	101.40
0.50	36.50	82.10	100.20
0.51	36.70	82.40	101.70
0.52	36.10	82.70	100.20
0.53	36.10	83.00	101.50
0.54	36.10	83.20	100.80
0.55	36.10	83.50	101.70
0.56	36.40	83.80	101.70
0.57	35.90	84.00	101.50
0.58	36.10	84.30	100.00
0.59	36.20	84.50	100.40
0.60	36.10	84.80	101.20
0.61	35.40	85.00	100.10
0.62	35.50	85.30	100.50
0.63	35.90	85.50	101.90
0.64	35.40	85.70	100.70
0.65	35.80	85.90	101.10
0.66	35.10	86.20	100.30
0.67	35.60	86.40	100.50
0.68	35.20	86.60	101.30
0.69	35.20	86.80	101.10
0.70	35.10	87.00	100.50
0.71	34.70	87.20	100.80
0.72	34.90	87.40	100.40
0.73	35.10	87.60	101.10
0.74	34.50	87.80	102.00
0.75	35.20	88.00	100.40
0.76	35.00	88.20	101.80
0.77	34.40	88.40	101.30
0.78	35.00	88.60	100.30
0.79	34.50	88.80	100.60
0.80	34.60	89.00	100.50
0.81	34.40	89.10	101.20
0.82	34.30	89.30	100.20
0.83	34.50	89.50	101.90
0.84	34.20	89.70	100.20
0.85	34.10	89.80	100.20
0.86	33.80	90.00	100.60
0.87	33.60	90.10	101.60
0.88	33.80	90.30	101.40
0.89	33.80	90.50	100.40
0.90	33.90	90.60	101.00
0.91	33.90	90.80	100.40
0.92	33.50	90.90	100.70
0.93	33.80	91.00	101.00
0.94	33.40	91.20	101.40
0.95	33.70	91.30	100.10
0.96	33.70	91.50	101.50
0.97	33.10	91.60	100.80
0.98	33.70	91.70	100.30
0.99	33.50	91.90	101.00
1.00	33.10	92.00	101.00
1.01	33.10	92.10	101.60
1.02	32.90	92.30	102.00
1.03	32.70	92.40	100.20
1.04	33.10	92.50	100.00
1.05	33.00	92.60	101.20
1.06	32.80	92.70	100.40
1.07	32.50	92.90	100.20
1.08	32.30	93.00	101.00
1.09	32.90	93.10	101.20
1.10	32.90	93.20	101.60
1.11	32.60	93.30	100.60
1.12	32.50	93.40	100.80
1.13	32.20	93.50	101.40
1.14	32.50	93.60	101.90
1.15	32.40	93.70	101.20
1.16	31.90	93.80	100.30
1.17	32.40	93.90	100.50
1.18	31.80	94.00	100.50
1.19	31.60	94.10	100.90
1.20	31.50	94.20	101.70
1.21	32.00	94.30	100.40
1.22	32.00	94.40	100.20
1.23	31.90	94.50	101.80
1.24	32.00	94.60	101.40
1.25	31.50	94.70	101.90
1.26	31.30	94.70	100.50
1.27	31.70	94.80	101.10
1.28	31.30	94.90	102.00
1.29	31.70	95.00	100.20
1.30	31.00	95.10	100.60
1.31	31.10	95.10	101.10
1.32	31.00	95.20	101.60
1.33	31.10	95.30	101.00
1.34	30.90	95.40	101.20
1.35	30.80	95.40	100.70
1.36	31.00	95.50	100.90
1.37	30.90	95.60	101.50
1.38	30.80	95.70	101.80
1.39	30.50	95.70	101.50
1.40	30.80	95.80	100.40
1.41	30.60	95.90	100.30
1.42	30.20	95.90	102.00
1.43	30.60	96.00	100.50
1.44	30.80	96.10	100.30
1.45	30.40	96.10	102.10
1.46	30.00	96.20	100.20
1.47	30.00	96.20	100.20
1.48	29.80	96.30	100.30
1.49	30.30	96.40	101.30
1.50	29.80	96.40	101.60
1.51	29.60	96.50	101.00
1.52	29.50	96.50	100.40
1.53	29.90	96.60	101.60
1.54	30.00	96.60	101.20
1.55	29.90	96.70	102.10
1.56	29.70	96.80	101.90
1.57	29.70	96.80	101.00
1.58	29.30	96.90	100.90
1.59	29.30	96.90	101.40
1.60	29.20	97.00	101.90
1.61	29.30	97.00	100.70
1.62	29.60	97.10	101.10
1.63	29.40	97.10	100.60
1.64	29.50	97.10	102.10
1.65	28.80	97.20	100.40
1.66	29.00	97.20	102.00
1.67	29.00	97.30	102.10
1.68	29.30	97.30	101.00
1.69	29.00	97.40	102.20
1.70	29.20	97.40	101.00
1.71	28.40	97.40	101.70
1.72	29.00	97.50	101.60
1.73	28.70	97.50	100.80
1.74	28.40	97.60	101.80
1.75	28.20	97.60	102.20
1.76	28.40	97.60	102.00
1.77	28.70	97.70	100.80
1.78	28.40	97.70	101.60
1.79	28.10	97.80	101.50
1.80	28.50	97.80	101.40
1.81	28.20	97.80	102.20
1.82	28.40	97.90	102.00
1.83	28.50	97.90	101.40
1.84	28.00	97.90	102.00
1.85	27.90	98.00	101.40
1.86	28.00	98.00	101.40
1.87	27.60	98.00	102.00
1.88	28.20	98.10	103.00
1.89	27.90	98.10	101.60
1.90	27.80	98.10	101.60
1.91	27.60	98.20	102.90
1.92	27.50	98.20	101.50
1.93	27.70	98.20	102.50
1.94	27.80	98.20	102.20
1.95	27.60	98.30	101.80
1.96	27.00	98.30	101.70
1.97	27.20	98.30	101.50
1.98	27.30	98.30	101.70
1.99	27.20	98.40	103.30
2.00	27.00	98.40	102.60
2.01	27.00	98.40	102.60
2.02	27.30	98.50	102.40
2.03	26.70	98.50	102.70
2.04	27.30	98.50	102.30
2.05	27.00	98.50	103.90
2.06	26.90	98.50	103.90
2.07	26.80	98.60	103.10
2.08	27.00	98.60	103.90
2.09	26.50	98.60	104.20
2.10	27.10	98.60	102.50
2.11	26.50	98.70	102.70
2.12	26.30	98.70	102.70
2.13	26.50	98.70	104.50
2.14	26.40	98.70	103.80
2.15	26.70	98.70	104.40
2.16	26.50	98.80	105.00
2.17	26.40	98.80	104.90
2.18	26.00	98.80	105.20
2.19	26.50	98.80	105.30
2.20	26.30	98.80	104.30
2.21	26.30	98.90	105.60
2.22	26.30	98.90	105.40
2.23	26.00	98.90	105.30
2.24	26.00	98.90	105.30
2.25	26.20	98.90	106.30
2.26	25.50	98.90	106.20
2.27	25.60	99.00	105.00
2.28	25.50	99.00	106.20
2.29	25.80	99.00	105.50
2.30	25.60	99.00	106.10
2.31	25.70	99.00	106.50
2.32	25.80	99.00	106.60
2.33	25.10	99.10	107.50
2.34	25.60	99.10	107.80
2.35	25.30	99.10	106.90
2.36	25.60	99.10	107.40
2.37	25.60	99.10	107.20
2.38	25.20	99.10	108.50
2.39	25.40	99.10	107.70
2.40	25.50	99.20	108.20
2.41	24.70	99.20	109.10
2.42	24.90	99.20	108.30
2.43	25.10	99.20	108.90
2.44	24.90	99.20	109.50
2.45	25.00	99.20	109.30
2.46	24.60	99.20	110.80
2.47	24.40	99.20	109.40
2.48	24.50	99.30	111.40
2.49	24.70	99.30	110.80
2.50	25.00	99.30	111.30
2.51	24.40	99.30	111.80
2.52	24.90	99.30	111.90
2.53	24.40	99.30	111.40
2.54	24.70	99.30	113.10
2.55	24.40	99.30	112.10
2.56	24.50	99.40	112.80
2.57	24.10	99.40	113.60
2.58	24.00	99.40	114.70
2.59	24.60	99.40	114.40
2.60	23.90	99.40	114.90
2.61	24.50	99.40	114.90
2.62	24.00	99.40	114.80
2.63	24.30	99.40	116.40
2.64	23.70	99.40	115.30
2.65	23.70	99.40	116.60
2.66	24.20	99.40	117.30
2.67	24.10	99.50	118.00
2.68	23.90	99.50	117.70
2.69	23.50	99.50	119.10
2.70	23.90	99.50	118.00
2.71	23.60	99.50	119.30
2.72	23.80	99.50	119.40
2.73	23.80	99.50	120.10
2.74	23.80	99.50	121.60
2.75	23.20	99.50	120.90
2.76	23.30	99.50	121.90
2.77	23.20	99.50	122.50
2.78	23.40	99.50	123.10
2.79	23.50	99.60	124.30
2.80	23.20	99.60	123.10
2.81	23.50	99.60	125.00
2.82	23.00	99.60	125.50
2.83	23.20	99.60	126.70
2.84	22.70	99.60	126.20
2.85	23.10	99.60	127.80
2.86	22.90	99.60	127.60
2.87	22.70	99.60	129.10
2.88	23.10	99.60	127.90
2.89	22.60	99.60	129.40
2.90	23.00	99.60	130.80
2.91	23.10	99.60	130.40
2.92	22.60	99.60	132.10
2.93	22.90	99.60	131.90
2.94	22.30	99.60	132.20
2.95	22.50	99.70	132.80
2.96	22.40	99.70	134.70
2.97	22.80	99.70	135.70
2.98	22.60	99.70	135.40
2.99	22.00	99.70	136.30
3.00	22.50	99.70	137.00
3.01	22.60	99.70	137.70
3.02	21.90	99.70	137.90
3.03	22.00	99.70	138.80
3.04	21.90	99.70	140.00
3.05	21.80	99.70	139.90
3.06	22.30	99.70	142.50
3.07	22.30	99.70	142.00
3.08	22.00	99.70	144.10
3.09	21.70	99.70	144.80
3.10	21.70	99.70	144.60
3.11	21.50	99.70	146.20
3.12	22.00	99.70	147.00
3.13	22.10	99.70	147.70
3.14	22.00	99.70	148.70
3.15	21.50	99.70	148.50
3.16	21.80	99.80	150.10
3.17	21.70	99.80	150.70
3.18	21.60	99.80	151.00
3.19	21.70	99.80	152.30
3.20	21.40	99.80	153.60
3.21	21.70	99.80	154.50
3.22	21.00	99.80	154.20
3.23	21.20	99.80	156.10
3.24	21.60	99.80	157.10
3.25	21.40	99.80	157.90
3.26	21.20	99.80	157.70
3.27	21.10	99.80	159.10
3.28	21.00	99.80	159.10
3.29	21.20	99.80	161.70
3.30	20.90	99.80	161.10
3.31	20.70	99.80	163.30
3.32	20.90	99.80	162.70
3.33	21.00	99.80	163.80
3.34	21.10	99.80	166.00
3.35	20.80	99.80	166.30
3.36	20.50	99.80	167.00
3.37	20.50	99.80	167.90
3.38	20.40	99.80	168.30
3.39	20.60	99.80	168.70
3.40	20.90	99.80	170.40
3.41	20.50	99.80	171.50
3.42	20.50	99.80	171.60
3.43	20.60	99.80	172.10
3.44	20.20	99.80	173.90
3.45	20.10	99.80	174.60
3.46	20.30	99.80	174.40
3.47	20.70	99.80	176.00
3.48	20.20	99.90	176.10
3.49	20.60	99.90	176.90
3.50	20.40	99.90	178.60
3.51	19.90	99.90	178.80
3.52	20.30	99.90	179.90
3.53	20.30	99.90	180.00
3.54	20.40	99.90	181.50
3.55	19.80	99.90	182.10
3.56	19.90	99.90	183.40
3.57	20.30	99.90	184.10
3.58	20.20	99.90	183.80
3.59	19.90	99.90	186.10
3.60	20.30	99.90	186.30
3.61	19.60	99.90	186.10
3.62	19.50	99.90	188.30
3.63	19.70	99.90	187.00
3.64	19.40	99.90	187.80
3.65	19.80	99.90	188.50
3.66	19.70	99.90	189.70
3.67	19.80	99.90	189.60
3.68	19.90	99.90	191.20
3.69	19.90	99.90	192.20
3.70	19.20	99.90	192.70
3.71	19.80	99.90	193.50
3.72	19.30	99.90	192.60
3.73	19.60	99.90	194.60
3.74	19.60	99.90	194.10
3.75	19.00	99.90	194.60
3.76	19.50	99.90	194.80
3.77	19.30	99.90	195.90
3.78	18.80	99.90	195.80
3.79	19.40	99.90	195.70
3.80	18.80	99.90	197.00
3.81	19.10	99.90	197.50
3.82	18.90	99.90	198.70
3.83	18.70	99.90	197.20
3.84	18.80	99.90	198.70
3.85	18.90	99.90	197.90
3.86	18.60	99.90	198.40
3.87	19.10	99.90	199.30
3.88	19.00	99.90	200.20
3.89	18.80	99.90	200.40
3.90	19.10	99.90	200.60
3.91	18.70	99.90	200.90
3.92	19.10	99.90	200.60
3.93	19.00	99.90	200.60
3.94	18.50	99.90	201.30
3.95	18.70	99.90	200.60
3.96	18.60	99.90	200.90
3.97	18.80	99.90	200.30
3.98	18.50	99.90	200.90
3.99	18.50	99.90	201.60
4.00	18.30	99.90	200.50
4.01	18.30	99.90	200.70
4.02	18.20	99.90	201.50
4.03	18.10	99.90	201.50
4.04	18.60	99.90	200.50
4.05	18.30	99.90	201.60
4.06	18.30	99.90	201.30
4.07	18.30	99.90	200.80
4.08	18.20	99.90	200.80
4.09	18.40	99.90	200.40
4.10	18.10	99.90	199.00
4.11	18.00	99.90	200.00
4.12	18.00	99.90	199.80
4.13	17.80	99.90	198.60
4.14	18.10	99.90	198.40
4.15	17.60	99.90	198.70
4.16	17.70	100.00	198.70
4.17	17.80	100.00	198.70
4.18	17.80	100.00	197.10
4.19	18.10	100.00	197.30
4.20	17.30	100.00	197.30
4.21	17.60	100.00	196.60
4.22	17.40	100.00	196.30
4.23	17.50	100.00	196.10
4.24	17.40	100.00	194.60
4.25	17.80	100.00	194.90
4.26	17.50	100.00	194.60
4.27	17.70	100.00	193.10
4.28	17.70	100.00	193.10
4.29	17.00	100.00	192.40
4.30	17.60	100.00	191.50
4.31	17.00	100.00	192.60
4.32	17.50	100.00	190.50
4.33	17.10	100.00	191.20
4.34	17.30	100.00	189.70
4.35	16.90	100.00	188.30
4.36	17.30	100.00	189.30
4.37	17.30	100.00	187.10
4.38	17.10	100.00	187.80
4.39	17.20	100.00	186.80
4.40	16.70	100.00	186.20
4.41	16.70	100.00	184.60
4.42	17.30	100.00	183.90
4.43	16.80	100.00	183.30
4.44	16.50	100.00	182.50
4.45	16.80	100.00	183.00
4.46	17.00	100.00	181.60
4.47	16.70	100.00	180.20
4.48	16.80	100.00	180.80
4.49	16.80	100.00	179.50
4.50	16.60	100.00	179.00
4.51	16.80	100.00	177.30
4.52	16.80	100.00	177.60
4.53	16.80	100.00	175.40
4.54	16.70	100.00	175.60
4.55	16.40	100.00	174.20
4.56	16.30	100.00	173.30
4.57	16.40	100.00	172.60
4.58	16.60	100.00	171.20
4.59	16.10	100.00	171.80
4.60	16.10	100.00	169.90
4.61	16.50	100.00	168.50
4.62	16.40	100.00	167.80
4.63	16.10	100.00	167.20
4.64	15.90	100.00	167.00
4.65	16.40	100.00	165.50
4.66	16.40	100.00	166.10
4.67	15.70	100.00	164.60
4.68	15.70	100.00	163.00
4.69	16.00	100.00	163.30
4.70	16.10	100.00	162.10
4.71	15.60	100.00	159.90
4.72	16.10	100.00	160.30
4.73	15.60	100.00	159.80
4.74	16.10	100.00	159.10
4.75	15.70	100.00	156.60
4.76	15.70	100.00	157.30
4.77	16.00	100.00	156.20
4.78	16.10	100.00	153.90
4.79	15.50	100.00	154.60
4.80	15.30	100.00	153.10
4.81	15.70	100.00	152.20
4.82	15.90	100.00	152.00
4.83	15.80	100.00	151.30
4.84	15.60	100.00	150.20
4.85	15.40	100.00	148.60
4.86	15.30	100.00	147.90
4.87	15.20	100.00	148.00
4.88	15.50	100.00	145.70
4.89	15.30	100.00	145.00
4.90	15.20	100.00	145.30
4.91	15.20	100.00	143.20
4.92	15.20	100.00	142.20
4.93	15.10	100.00	142.10
4.94	15.10	100.00	141.60
4.95	15.30	100.00	140.10
4.96	15.10	100.00	139.50
4.97	15.60	100.00	139.60
4.98	14.90	100.00	138.50
4.99	15.00	100.00	137.40
5.00	14.80	100.00	136.10
5.01	15.30	100.00	135.50
5.02	14.70	100.00	135.40
5.03	14.90	100.00	134.10
5.04	15.40	100.00	134.60
5.05	15.20	100.00	133.40
5.06	14.70	100.00	132.40
5.07	14.90	100.00	132.80
5.08	14.60	100.00	130.50
5.09	14.90	100.00	130.30
5.10	15.00	100.00	129.40
5.11	15.10	100.00	128.80
5.12	15.10	100.00	129.60
5.13	15.00	100.00	127.80
5.14	14.90	100.00	126.80
5.15	14.90	100.00	126.30
5.16	14.40	100.00	126.40
5.17	14.90	100.00	125.20
5.18	14.90	100.00	125.20
5.19	14.80	100.00	125.20
5.20	14.20	100.00	123.80
5.21	14.40	100.00	123.70
5.22	14.80	100.00	123.50
5.23	14.50	100.00	122.20
5.24	14.60	100.00	122.30
5.25	14.40	100.00	122.00
5.26	14.50	100.00	120.00
5.27	14.20	100.00	121.10
5.28	14.50	100.00	120.30
5.29	14.70	100.00	118.60
5.30	13.90	100.00	119.00
5.31	14.00	100.00	119.30
5.32	14.20	100.00	117.60
5.33	14.30	100.00	117.50
5.34	14.20	100.00	117.00
5.35	14.10	100.00	117.20
5.36	14.10	100.00	116.80
5.37	14.10	100.00	115.60
5.38	13.90	100.00	115.80
5.39	13.80	100.00	115.00
5.40	13.70	100.00	113.60
5.41	13.90	100.00	114.30
5.42	14.00	100.00	113.20
5.43	14.00	100.00	113.00
5.44	13.50	100.00	113.90
5.45	14.10	100.00	112.30
5.46	14.00	100.00	112.20
5.47	13.40	100.00	112.30
5.48	14.10	100.00	110.80
5.49	13.80	100.00	112.10
5.50	13.40	100.00	110.50
5.51	13.40	100.00	110.00
5.52	13.50	100.00	110.30
5.53	13.70	100.00	110.60
5.54	13.80	100.00	109.00
5.55	13.40	100.00	110.00
5.56	13.30	100.00	109.10
5.57	13.20	100.00	108.80
5.58	13.20	100.00	109.30
5.59	13.60	100.00	107.60
5.60	13.10	100.00	108.80
5.61	13.50	100.00	108.00
5.62	13.70	100.00	108.20
5.63	13.70	100.00	106.80
5.64	13.10	100.00	108.20
5.65	13.00	100.00	106.70
5.66	13.20	100.00	107.00
5.67	13.00	100.00	106.30
5.68	13.50	100.00	106.30
5.69	13.10	100.00	107.00
5.70	12.80	100.00	105.70
5.71	13.10	100.00	106.30
5.72	13.10	100.00	105.10
5.73	13.20	100.00	105.10
5.74	12.80	100.00	106.20
5.75	13.30	100.00	105.00
5.76	13.40	100.00	105.00
5.77	12.60	100.00	104.20
5.78	13.30	100.00	105.00
5.79	13.10	100.00	104.50
5.80	13.20	100.00	103.70
5.81	13.00	100.00	103.90
5.82	12.70	100.00	104.10
5.83	12.70	100.00	103.30
5.84	12.70	100.00	103.40
5.85	13.10	100.00	104.90
5.86	12.70	100.00	103.30
5.87	12.50	100.00	103.30
5.88	12.60	100.00	104.50
5.89	12.70	100.00	102.90
5.90	12.60	100.00	103.90
5.91	12.50	100.00	103.50
5.92	12.60	100.00	102.90
5.93	12.30	100.00	103.50
5.94	12.70	100.00	104.10
5.95	12.60	100.00	102.60
5.96	12.80	100.00	103.00
5.97	12.90	100.00	102.10
5.98	12.40	100.00	103.10
5.99	12.80	100.00	103.30
6.00	12.60	100.00	103.30
6.01	12.50	100.00	103.60
6.02	12.40	100.00	101.90
6.03	12.60	100.00	103.10
6.04	12.30	100.00	102.40
6.05	12.20	100.00	101.70
6.06	12.40	100.00	103.20
6.07	12.50	100.00	102.00
6.08	11.90	100.00	102.10
6.09	12.50	100.00	102.40
6.10	12.20	100.00	102.90
6.11	12.30	100.00	102.10
6.12	12.10	100.00	102.50
6.13	12.50	100.00	102.30
6.14	12.10	100.00	102.70
6.15	12.20	100.00	102.20
6.16	12.20	100.00	102.30
6.17	12.30	100.00	102.40
6.18	12.20	100.00	102.10
6.19	12.00	100.00	101.60
6.20	11.60	100.00	101.20
6.21	11.90	100.00	100.70
6.22	11.90	100.00	101.10
6.23	11.70	100.00	101.00
6.24	11.70	100.00	101.80
6.25	11.60	100.00	101.10
6.26	11.90	100.00	102.40
6.27	11.80	100.00	101.90
6.28	12.10	100.00	101.20
6.29	11.50	100.00	102.00
6.30	11.70	100.00	100.50
6.31	11.90	100.00	102.00
6.32	11.50	100.00	100.50
6.33	12.00	100.00	101.20
6.34	12.00	100.00	101.00
6.35	11.50	100.00	101.90
6.36	11.90	100.00	101.20
6.37	11.30	100.00	102.20
6.38	11.60	100.00	102.20
6.39	11.70	100.00	100.90
6.40	11.80	100.00	101.00
6.41	11.50	100.00	101.00
6.42	11.50	100.00	101.10
6.43	11.20	100.00	100.30
6.44	11.10	100.00	101.80
6.45	11.70	100.00	100.60
6.46	11.50	100.00	100.90
6.47	11.60	100.00	100.40
6.48	11.20	100.00	101.50
6.49	11.40	100.00	101.40
6.50	11.30	100.00	101.20
6.51	11.60	100.00	101.00
6.52	11.10	100.00	100.20
6.53	11.40	100.00	101.50
6.54	11.50	100.00	100.70
6.55	10.90	100.00	100.60
6.56	11.00	100.00	100.10
6.57	10.80	100.00	100.60
6.58	11.20	100.00	100.60
6.59	11.10	100.00	100.40
6.60	11.00	100.00	100.50
6.61	11.40	100.00	101.10
6.62	11.20	100.00	100.60
6.63	11.30	100.00	101.60
6.64	11.30	100.00	101.30
6.65	11.30	100.00	102.00
6.66	10.60	100.00	100.10
6.67	10.90	100.00	101.50
6.68	10.70	100.00	100.20
6.69	10.60	100.00	100.60
6.70	11.10	100.00	100.40
6.71	11.10	100.00	100.30
6.72	10.50	100.00	100.20
6.73	10.60	100.00	101.30
6.74	10.80	100.00	101.10
6.75	10.80	100.00	100.30
6.76	10.90	100.00	100.90
6.77	11.00	100.00	101.30
6.78	10.70	100.00	100.70
6.79	10.90	100.00	100.30
6.80	10.40	100.00	100.50
6.81	10.40	100.00	101.50
6.82	10.60	100.00	100.80
6.83	10.80	100.00	100.70
6.84	10.90	100.00	100.30
6.85	10.70	100.00	100.20
6.86	10.70	100.00	100.50
6.87	10.70	100.00	100.30
6.88	10.60	100.00	100.60
6.89	10.90	100.00	100.70
6.90	10.40	100.00	100.30
6.91	10.30	100.00	101.80
6.92	10.50	100.00	101.30
6.93	10.70	100.00	101.00
6.94	10.20	100.00	101.50
6.95	10.60	100.00	101.90
6.96	10.60	100.00	100.80
6.97	10.10	100.00	100.70
6.98	10.20	100.00	100.60
6.99	10.20	100.00	101.10
7.00	10.40	100.00	101.20
7.01	10.60	100.00	101.50
7.02	10.30	100.00	100.00
7.03	9.80	100.00	100.20
7.04	10.30	100.00	100.60
7.05	10.10	100.00	100.80
7.06	10.00	100.00	100.90
7.07	10.00	100.00	101.90
7.08	10.10	100.00	101.10
7.09	10.00	100.00	101.70
7.10	10.00	100.00	100.00
7.11	10.30	100.00	100.20
7.12	9.90	100.00	102.00
7.13	9.60	100.00	101.10
7.14	10.10	100.00	102.00
7.15	10.00	100.00	101.80
7.16	9.90	100.00	101.40
7.17	10.30	100.00	101.80
7.18	9.80	100.00	100.90
7.19	10.30	100.00	101.70
7.20	10.10	100.00	101.30
7.21	10.20	100.00	100.90
7.22	10.20	100.00	100.10
7.23	10.10	100.00	100.70
7.24	9.50	100.00	100.30
7.25	9.40	100.00	100.60
7.26	9.60	100.00	100.90
7.27	9.70	100.00	100.60
7.28	9.50	100.00	101.80
7.29	9.50	100.00	101.00
7.30	9.80	100.00	101.10
7.31	9.60	100.00	100.30
7.32	9.80	100.00	100.30
7.33	9.80	100.00	100.40
7.34	10.00	100.00	101.30
7.35	9.60	100.00	100.60
7.36	9.20	100.00	100.20
7.37	9.30	100.00	101.90
7.38	9.50	100.00	101.30
7.39	9.70	100.00	100.50
7.40	9.30	100.00	101.50
7.41	9.10	100.00	100.40
7.42	9.10	100.00	100.40
7.43	9.10	100.00	100.60
7.44	9.80	100.00	101.00
7.45	9.70	100.00	101.40
7.46	9.10	100.00	101.90
7.47	9.40	100.00	101.30
7.48	9.30	100.00	101.30
7.49	9.30	100.00	101.20
7.50	9.10	100.00	100.40
7.51	9.20	100.00	100.80
7.52	8.90	100.00	102.00
7.53	9.00	100.00	100.30
7.54	9.00	100.00	100.50
7.55	9.40	100.00	101.50
7.56	9.20	100.00	101.60
7.57	9.20	100.00	101.80
7.58	9.40	100.00	100.80
7.59	9.40	100.00	100.10
7.60	8.90	100.00	100.70
7.61	9.00	100.00	100.20
7.62	9.40	100.00	100.70
7.63	9.30	100.00	100.40
7.64	8.80	100.00	100.80
7.65	9.20	100.00	101.40
7.66	9.00	100.00	100.90
7.67	9.30	100.00	100.50
7.68	9.30	100.00	100.00
7.69	9.00	100.00	100.50
7.70	9.20	100.00	100.70
7.71	8.80	100.00	100.00
7.72	8.80	100.00	101.60
7.73	8.90	100.00	100.80
7.74	9.20	100.00	101.40
7.75	9.20	100.00	100.10
7.76	9.10	100.00	101.10
7.77	8.80	100.00	100.70
7.78	8.50	100.00	100.20
7.79	9.10	100.00	101.10
7.80	9.00	100.00	100.70
7.81	9.10	100.00	100.70
7.82	8.40	100.00	101.60
7.83	9.10	100.00	101.60
7.84	8.60	100.00	100.90
7.85	8.40	100.00	100.60
7.86	9.10	100.00	100.30
7.87	8.60	100.00	101.90
7.88	9.00	100.00	100.30
7.89	8.80	100.00	100.30
7.90	8.40	100.00	100.40
7.91	8.90	100.00	102.00
7.92	8.70	100.00	101.60
7.93	8.40	100.00	100.20
7.94	8.60	100.00	101.60
7.95	8.70	100.00	100.30
7.96	8.60	100.00	100.40
7.97	8.50	100.00	101.50
7.98	8.50	100.00	101.00
7.99	8.30	100.00	100.10
8.00	8.40	100.00	101.10
8.01	8.30	100.00	100.10
8.02	8.50	100.00	101.20
8.03	8.40	100.00	100.60
8.04	8.20	100.00	100.60
8.05	8.50	100.00	100.90
8.06	8.70	100.00	101.70
8.07	8.20	100.00	100.20
8.08	8.10	100.00	100.10
8.09	8.10	100.00	100.00
8.10	8.00	100.00	101.60
8.11	8.20	100.00	101.50
8.12	8.40	100.00	100.50
8.13	7.90	100.00	100.90
8.14	7.90	100.00	100.30
8.15	8.40	100.00	100.50
8.16	8.50	100.00	100.00
8.17	8.50	100.00	101.90
8.18	7.90	100.00	101.80
8.19	7.90	100.00	100.90
8.20	8.30	100.00	100.90
8.21	8.00	100.00	101.80
8.22	8.40	100.00	101.30
8.23	8.40	100.00	101.80
8.24	8.30	100.00	100.90
8.25	8.30	100.00	100.90
8.26	8.20	100.00	100.50
8.27	7.90	100.00	100.60
8.28	8.20	100.00	100.00
8.29	7.70	100.00	100.70
8.30	7.80	100.00	100.80
8.31	8.30	100.00	100.60
8.32	8.20	100.00	100.90
8.33	7.90	100.00	100.20
8.34	7.70	100.00	101.50
8.35	8.00	100.00	100.30
8.36	7.90	100.00	101.20
8.37	7.50	100.00	100.90
8.38	8.20	100.00	101.60
8.39	7.50	100.00	100.30
8.40	7.80	100.00	100.60
8.41	8.00	100.00	101.70
8.42	7.70	100.00	100.30
8.43	8.10	100.00	100.00
8.44	8.20	100.00	101.40
8.45	8.10	100.00	101.10
8.46	7.40	100.00	100.30
8.47	7.40	100.00	101.30
8.48	7.80	100.00	100.60
8.49	7.40	100.00	100.90
8.50	7.90	100.00	101.60
8.51	7.80	100.00	100.60
8.52	7.60	100.00	100.60
8.53	7.70	100.00	100.30
8.54	7.40	100.00	101.70
8.55	7.50	100.00	100.20
8.56	7.40	100.00	100.30
8.57	7.90	100.00	100.90
8.58	7.40	100.00	102.00
8.59	8.00	100.00	101.00
8.60	7.20	100.00	101.00
8.61	7.80	100.00	100.20
8.62	7.60	100.00	102.00
8.63	7.30	100.00	101.90
8.64	7.70	100.00	100.10
8.65	7.50	100.00	101.70
8.66	7.10	100.00	100.30
8.67	7.40	100.00	101.10
8.68	7.60	100.00	101.80
8.69	7.10	100.00	101.90
8.70	7.40	100.00	101.50
8.71	7.10	100.00	100.20
8.72	7.10	100.00	100.60
8.73	7.50	100.00	101.00
8.74	7.60	100.00	101.20
8.75	7.10	100.00	100.60
8.76	7.10	100.00	100.80
8.77	7.60	100.00	100.80
8.78	7.00	100.00	100.90
8.79	7.50	100.00	101.30
8.80	7.60	100.00	101.80
8.81	7.60	100.00	100.50
8.82	7.00	100.00	101.70
8.83	7.30	100.00	101.60
8.84	7.10	100.00	100.70
8.85	7.00	100.00	100.50
8.86	6.90	100.00	101.50
8.87	7.30	100.00	101.00
8.88	7.40	100.00	100.20
8.89	7.50	100.00	100.20
8.90	6.80	100.00	100.40
8.91	6.80	100.00	101.50
8.92	7.20	100.00	101.00
8.93	7.10	100.00	100.40
8.94	7.20	100.00	100.10
8.95	7.30	100.00	101.60
8.96	6.70	100.00	101.20
8.97	6.90	100.00	100.90
8.98	7.20	100.00	101.20
8.99	7.20	100.00	101.20
9.00	6.90	100.00	101.90
9.01	6.60	100.00	101.60
9.02	7.00	100.00	101.50
9.03	7.20	100.00	101.10
9.04	6.70	100.00	101.90
9.05	6.60	100.00	101.70
9.06	7.20	100.00	101.10
9.07	7.20	100.00	100.10
9.08	7.10	100.00	100.30
9.09	7.10	100.00	100.10
9.10	7.10	100.00	100.30
9.11	7.00	100.00	101.30
9.12	6.80	100.00	100.20
9.13	7.20	100.00	101.10
9.14	6.70	100.00	100.70
9.15	6.90	100.00	100.40
9.16	7.20	100.00	101.60
9.17	6.90	100.00	100.90
9.18	6.70	100.00	100.60
9.19	6.80	100.00	100.80
9.20	6.50	100.00	100.30
9.21	6.40	100.00	102.00
9.22	6.40	100.00	100.20
9.23	6.30	100.00	101.20
9.24	6.40	100.00	100.90
9.25	6.50	100.00	101.70
9.26	7.00	100.00	101.20
9.27	7.10	100.00	101.60
9.28	6.30	100.00	100.60
9.29	6.40	100.00	101.30
9.30	7.00	100.00	100.60
9.31	6.40	100.00	101.80
9.32	6.80	100.00	100.80
9.33	6.60	100.00	101.10
9.34	6.20	100.00	100.30
9.35	6.70	100.00	100.90
9.36	6.70	100.00	101.10
9.37	6.40	100.00	100.60
9.38	6.20	100.00	101.40
9.39	6.60	100.00	101.90
9.40	6.60	100.00	101.10
9.41	6.40	100.00	101.50
9.42	6.50	100.00	101.40
9.43	6.50	100.00	100.50
9.44	6.80	100.00	101.00
9.45	6.70	100.00	100.30
9.46	6.40	100.00	101.10
9.47	6.50	100.00	100.20
9.48	6.20	100.00	101.80
9.49	6.60	100.00	101.70
9.50	6.60	100.00	100.70
9.51	6.70	100.00	101.90
9.52	6.70	100.00	101.80
9.53	6.10	100.00	101.60
9.54	6.00	100.00	100.30
9.55	6.60	100.00	100.30
9.56	6.60	100.00	101.80
9.57	6.00	100.00	100.60
9.58	6.50	100.00	100.80
9.59	6.10	100.00	100.60
9.60	6.60	100.00	100.20
9.61	6.50	100.00	101.50
9.62	6.40	100.00	102.00
9.63	6.30	100.00	101.20
9.64	6.30	100.00	101.60
9.65	6.10	100.00	101.30
9.66	6.50	100.00	100.90
9.67	5.80	100.00	100.90
9.68	6.00	100.00	100.10
9.69	5.80	100.00	100.70
9.70	6.00	100.00	101.60
9.71	6.40	100.00	100.10
9.72	6.00	100.00	100.90
9.73	6.10	100.00	101.50
9.74	5.70	100.00	101.40
9.75	6.20	100.00	100.70
9.76	5.80	100.00	100.70
9.77	5.90	100.00	100.80
9.78	6.40	100.00	102.00
9.79	5.80	100.00	100.00
9.80	6.00	100.00	101.40
9.81	6.10	100.00	101.70
9.82	6.30	100.00	100.60
9.83	6.20	100.00	100.60
9.84	5.90	100.00	101.70
9.85	5.70	100.00	100.50
9.86	5.90	100.00	100.70
9.87	6.10	100.00	100.80
9.88	5.60	100.00	101.40
9.89	6.10	100.00	100.60
9.90	5.90	100.00	101.80
9.91	6.20	100.00	101.90
9.92	5.80	100.00	100.60
9.93	6.10	100.00	101.00
9.94	5.70	100.00	100.10
9.95	6.20	100.00	100.90
9.96	5.60	100.00	101.40
9.97	5.50	100.00	100.40
9.98	5.50	100.00	101.10
9.99	5.90	100.00	100.30
10.00	6.10	100.00	101.70