Time Stamp,Temperature,Magnetic Field,Moment,M. Std. Err.,PPMS Status
sec,K,Oe,emu,emu,code
0,9.97,9737.8,6.801E-4,1.9E-5,4465
0.5,9.97,9736.7,7.498E-4,1.8E-5,4465
1.3,9.98,9704.3,5.489E-4,2E-5,4465
4.9,9.98,9283.4,2.584E-4,4.3E-5,4465
8.4,9.98,8843.3,8.535E-5,6.3E-4,4465
11.5,9.98,8461.7,1.645E-4,4.3E-5,4465
14.8,9.97,8061.3,-8.754E-5,8.5E-6,4465
15.3,9.97,7995.6,-5.683E-5,7.5E-6,4465
18.6,9.97,7599.2,-1.84E-5,3.5E-6,4465
22,9.97,7202.2,-3.61E-5,4.8E-6,4465
22.6,9.97,7134.1,-6.585E-5,6.8E-6,4465
26.4,9.98,6665.4,-1.717E-5,2.5E-6,4465
26.8,9.98,6622.5,-6.97E-5,9.9E-6,4465
27.5,9.98,6544.2,-3.996E-5,6.2E-6,4465
28.3,9.98,6444.7,-3.38E-5,5.2E-6,4465
29.3,9.98,6324.1,-9.402E-5,9.9E-6,4465
30.3,9.98,6203.5,-4.717E-5,6.3E-6,4465
31.3,9.98,6083.2,-8.954E-5,8.1E-6,4465
32.3,9.98,5963,-7.812E-5,7.1E-6,4465
33.3,9.98,5842.9,-8.414E-5,8E-6,4465
34.3,9.98,5733.7,-8.957E-5,8.3E-6,4465
35.3,9.98,5613.9,-1.226E-4,1.2E-5,4465
36.3,9.98,5494.3,-1.178E-4,1.1E-5,4465
37.3,9.98,5374.9,-7.591E-5,9E-6,4465
38.3,9.98,5252.1,-1.211E-4,8.7E-6,4465
39.3,9.98,5143.3,-1.383E-4,7.2E-6,4465
40.3,9.98,5024.3,-1.39E-4,9.4E-6,4465
41.3,9.98,4905.4,-1.237E-4,9.4E-6,4465
42.3,9.98,4786.5,-1.076E-4,9.7E-6,4465
43.4,9.98,4667.6,-1.162E-4,9.9E-6,4465
44.3,9.98,4559.4,-1.14E-4,9.1E-6,4465
45.4,9.98,4440.9,-1.35E-4,1.1E-5,4465
46.4,9.98,4322.4,-1.408E-4,9.5E-6,4465
47.4,9.98,4203.8,-1.342E-4,1.1E-5,4465
48.4,9.98,4085.4,-1.254E-4,1.2E-5,4465
49.3,9.98,3977.6,-1.367E-4,1.2E-5,4465
50.3,9.98,3869.7,-1.481E-4,1E-5,4465
51.4,9.98,3747.9,-1.961E-4,9E-6,4465
52.4,9.98,3629.7,-1.575E-4,1.1E-5,4465
53.4,9.98,3511.4,-1.662E-4,8.3E-6,4465
54.4,9.98,3393.2,-1.777E-4,8.1E-6,4465
55.4,9.98,3275.2,-1.403E-4,1E-5,4465
56.4,9.98,3157.2,-1.756E-4,8.3E-6,4465
57.4,9.98,3049.6,-1.757E-4,1.2E-5,4465
58.4,9.98,2932.8,-1.659E-4,7.8E-6,4465
59.4,9.98,2849.4,-1.665E-4,6.5E-6,4465
60.4,9.98,2818.5,-1.611E-4,7.2E-6,4465
61.4,9.98,2807.2,-1.36E-4,6.5E-6,4465
62.4,9.98,2803.6,-1.407E-4,7.6E-6,4465
63.4,9.98,2699.3,-1.854E-4,9.5E-6,4465
64.4,9.98,2554.9,-1.901E-4,7.9E-6,4465
65.4,9.98,2456.5,-2.19E-4,8.9E-6,4465
66.4,9.98,2345.7,-2.24E-4,7.5E-6,4465
67.4,9.98,2230.9,-2.204E-4,7.2E-6,4465
68.4,9.98,2115.1,-2.339E-4,5.9E-6,4465
69.4,9.98,2009,-2.522E-4,5.2E-6,4465
70.4,9.98,1892.5,-2.499E-4,6.5E-6,4465
71.4,9.98,1775.9,-2.486E-4,5.5E-6,4465
72.4,9.98,1669.7,-2.592E-4,4.4E-6,4465
73.4,9.98,1553.4,-2.688E-4,3.9E-6,4465
74.4,9.98,1449.6,-2.866E-4,4E-6,4465
75.4,9.98,1393.5,-2.731E-4,3.6E-6,4465
76.5,9.98,1373.5,-2.666E-4,4E-6,4465
77.5,9.98,1365.5,-2.545E-4,3.8E-6,4465
78.5,9.98,1274.5,-2.488E-4,4.3E-6,4465
79.4,9.98,1160.5,-2.939E-4,4.1E-6,4465
80.5,9.98,1118.2,-2.952E-4,2.7E-6,4465
81.5,9.98,1093,-2.962E-4,3.7E-6,4465
82.5,9.98,1082.1,-2.901E-4,3.1E-6,4465
83.5,9.98,1077.1,-2.763E-4,3.2E-6,4465
111.6,9.98,1000.4,-2.313E-4,2.5E-6,4417
119.4,9.99,1000.3,-2.163E-4,2.6E-6,4417
128.4,9.98,956.1,-2.145E-4,3.1E-6,4449
128.8,9.99,951.4,-2.275E-4,3.5E-6,4449
129.6,9.99,942.7,-2.645E-4,2.6E-6,4449
130.6,9.99,933,-2.76E-4,2.8E-6,4449
131.7,9.99,922,-2.851E-4,2.5E-6,4449
132.7,9.99,910.9,-2.977E-4,2E-6,4449
133.7,9.99,900.8,-2.926E-4,2.2E-6,4449
134.6,9.99,889.7,-2.85E-4,2.7E-6,4449
135.7,9.99,877.5,-2.884E-4,3.4E-6,4449
136.7,9.99,866.3,-2.875E-4,2.6E-6,4449
137.7,9.99,856,-2.951E-4,3.4E-6,4449
138.7,9.99,845.8,-3.018E-4,2.6E-6,4449
139.7,9.99,834.5,-3.072E-4,2.5E-6,4449
140.7,9.99,822,-3E-4,2.4E-6,4449
141.7,9.99,810.8,-3.034E-4,2.3E-6,4449
142.7,9.99,800.4,-2.958E-4,2.3E-6,4449
143.7,9.99,789.1,-2.987E-4,1.9E-6,4449
144.7,9.99,777.9,-3.104E-4,2E-6,4449
145.7,9.99,767.7,-3.111E-4,2.4E-6,4449
146.7,9.99,756.5,-3.096E-4,2.2E-6,4449
147.7,9.99,745.2,-3.162E-4,2.7E-6,4449
148.7,9.99,735,-3.121E-4,2.4E-6,4449
149.7,9.99,723.7,-3.111E-4,2.4E-6,4449
150.8,9.99,712.5,-3.105E-4,2.8E-6,4449
151.7,9.99,702.2,-3.225E-4,2.6E-6,4449
152.7,9.99,691,-3.257E-4,2.1E-6,4449
153.7,9.99,679.5,-3.223E-4,2.2E-6,4449
154.7,9.99,668.3,-3.221E-4,2.5E-6,4449
155.8,9.99,656,-3.293E-4,1.9E-6,4449
156.8,9.99,644.8,-3.271E-4,2.2E-6,4449
157.7,9.99,634.6,-3.235E-4,2.1E-6,4449
158.7,9.99,623.4,-3.418E-4,2.2E-6,4449
159.8,9.99,612.1,-3.417E-4,1.6E-6,4449
160.8,9.99,600.9,-3.405E-4,1.7E-6,4449
161.8,9.99,589.8,-3.4E-4,1.9E-6,4449
162.7,9.99,579.7,-3.436E-4,2.1E-6,4449
163.8,9.99,568.5,-3.437E-4,1.8E-6,4449
164.8,9.99,557,-3.435E-4,1.8E-6,4449
165.8,9.99,546.8,-3.445E-4,1.8E-6,4449
166.8,9.99,536.6,-3.533E-4,2E-6,4449
167.8,9.99,525.5,-3.512E-4,2E-6,4449
168.8,9.99,514.2,-3.609E-4,1.4E-6,4449
169.8,9.99,502.9,-3.656E-4,1.4E-6,4449
170.8,9.99,491.7,-3.62E-4,1.9E-6,4449
171.8,9.99,480.7,-3.591E-4,1.8E-6,4449
172.8,9.99,469.6,-3.655E-4,1.5E-6,4449
173.8,9.99,459.5,-3.7E-4,1.8E-6,4449
174.8,9.99,448.2,-3.704E-4,1.5E-6,4449
175.8,9.99,437.1,-3.739E-4,1.7E-6,4449
176.8,9.99,425.9,-3.757E-4,1.2E-6,4449
177.8,9.99,414.5,-3.785E-4,1.2E-6,4449
178.9,9.99,403.4,-3.815E-4,1.2E-6,4449
179.9,9.99,392.3,-3.825E-4,1.3E-6,4449
180.8,9.99,382.1,-3.848E-4,1.2E-6,4449
181.8,9.99,371.9,-3.848E-4,1.2E-6,4449
182.8,9.99,360.7,-3.863E-4,1.1E-6,4449
183.8,9.99,349.6,-3.9E-4,1E-6,4449
184.8,9.99,338.5,-3.928E-4,9.9E-7,4449
185.9,9.99,326.5,-3.976E-4,9.8E-7,4449
186.9,9.99,315.4,-4.001E-4,1.2E-6,4449
187.9,9.99,305.2,-4.026E-4,1.1E-6,4449
188.9,9.99,295.1,-4.05E-4,1.2E-6,4449
189.9,9.99,284,-4.123E-4,1.1E-6,4449
190.8,9.99,272.5,-4.154E-4,9.2E-7,4449
191.9,9.99,261.4,-4.169E-4,9E-7,4449
192.8,9.99,250.4,-4.226E-4,1.3E-6,4449
193.8,9.99,240.3,-4.25E-4,1.3E-6,4449
194.9,9.99,229.2,-4.284E-4,1.5E-6,4449
195.8,9.99,218.2,-4.354E-4,1.2E-6,4449
196.9,9.99,208.1,-4.354E-4,1.8E-6,4449
197.9,9.99,197.1,-4.413E-4,1.4E-6,4449
198.9,9.99,186,-4.425E-4,1.4E-6,4449
199.9,9.99,174.9,-4.441E-4,1.8E-6,4449
200.9,9.99,163.9,-4.495E-4,1.5E-6,4449
201.9,9.99,153.8,-4.494E-4,1.2E-6,4449
202.9,9.99,142.7,-4.538E-4,1.4E-6,4449
203.9,9.99,131.3,-4.595E-4,1.4E-6,4449
204.9,9.99,120.4,-4.641E-4,1.4E-6,4449
205.9,9.99,109.4,-4.665E-4,1.8E-6,4449
206.9,9.99,99.3,-4.707E-4,1.3E-6,4449
207.9,9.99,88.3,-4.763E-4,1.4E-6,4449
208.9,9.99,77.3,-4.778E-4,1.5E-6,4449
209.9,9.99,66.3,-4.853E-4,1.3E-6,4449
211,9.99,55.4,-4.909E-4,1.4E-6,4449
211.9,9.99,45.3,-4.94E-4,1.6E-6,4449
212.9,9.99,34.3,-4.983E-4,1.9E-6,4449
213.9,9.99,23.4,-5.178E-4,1.9E-6,4449
214.9,9.99,12.2,-5.285E-4,1.7E-6,4449
215.9,9.99,1.2,-5.442E-4,1.9E-6,4449
216.9,9.99,-8.9,-5.716E-4,2.5E-6,4449
217.9,9.99,-19.8,-6.095E-4,2.6E-6,4449
219,9.99,-31.8,-6.477E-4,2.9E-6,4449
220,9.99,-42.7,-7.014E-4,3.2E-6,4449
220.9,9.99,-52.6,-7.457E-4,2.5E-6,4449
222.1,9.99,-64.6,-7.784E-4,2.7E-6,4449
223.1,9.99,-75.6,-8.003E-4,2.1E-6,4449
239.1,9.97,-246.8,0,0,4449
251.7,10.01,-380.8,-9.794E-4,2.1E-6,4449
252.1,10.01,-385.6,-9.874E-4,2.5E-6,4449
253.1,10.01,-395.5,-9.925E-4,2.3E-6,4449
254.1,10,-406.7,-0.001001,3.1E-6,4449
255.1,10,-416.6,-9.95E-4,3.1E-6,4449
256,10,-427.4,-1E-3,2.8E-6,4449
257.1,9.99,-438.4,-9.985E-4,2.5E-6,4449
258.1,9.99,-449.1,-0.001003,3.6E-6,4449
259.1,9.99,-460.9,-0.001006,3.9E-6,4449
260.2,9.99,-471.9,-0.001004,3.1E-6,4449
261.1,9.99,-481.7,-0.001009,2.7E-6,4449
262.1,9.99,-492.5,-0.001017,2.7E-6,4449
263.1,9.99,-503.2,-0.001014,3.6E-6,4449
264.1,9.99,-513,-0.001021,3.7E-6,4449
265.1,9.99,-522.7,-0.001019,2.1E-6,4449
266.1,9.99,-533.2,-0.001021,2.9E-6,4449
267.1,9.99,-542.1,-0.001025,3.7E-6,4449
268.1,9.99,-548.4,-0.001025,3.8E-6,4449
269.2,10,-553.9,-0.001033,2.9E-6,4449
270.1,10,-558.4,-0.001036,3.7E-6,4449
271.1,10,-563.1,-0.001026,3.2E-6,4449
272.2,10,-567.3,-0.001031,3.1E-6,4449
273.1,10,-570.7,-0.001035,3E-6,4449
274.2,10,-587.7,-0.001033,3.5E-6,4449
275.2,10,-606.8,-0.001036,3.3E-6,4449
276.1,10,-616,-0.00104,4E-6,4449
277.2,10,-626.4,-0.001052,4.1E-6,4449
278.2,10,-636,-0.001056,4E-6,4449
279.2,10,-646.5,-0.001059,4E-6,4449
280.2,10,-657.5,-0.001064,4.1E-6,4449
281.2,9.99,-668.2,-0.001072,2.3E-6,4449
282.2,9.99,-678.9,-0.001069,3.8E-6,4449
283.2,9.99,-689.5,-0.001061,3.3E-6,4449
284.2,9.99,-700.2,-0.001062,3.9E-6,4449
285.2,9.99,-710,-0.001064,3.5E-6,4449
286.2,9.99,-720.8,-0.001066,3.4E-6,4449
287.2,9.99,-731.5,-0.001065,3.6E-6,4449
288.2,9.99,-742.2,-0.001066,4.2E-6,4449
289.2,9.99,-752.9,-0.001076,3.4E-6,4449
290.2,9.99,-762.7,-0.001088,3.2E-6,4449
291.2,9.99,-773.8,-0.001089,3.1E-6,4449
292.2,10,-784.5,-0.001091,3.5E-6,4449
293.2,10,-794.3,-0.001094,3.5E-6,4449
294.2,10,-805.1,-0.001094,4.3E-6,4449
295.2,10,-816.7,-0.001096,3.9E-6,4449
296.2,10,-827.3,-0.001097,5.3E-6,4449
297.2,10,-837.1,-0.001101,6.1E-6,4449
298.2,10,-847.5,-0.001097,6.5E-6,4449
299.3,10,-856.5,-0.001095,5E-6,4449
300.3,10,-862.7,-0.001087,5E-6,4449
301.2,10,-867.9,-0.001087,5.4E-6,4449
302.2,10,-872.5,-0.001093,3.8E-6,4449
303.2,10,-877,-0.001088,5.2E-6,4449
304.2,10,-881.1,-0.001087,4.5E-6,4449
305.3,10,-884.6,-0.001084,4.1E-6,4449
347.4,10,-999.7,-0.001079,6.3E-6,4417
354.9,10,-999.7,-0.001044,7.9E-6,4417
363.6,10,-1285.4,-0.001042,5.1E-6,4449
364.1,10,-1237,-0.001101,2.1E-5,4449
364.7,10,-1241.1,-0.001161,3.1E-5,4449
365.4,10,-1301.9,-0.001139,2.8E-5,4449
366.5,10,-1401,-0.001188,1.8E-5,4449
367.5,10,-1508.9,-0.001174,8E-6,4449
368.5,10,-1616.3,-0.001164,7.6E-6,4449
369.5,10,-1724.3,-0.001142,8E-6,4449
370.5,10,-1826.7,-0.001119,9.4E-5,4449
371.5,10,-1930.2,-0.001164,1E-5,4449
372.5,10,-2030.2,-0.001171,9.2E-6,4449
373.5,10,-2125.2,-0.001144,6.6E-5,4449
374.5,10,-2230.3,-0.001173,9.4E-6,4449
375.5,10,-2339.8,-0.001162,7.3E-6,4449
376.5,10,-2440.9,-0.001254,1.1E-4,4449
377.5,10,-2542,-0.001197,2.8E-5,4449
378.5,10,-2638.4,-0.001178,5E-5,4449
379.5,10,-2743.3,-0.001177,3.5E-5,4449
380.6,10,-2853.7,-0.001173,6.8E-6,4449
381.6,10,-2961.4,-0.001169,9.6E-6,4449
382.6,10,-3068,-0.001172,1.4E-5,4449
383.6,10,-3162.5,-0.001182,3.7E-5,4449
384.5,10,-3267.2,-0.001147,1.4E-5,4449
385.5,10,-3362.7,-0.001136,1.8E-4,4449
386.5,10,-3449.8,-0.001148,1.3E-5,4449
387.5,10,-3556.2,-0.001129,5E-5,4449
388.5,10,-3669.9,-0.001159,1E-5,4449
389.6,10,-3774.8,-0.001145,2.5E-5,4449
390.6,10,-3870.9,-0.001117,1.4E-5,4449
391.6,10,-3967.7,-0.001287,1.5E-4,4449
392.6,10,-4062.4,-0.001159,1.2E-5,4449
393.6,10,-4160.1,-0.001174,1.1E-5,4449
394.6,10,-4260.9,-0.00116,6.1E-5,4449
395.6,10,-4361,-0.001176,2.8E-5,4449
396.6,10,-4450.1,-0.001113,2.3E-4,4449
397.6,10,-4542.6,-0.001081,1.3E-5,4449
398.6,10,-4643.1,-0.001088,1.8E-5,4449
399.6,10,-4750.1,-0.001099,1.4E-5,4449
400.6,10,-4855.5,-0.001105,1.4E-5,4449
401.6,10,-4952.3,-0.001103,1.1E-4,4449
402.6,10,-5040.1,-0.001036,1.5E-4,4449
403.6,10,-5128,-0.0011,1.5E-5,4449
404.6,10,-5234.7,-0.001072,7E-5,4449
405.6,10,-5337.5,-0.001044,1.8E-5,4449
406.6,10,-5432.7,-9.995E-4,1.7E-4,4449
407.6,10,-5528.3,-0.001044,1.3E-5,4449
408.6,10,-5624.6,-0.001038,1.4E-5,4449
409.6,10,-5728.2,-0.001049,1.7E-5,4449
410.6,10,-5830.6,-0.001041,1.6E-5,4449
411.6,10,-5932.2,-0.001033,1.8E-5,4449
412.7,10,-6033.2,-0.001037,1.4E-5,4449
413.7,10,-6124.8,-0.001071,4.4E-5,4449
414.7,10,-6204.5,-0.001084,2.3E-4,4449
415.7,10,-6301.5,-0.001061,1.7E-5,4449
416.7,10,-6409.8,-0.001039,2E-5,4449
417.7,10,-6499.3,-0.00103,5.7E-5,4449
418.7,10,-6598.2,-0.001021,1.4E-5,4449
419.7,10,-6703.1,-0.00101,2.3E-5,4449
420.7,10,-6805.2,-0.001002,1.8E-5,4449
421.7,10,-6897.3,-9.747E-4,2.4E-5,4449
422.6,10,-6988.5,-9.979E-4,2.3E-5,4449
423.7,10,-7088.2,-9.747E-4,2E-5,4449
424.7,10,-7187.5,-9.718E-4,2.1E-5,4449
425.7,10,-7286.5,-9.985E-4,1.9E-5,4449
426.7,10,-7385.5,-9.686E-4,1.9E-5,4449
427.7,10,-7484.3,-9.658E-4,2.2E-5,4449
428.7,10,-7574,-9.562E-4,2E-5,4449
432.3,10,-7923.8,-9.658E-4,2E-5,4449
432.8,10,-7969.8,-9.743E-4,2.6E-5,4449
433.7,10,-8057.5,-9.83E-4,2.6E-5,4449
434.7,10,-8115.3,-9.386E-4,2.3E-5,4449
435.7,10,-8139.8,-9.317E-4,2.4E-5,4449
439.1,10,-8242.3,-7.762E-4,4.5E-4,4449
442.4,10,-8549.6,-9.566E-4,2E-5,4449
445.7,10,-8881.3,-8.605E-4,2.5E-5,4449
448.6,10,-9165.2,-9.034E-4,2.6E-5,4449
449.1,10,-9209.8,-8.845E-4,3.2E-5,4449
452.7,10,-9539.5,-7.751E-4,3.5E-5,4449
455.8,10,-9582.5,-7.916E-4,3.5E-5,4449
456.3,10,-9668.5,-7.642E-4,3E-5,4449
457.1,10,-9762.2,-8.248E-4,3.6E-5,4449
458,10,-9792.1,-8.594E-4,2.4E-5,4449
458.9,10,-9826.4,-8.433E-4,3E-5,4449
459.8,10,-9847.7,-8.689E-4,2.6E-5,4449
460.8,10,-9860.3,-8.347E-4,2.9E-5,4449
461.8,10,-9865.3,-8.568E-4,2.4E-5,4449
490.7,10,-9999.6,-8.108E-4,2.3E-5,4417
502.5,10,-9766.2,-6.679E-4,2.9E-5,4465
505.7,10,-9450.2,-2.575E-4,2.8E-5,4465
508.9,10,-9062.3,1.055E-5,6.7E-6,4465
511.8,10,-8690.1,4.434E-6,1.9E-6,4465
515,10,-8309.8,1.305E-5,3.6E-6,4465
518.3,10,-7896.2,-1.631E-5,1.5E-5,4465
521.6,10,-7500.6,8.871E-8,3.2E-8,4465
524.7,10,-7129.7,-5.185E-5,3E-5,4465
528.3,10,-6696.6,-9.177E-6,1.4E-5,4465
531.5,10,-6337.2,-2.243E-5,7.1E-5,4465
534.5,10,-5962,-3.732E-6,1.2E-5,4465
535.1,10,-5905.5,-4.972E-6,1.2E-5,4465
536.1,10,-5785.5,-4.837E-5,2.3E-5,4465
539.7,10,-5349.5,5.216E-5,9E-6,4465
542.9,10,-4978.2,-9.349E-6,7.8E-6,4465
543.4,10,-4925.7,2.512E-5,9E-6,4465
544.2,10,-4827.8,3.653E-5,7.5E-6,4465
545.1,10,-4730,5.297E-5,1.4E-5,4465
546.1,10,-4611.3,2.356E-5,6.5E-6,4465
547.1,10,-4482.2,5.29E-5,7.2E-6,4465
548.2,10,-4363.7,4.234E-5,7.5E-6,4465
549.2,10,-4255.7,7.102E-6,4.8E-6,4465
550.1,10,-4147.7,-3.872E-6,5.7E-6,4465
551.2,10,-4018.9,-1.276E-5,6.8E-5,4465
552.2,10,-3900.6,4.698E-6,7.3E-6,4465
553.1,10,-3792.9,-8.61E-7,2.2E-6,4465
554.1,10,-3674.6,9.708E-6,7.8E-6,4465
555.2,10,-3552.9,4.532E-5,1E-5,4465
556.2,10,-3434.7,4.085E-5,8.3E-6,4465
557.1,10,-3327,7.31E-5,1.1E-5,4465
558.2,10,-3209,6.413E-5,9.8E-6,4465
559.2,10,-3091.1,6.849E-5,9.8E-6,4465
560.3,10,-2962.8,7.562E-5,6.4E-6,4465
561.2,10,-2859.5,7.324E-5,8.9E-6,4465
562.2,10,-2815.9,6.338E-5,5.6E-6,4465
563.2,10,-2796.9,6.071E-5,8.7E-6,4465
564.2,10,-2789.6,4.36E-5,5.1E-6,4465
565.2,10,-2695.4,3.138E-5,6.6E-6,4465
566.2,10,-2571.6,7.619E-5,7.2E-6,4465
567.2,10,-2492.1,7.754E-5,9.4E-6,4465
568.2,10,-2394.5,1.225E-4,7.7E-6,4465
569.2,10,-2281.2,1.156E-4,6.9E-6,4465
570.2,10,-2152.3,1.276E-4,6E-6,4465
571.3,10,-2036,1.431E-4,7.3E-6,4465
572.2,10,-1929.8,1.271E-4,6.4E-6,4465
573.2,10,-1813.3,1.336E-4,4.8E-6,4465
574.2,10,-1696.8,1.441E-4,5.7E-6,4465
575.2,10,-1590.7,1.363E-4,6.6E-6,4465
576.2,10,-1475.5,1.525E-4,6.1E-6,4465
577.2,10,-1390.2,1.562E-4,4.4E-6,4465
578.2,10,-1359,1.482E-4,4.5E-6,4465
579.2,10,-1346.9,1.368E-4,3.5E-6,4465
580.2,10,-1343.2,1.327E-4,4.1E-6,4465
581.3,10,-1239.6,1.701E-4,4.2E-6,4465
582.3,10,-1116.2,1.787E-4,2.7E-6,4465
583.2,10,-1082.7,1.819E-4,3.5E-6,4465
584.2,10,-1064.6,1.804E-4,3E-6,4465
585.2,10,-1056.7,1.651E-4,3.1E-6,4465
586.2,10,-1053.4,1.584E-4,3E-6,4465
614.3,10,-1000.3,1.32E-4,3E-6,4417
622,10,-1000.2,1.22E-4,3E-6,4417
631.2,10,-955.5,1.135E-4,2.3E-6,4449
631.6,10,-951.5,1.291E-4,3.3E-6,4449
632.4,10,-942.8,1.589E-4,2.9E-6,4449
633.4,10,-932,1.769E-4,2.7E-6,4449
634.5,10,-921,1.812E-4,2E-6,4449
635.4,10,-910.9,1.849E-4,3E-6,4449
636.4,10,-899.7,1.868E-4,2.6E-6,4449
637.4,10,-888.5,1.915E-4,2.1E-6,4449
638.4,10,-877.3,1.857E-4,3.3E-6,4449
639.4,10,-866,1.93E-4,2.3E-6,4449
640.4,10,-854.8,1.951E-4,3.6E-6,4449
641.5,10,-843.6,1.963E-4,3.1E-6,4449
642.4,10,-833.3,1.956E-4,2.7E-6,4449
643.4,10,-823,1.955E-4,2.3E-6,4449
644.5,10,-811.3,1.993E-4,2.5E-6,4449
645.5,10,-800.1,2.011E-4,2E-6,4449
646.4,10,-789.8,2.006E-4,2.3E-6,4449
647.4,10,-778.5,2.1E-4,1.7E-6,4449
648.5,10,-767.2,2.095E-4,2E-6,4449
649.4,10,-755.9,2.036E-4,1.7E-6,4449
650.4,10,-744.6,2.001E-4,2E-6,4449
651.5,10,-733.4,2.069E-4,2.1E-6,4449
652.5,10,-722.2,2.079E-4,3.2E-6,4449
653.5,10,-710.9,2.078E-4,2E-6,4449
654.6,10,-699.6,2.072E-4,2.1E-6,4449
655.5,10,-689.4,2.078E-4,2.6E-6,4449
656.5,10,-678.1,2.122E-4,2E-6,4449
657.5,10,-666.6,2.16E-4,2.1E-6,4449
658.5,10,-655.2,2.172E-4,1.8E-6,4449
659.5,10,-643.7,2.201E-4,2E-6,4449
660.5,10,-633.3,2.236E-4,1.9E-6,4449
661.5,10,-622.1,2.235E-4,1.7E-6,4449
662.5,10,-610.9,2.232E-4,1.5E-6,4449
663.5,10,-600.5,2.258E-4,2E-6,4449
664.5,10,-589.3,2.303E-4,1.5E-6,4449
665.5,10,-578.1,2.326E-4,1.4E-6,4449
666.5,10,-566.9,2.356E-4,1.5E-6,4449
667.6,10,-555.7,2.383E-4,1.8E-6,4449
668.6,10,-545.5,2.394E-4,1.5E-6,4449
669.6,10,-534.4,2.413E-4,1.1E-6,4449
670.6,10,-522.8,2.441E-4,1.1E-6,4449
671.5,10,-511.6,2.442E-4,1.3E-6,4449
672.5,10,-500.4,2.465E-4,1.3E-6,4449
673.5,10,-489.2,2.48E-4,1.3E-6,4449
674.6,10,-478.1,2.531E-4,1.4E-6,4449
675.6,10,-467.9,2.551E-4,1.1E-6,4449
676.6,10,-456.8,2.6E-4,1.3E-6,4449
677.6,10,-445.6,2.602E-4,1.1E-6,4449
678.6,10,-434.4,2.637E-4,1.3E-6,4449
679.6,10,-423.2,2.637E-4,1.1E-6,4449
680.6,10,-412.8,2.7E-4,1.3E-6,4449
681.6,10,-401.2,2.724E-4,1.4E-6,4449
682.6,10,-389.9,2.743E-4,9.7E-7,4449
683.6,10,-379.6,2.71E-4,1.3E-6,4449
684.6,10,-368.4,2.736E-4,8.5E-7,4449
685.6,10,-357.6,2.797E-4,1.3E-6,4449
686.6,10,-346.6,2.809E-4,1E-6,4449
687.6,10,-335.3,2.848E-4,8.5E-7,4449
688.6,10,-324,2.888E-4,1.4E-6,4449
689.7,10,-312.8,2.934E-4,1.3E-6,4449
690.6,10,-302.5,2.969E-4,1.1E-6,4449
691.7,10,-290.6,3.002E-4,8.3E-7,4449
692.8,10,-278.5,3.055E-4,9.6E-7,4449
693.7,10,-268.5,3.058E-4,1.4E-6,4449
694.6,10,-258.5,3.071E-4,9.4E-7,4449
695.6,10,-248.5,3.155E-4,1.3E-6,4449
696.7,10,-237.2,3.155E-4,1E-6,4449
697.6,10,-226,3.197E-4,8.8E-7,4449
698.6,10,-216,3.218E-4,1.2E-6,4449
699.7,10,-205,3.232E-4,9.7E-7,4449
700.7,10,-193.9,3.322E-4,1.2E-6,4449
701.7,10,-181.9,3.373E-4,1.1E-6,4449
702.7,10,-170.8,3.39E-4,9.1E-7,4449
703.7,10,-160.8,3.451E-4,1.2E-6,4449
704.7,10,-149.8,3.472E-4,1.1E-6,4449
705.6,10,-139.6,3.484E-4,1.7E-6,4449
706.7,10,-128.6,3.543E-4,1.2E-6,4449
707.7,10,-117.4,3.594E-4,1.5E-6,4449
708.7,10,-107.1,3.621E-4,1.3E-6,4449
709.7,10,-96,3.67E-4,1E-6,4449
710.7,10,-84.1,3.727E-4,1.3E-6,4449
711.7,10,-73.1,3.775E-4,1.1E-6,4449
712.7,10,-62.9,3.819E-4,9.5E-7,4449
713.7,10,-53,3.909E-4,1.1E-6,4449
714.7,10,-42.1,3.987E-4,1.4E-6,4449
715.7,10,-30.1,4.115E-4,1.1E-6,4449
716.7,10,-19.1,4.285E-4,1.6E-6,4449
717.7,10,-9.1,4.445E-4,2.1E-6,4449
718.7,10,0.8,4.756E-4,1.9E-6,4449
719.7,10,11.9,5.164E-4,2.3E-6,4449
720.7,10,23.3,5.627E-4,2.7E-6,4449
721.7,10,34.3,6.157E-4,2.5E-6,4449
722.7,10,45.3,6.581E-4,2.3E-6,4449
723.7,10,56.2,6.882E-4,2.1E-6,4449
724.7,10,67.2,7.1E-4,1.7E-6,4449
725.7,10,77.3,7.277E-4,1.9E-6,4449
726.8,10,88.5,7.474E-4,2E-6,4449
727.8,10,99.4,7.679E-4,1.8E-6,4449
728.7,10,109.4,7.821E-4,1.6E-6,4449
729.7,10,120.6,8.016E-4,1.7E-6,4449
730.8,10,132,8.16E-4,1.9E-6,4449
731.8,10,143.6,8.369E-4,2.3E-6,4449
732.8,10,154.8,8.547E-4,2E-6,4449
733.7,10,165.1,8.746E-4,2E-6,4449
734.7,10,176.3,8.922E-4,1.9E-6,4449
735.8,10,187.3,9.157E-4,2.2E-6,4449
736.8,10,198.3,9.298E-4,2.6E-6,4449
737.8,10,209.5,9.525E-4,2.2E-6,4449
738.8,10,220.5,9.719E-4,2.2E-6,4449
739.8,10,231.3,9.777E-4,2E-6,4449
740.8,10,242.2,9.897E-4,2.4E-6,4449
741.8,10,253.3,9.969E-4,3E-6,4449
742.8,10,263.5,0.001005,1.7E-6,4449
743.8,10,273.3,0.001013,2.3E-6,4449
744.8,10,283.7,0.001022,2.7E-6,4449
745.8,10,293.7,0.001029,3E-6,4449
746.8,10,303.4,0.001034,2.7E-6,4449
747.8,10,315,0.001041,2.3E-6,4449
748.9,10,326.4,0.001039,2.1E-6,4449
749.9,10,336.1,0.001051,2.9E-6,4449
750.9,10,346,0.001055,2.6E-6,4449
751.9,10,357.1,0.001064,3.1E-6,4449
752.9,10,368.1,0.001072,2.7E-6,4449
753.9,10,379.1,0.001079,3.2E-6,4449
754.9,10,390.2,0.001081,3.2E-6,4449
755.8,10,400.3,0.001088,3E-6,4449
756.8,10,411.3,0.001085,2.8E-6,4449
757.9,10,422.5,0.001088,2.5E-6,4449
758.9,10,432.5,0.001095,3.3E-6,4449
759.9,10,443.5,0.001087,2.9E-6,4449
760.9,10,454.7,0.001094,3E-6,4449
761.9,10,464.7,0.001101,3.7E-6,4449
762.9,10,475.5,0.001101,3.2E-6,4449
763.9,10,486.5,0.001108,3.9E-6,4449
764.9,10,497.4,0.001103,3.7E-6,4449
765.9,10,508.3,0.001112,3.6E-6,4449
766.9,10,519,0.00112,3.6E-6,4449
767.9,10,529.6,0.001117,3.5E-6,4449
768.9,10,539.5,0.001115,3.9E-6,4449
769.9,10,550.4,0.001114,4.3E-6,4449
770.9,10,560.8,0.001116,3.5E-6,4449
771.9,10,568.6,0.00113,3.9E-6,4449
772.9,10,574.7,0.001129,4.3E-6,4449
773.9,10,580.2,0.001126,5.7E-6,4449
774.9,10,584.9,0.001114,4.1E-6,4449
775.9,10,588.9,0.001121,3.7E-6,4449
776.9,10,592.5,0.001114,3.3E-6,4449
778,10,608.5,0.001118,3.3E-6,4449
779,10,626.4,0.001117,3E-6,4449
779.9,10,635.1,0.001122,2.6E-6,4449
780.9,10,644.8,0.001124,3.7E-6,4449
781.9,10,655.4,0.001128,4E-6,4449
782.9,10,666,0.001129,3.5E-6,4449
783.9,10,675.8,0.001131,3.7E-6,4449
784.9,10,686.7,0.001131,3.2E-6,4449
785.9,10,697.7,0.001135,4.2E-6,4449
786.9,10,708.7,0.001119,4.9E-6,4449
788,10,719.7,0.001122,3.5E-6,4449
789,10,729.8,0.001122,4.2E-6,4449
790,10,741.2,0.00113,4.7E-6,4449
791,10,753.8,0.001131,4.9E-6,4449
792,10,764.9,0.001126,5E-6,4449
793,10,775,0.001129,4.7E-6,4449
794,10,782.1,0.001089,4.6E-5,4449
795,10,790.6,0.001129,4.6E-6,4449
796,10,801.8,0.001135,5.3E-6,4449
797,10,811.9,0.001134,6.4E-6,4449
798,10,822.8,0.001136,5.7E-6,4449
799,10,833.6,0.001133,4.4E-6,4449
800,10,844.4,0.00114,6.1E-6,4449
801,10,855.2,0.001142,5.9E-6,4449
802,10,865.9,0.001134,6.4E-6,4449
803,10,876.5,0.001135,5.8E-6,4449
804,10,884.6,0.001139,5.5E-6,4449
805,10,891.2,0.001141,5.4E-6,4449
806,10,896.8,0.00114,5.2E-6,4449
807,10,901.5,0.001126,6.3E-6,4449
808,10,906.3,0.001125,3.8E-6,4449
809.1,10,910.7,0.001139,5E-6,4449
810.1,10,914.2,0.001132,6.4E-6,4449
850.2,10,1000.1,0.001103,4.3E-6,4417
857.6,10,999.9,0.001089,5.5E-6,4417
866,10,1000,0.001083,6.5E-6,4449
866.4,10,1116.4,0.001165,2.5E-5,4449
867.2,10,1253.6,0.001215,2.1E-5,4449
868.2,10,1327.5,0.001202,6.5E-6,4449
869.2,10,1426.6,0.001202,6.1E-6,4449
870.3,10,1531.9,0.001203,8.2E-6,4449
871.3,10,1638.8,0.001206,5.3E-5,4449
872.3,10,1734.2,0.001212,6.4E-6,4449
873.3,10,1841.9,0.001209,3E-5,4449
874.2,10,1949.6,0.001197,8.8E-6,4449
875.2,10,2046.5,0.001206,3.3E-5,4449
876.2,10,2153.2,0.001203,7.2E-6,4449
877.3,10,2261.9,0.001182,8.4E-6,4449
878.3,10,2362.1,0.001087,1.3E-4,4449
879.3,10,2460.9,0.001121,7E-5,4449
880.3,10,2568.4,0.001206,1E-5,4449
881.3,10,2677.2,0.001204,8.5E-6,4449
882.3,10,2773.8,0.001199,2.6E-5,4449
883.3,10,2879.5,0.001183,1.1E-5,4449
884.3,10,2989.7,0.001181,1.1E-5,4449
885.3,10,3090.6,0.0011,1.1E-4,4449
886.3,10,3183,0.001025,1.4E-4,4449
887.3,10,3273.2,0.001144,1.1E-5,4449
888.3,10,3381.6,0.001157,2E-5,4449
889.3,10,3488.3,0.001167,1.7E-5,4449
890.3,10,3592.4,0.001131,4E-5,4449
891.3,10,3694.4,0.001132,6.9E-5,4449
892.3,10,3776.1,0.001154,2.3E-4,4449
893.3,10,3871.8,0.001144,1.3E-5,4449
894.3,10,3981.5,0.001148,1.1E-5,4449
895.3,10,4079.1,0.001132,1.5E-5,4449
896.4,10,4184.8,0.001134,1.7E-5,4449
897.4,10,4287.6,0.001148,6.7E-5,4449
898.3,10,4377.1,0.001356,3.1E-4,4449
901.8,10,4719.6,0.001084,4.8E-5,4449
904.8,10,4999.7,8.011E-4,1.9E-4,4449
905.3,10,5045.1,0.001061,3E-5,4449
906.3,10,5148.1,0.001092,1.8E-5,4449
907.4,10,5264.6,0.001075,1.6E-5,4449
908.4,10,5371,0.001087,3.1E-5,4449
909.4,10,5464.3,0.001063,1.7E-5,4449
910.4,10,5556.7,0.00108,5.5E-5,4449
911.4,10,5646.4,0.001285,2.7E-4,4449
915,10,6004.7,0.001003,1.8E-5,4449
915.5,10,6058.6,9.906E-4,2.2E-5,4449
916.4,10,6147.6,8.537E-4,1E-4,4449
919.9,10,6460.9,0.001077,1.2E-4,4449
920.4,10,6519,0.001012,1.5E-5,4449
921.4,10,6625.8,0.001071,1.3E-5,4449
922.4,10,6719.3,9.938E-4,1.6E-5,4449
923.4,10,6820.3,9.989E-4,1.3E-5,4449
924.4,10,6920.6,9.853E-4,2E-5,4449
928.3,10,7291.3,9.623E-4,1.8E-5,4449
931.4,10,7590,9.044E-4,1.9E-5,4449
934.7,10,7862.3,9.396E-4,2.4E-5,4449
935.1,10,7871.3,8.323E-4,7.7E-4,4449
935.7,10,7937,8.951E-4,2.1E-5,4449
939.5,10,8221.2,9.022E-4,2.2E-5,4449
939.7,10,8224.1,8.907E-4,2E-5,4449
943.3,10,8429.2,0.001003,9.6E-5,4449
943.7,10,8457.7,9.455E-4,2.2E-5,4449
944.5,10,8531.1,9.682E-4,2E-5,4449
945.5,10,8619.2,0.001014,1.7E-5,4449
946.5,10,8717.5,9.575E-4,1.9E-5,4449
950.7,10,9121.5,8.793E-4,2.2E-5,4449
953.7,10,9419.3,9.037E-4,2.1E-5,4449
954,10,9445.2,8.775E-4,1.9E-5,4449
954.7,10,9505.7,8.903E-4,2.1E-5,4449
955.5,10,9584.9,8.755E-4,2.1E-5,4449
959,10,9685.3,8.42E-4,2.7E-5,4449
962.2,10,9929.9,8.522E-4,2.5E-5,4449
962.7,10,9941.1,8.512E-4,2.4E-5,4449
963.6,10,9961,7.992E-4,2.7E-5,4449
989.4,10,9999.6,7.011E-4,3.2E-5,4417
1011.4,10.25,9999.9,6.596E-4,1.8E-5,4422
1018.9,10.65,9999.8,5.883E-4,2.4E-5,4422
1026.2,11.25,9999.9,6.546E-4,1.5E-5,4422
1026.7,11.28,10000,6.193E-4,1.6E-5,4422
1028.7,11.48,9999.9,6.072E-4,1.8E-5,4422
1037.2,12.49,10000.1,5.513E-4,2.2E-5,4422
1044.2,13.49,10000,5.967E-4,1.7E-5,4422
1051.7,14.67,10000.1,5.719E-4,1.8E-5,4422
1058.5,15.64,9999.9,4.91E-4,1.1E-5,4422
1065.8,16.49,9999.9,4.11E-4,2E-5,4422
1072.8,17.2,10000,4.772E-4,1.2E-5,4422
1079.8,17.87,10000,4.346E-4,1.5E-5,4422
1087.2,18.47,10000,4.565E-4,1.4E-5,4422
1087.4,18.48,10000.1,4.541E-4,1.3E-5,4422
1089,18.59,10000.1,4.653E-4,1.3E-5,4422
1091.9,18.78,10000.1,4.325E-4,1.5E-5,4422
1100.5,19.22,10000.1,4.225E-4,1.6E-5,4422
1108.1,19.52,10000,4.188E-4,1.3E-5,4422
1115.2,19.72,10000.1,4.739E-4,1.4E-5,4422
1122.5,19.79,10000.2,4.323E-4,1.5E-5,4422
1129.8,19.76,10000,4.661E-4,1.5E-5,4422
1136.8,19.7,10000.1,4.269E-4,1.1E-5,4422
1144.1,19.71,10000.2,4.51E-4,1.4E-5,4422
1151.2,19.74,10000.2,3.882E-4,1.1E-5,4422
1158.2,19.77,10000.3,4.007E-4,1.2E-5,4422
1165.5,19.77,10000.2,4.615E-4,1.2E-5,4422
1165.8,19.77,10000.2,4.543E-4,1.2E-5,4422
1167.4,19.77,10000.2,4.212E-4,1.2E-5,4422
1170.2,19.77,10000.2,3.784E-4,1.1E-5,4422
1173.2,19.76,10000.1,4.146E-4,1.2E-5,4422
1176.2,19.77,10000.2,4.314E-4,1E-5,4422
1184.9,19.79,10000.2,3.93E-4,1.4E-5,4422
1185.8,19.79,10000.2,4.196E-4,1.3E-5,4422
1193.6,19.8,10000.2,4.316E-4,1.1E-5,4421
1200.9,19.81,10000.2,4.147E-4,1.4E-5,4421
1208,19.81,10000.3,4.297E-4,1.2E-5,4421
1209.5,19.81,10000.1,4.524E-4,1.3E-5,4421
1212.4,19.81,10000.2,4.555E-4,1.2E-5,4421
1220.9,19.83,10000.2,4.377E-4,1.3E-5,4421
1221.9,19.83,10000.1,4.221E-4,1.4E-5,4421
1230.1,19.84,10000.2,4.417E-4,1.3E-5,4421
1231.1,19.84,10000.2,4.426E-4,1.5E-5,4421
1233.4,19.84,10000.2,4.477E-4,1.5E-5,4421
1241.8,19.84,10000.3,3.784E-4,1.6E-5,4421
1248.9,19.84,10000.2,3.947E-4,1.6E-5,4421
1256.2,19.85,10000.4,3.86E-4,1.9E-5,4421
1263.3,19.86,10000.3,4.196E-4,1.5E-5,4421
1270.7,19.87,10000.4,3.732E-4,1.9E-5,4421
1277.7,19.87,10000.2,4.553E-4,1.9E-5,4421
1278.9,19.87,10000.3,3.763E-4,1.7E-5,4421
1287.2,19.88,10000.2,3.965E-4,2E-5,4421
1294.7,19.88,10000.2,3.856E-4,1.4E-5,4421
1295,19.88,10000.2,4.129E-4,1.5E-5,4421
1302.5,19.89,10000.2,3.582E-4,1.7E-5,4421
1321.3,19.9,10000.3,3.643E-4,3E-5,4417
1332.9,19.91,9610.9,3.69E-4,2.8E-5,4465
1335.8,19.91,9541.9,2.252E-4,3.7E-5,4465
1339.1,19.91,9138,1.794E-4,2.8E-5,4465
1342.3,19.91,8732.3,1.879E-4,2.6E-5,4465
1342.6,19.91,8698.8,2.085E-4,2.6E-5,4465
1343.2,19.91,8620.9,1.517E-4,2.6E-5,4465
1346.5,19.91,8219.2,2.172E-4,2.6E-5,4465
1350.1,19.92,7777.3,1.908E-4,2.3E-5,4465
1350.3,19.92,7755.6,1.932E-4,2.2E-5,4465
1351,19.92,7675.8,2.049E-4,1.8E-5,4465
1351.9,19.92,7552.7,2.075E-4,1.9E-5,4465
1352.9,19.92,7429.7,1.698E-4,2E-5,4465
1353.9,19.92,7317.9,2.215E-4,1.7E-5,4465
1354.9,19.92,7195.7,1.988E-4,2.3E-5,4465
1356,19.92,7062.8,2.478E-4,2.1E-5,4465
1357,19.92,6951.7,2.635E-4,2.3E-5,4465
1357.9,19.92,6840.8,2.556E-4,2.2E-5,4465
1359,19.92,6708.7,2.496E-4,2.6E-5,4465
1360,19.92,6587.4,2.115E-4,2.3E-5,4465
1361,19.92,6477.1,2.246E-4,1.9E-5,4465
1362,19.92,6367,2.401E-4,2.8E-5,4465
1363,19.92,6246.4,2.401E-4,1.4E-5,4465
1366.6,19.93,5804.7,2.292E-4,1.7E-5,4465
1369.7,19.93,5449.2,2.423E-4,2.2E-5,4465
1370.1,19.93,5393.1,2.12E-4,2.3E-5,4465
1371,19.93,5294.8,2.674E-4,2.2E-5,4465
1372,19.93,5186,2.575E-4,2.2E-5,4465
1373,19.93,5067,2.39E-4,1.7E-5,4465
1374,19.93,4937.6,2.373E-4,2E-5,4465
1375,19.93,4815.1,2.391E-4,1.7E-5,4465
1376,19.93,4706.8,2.442E-4,1.7E-5,4465
1377,19.93,4598.6,2.6E-4,1.7E-5,4465
1378,19.93,4480,2.567E-4,1.5E-5,4465
1379.1,19.93,4361.4,2.317E-4,1.5E-5,4465
1380.1,19.93,4242.9,2.34E-4,2E-5,4465
1381.1,19.93,4124.6,2.242E-4,1.8E-5,4465
1382.1,19.93,4006.3,2.286E-4,1.6E-5,4465
1383.1,19.93,3887.9,2.162E-4,1.4E-5,4465
1384.1,19.93,3780.1,2.37E-4,1.2E-5,4465
1385,19.93,3661.7,2.392E-4,9.3E-6,4465
1386.1,19.93,3543.4,2.521E-4,1E-5,4465
1387.1,19.93,3425.2,2.317E-4,1.1E-5,4465
1388.1,19.93,3303.7,2.399E-4,8.2E-6,4465
1389.1,19.94,3196.1,2.385E-4,1.1E-5,4465
1390.1,19.94,3078.1,2.349E-4,1E-5,4465
1391.1,19.94,2960.1,2.507E-4,8.1E-6,4465
1392.1,19.94,2873.4,2.247E-4,9.1E-6,4465
1393.1,19.94,2826.2,2.335E-4,9E-6,4465
1394.1,19.94,2810,2.432E-4,5.5E-6,4465
1395.1,19.94,2804.6,2.447E-4,7.1E-6,4465
1396.1,19.94,2705.9,2.511E-4,7.4E-6,4465
1397.1,19.94,2574.3,2.403E-4,7.5E-6,4465
1398.1,19.94,2490.8,2.306E-4,6.4E-6,4465
1399.1,19.94,2392.6,2.273E-4,6.3E-6,4465
1400.1,19.94,2279.3,2.203E-4,5.5E-6,4465
1401.1,19.94,2160.9,2.132E-4,6E-6,4465
1402.1,19.94,2055.1,2.024E-4,5.5E-6,4465
1403.1,19.94,1938.5,2.022E-4,5.8E-6,4465
1404.1,19.94,1821.9,1.962E-4,6.5E-6,4465
1405.1,19.94,1715.7,1.728E-4,4.3E-6,4465
1406.1,19.94,1599.3,1.785E-4,4.9E-6,4465
1407.1,19.94,1484.3,1.608E-4,4.6E-6,4465
1408.2,19.94,1407.8,1.687E-4,4.6E-6,4465
1409.2,19.94,1377.6,1.802E-4,4.9E-6,4465
1410.1,19.94,1367.7,1.938E-4,5.1E-6,4465
1411.1,19.94,1363.7,1.924E-4,4.9E-6,4465
1412.2,19.94,1259,1.495E-4,3.5E-6,4465
1413.2,19.94,1133.3,1.357E-4,3.1E-6,4465
1414.1,19.94,1100.5,1.395E-4,2.6E-6,4465
1415.1,19.94,1085.1,1.475E-4,2.7E-6,4465
1416.2,19.94,1078.2,1.54E-4,2.5E-6,4465
1417.2,19.94,1075.2,1.64E-4,2.9E-6,4465
1445.3,19.95,1000.5,2.094E-4,2.2E-6,4417
1452.5,19.95,1000.3,2.046E-4,2.8E-6,4417
1460.8,19.95,941,2.169E-4,3.2E-6,4449
1461.3,19.95,937.6,1.964E-4,3.3E-6,4449
1462.3,19.95,929.9,1.711E-4,2.7E-6,4449
1463.3,19.95,920.9,1.621E-4,2.3E-6,4449
1464.3,19.95,910.2,1.558E-4,3E-6,4449
1465.3,19.96,899.5,1.495E-4,2.8E-6,4449
1466.3,19.96,889.4,1.508E-4,3E-6,4449
1467.3,19.96,878.3,1.508E-4,2.2E-6,4449
1468.4,19.96,866.3,1.476E-4,2.8E-6,4449
1469.4,19.96,855.1,1.454E-4,2E-6,4449
1470.3,19.96,844.9,1.477E-4,2.5E-6,4449
1471.3,19.96,833.8,1.447E-4,1.5E-6,4449
1472.4,19.96,821.6,1.377E-4,1.8E-6,4449
1473.4,19.96,810.3,1.369E-4,1.6E-6,4449
1474.3,19.96,800.1,1.385E-4,1.5E-6,4449
1475.3,19.96,790.3,1.32E-4,1.4E-6,4449
1476.4,19.96,779.4,1.277E-4,1.4E-6,4449
1477.4,19.96,768.1,1.284E-4,1.8E-6,4449
1478.3,19.96,758,1.301E-4,1.8E-6,4449
1479.4,19.96,746.8,1.247E-4,1.7E-6,4449
1480.4,19.96,735.7,1.264E-4,2.3E-6,4449
1481.4,19.96,724.5,1.241E-4,1.9E-6,4449
1482.4,19.96,713.3,1.273E-4,1.5E-6,4449
1483.4,19.96,702,1.253E-4,1.6E-6,4449
1484.4,19.96,690.8,1.209E-4,1.4E-6,4449
1485.4,19.96,680.6,1.216E-4,1.6E-6,4449
1486.4,19.96,669.3,1.146E-4,1.9E-6,4449
1487.4,19.96,658.1,1.184E-4,1.5E-6,4449
1488.4,19.96,647.9,1.191E-4,1.6E-6,4449
1489.4,19.96,636.7,1.165E-4,1.6E-6,4449
1490.4,19.96,625.1,1.113E-4,2.2E-6,4449
1491.4,19.96,613.9,1.11E-4,1.9E-6,4449
1492.4,19.96,602.8,1.103E-4,1.6E-6,4449
1493.5,19.96,591.6,1.081E-4,1.4E-6,4449
1494.5,19.96,580.5,1.056E-4,1.6E-6,4449
1495.4,19.96,570.3,1.066E-4,1.4E-6,4449
1496.4,19.96,559,1.036E-4,1.5E-6,4449
1497.4,19.96,547.9,1.032E-4,1.8E-6,4449
1498.4,19.96,537.8,9.789E-5,1.5E-6,4449
1499.4,19.96,526.5,9.467E-5,1.4E-6,4449
1500.4,19.96,515.3,9.662E-5,1.2E-6,4449
1501.4,19.96,505,9.611E-5,1.4E-6,4449
1502.5,19.96,494,9.125E-5,1.2E-6,4449
1503.5,19.96,482.5,9.052E-5,1.3E-6,4449
1504.5,19.96,471.2,8.22E-5,1.1E-6,4449
1505.5,19.96,460.2,7.781E-5,1.2E-6,4449
1506.5,19.96,449,7.648E-5,1.7E-6,4449
1507.5,19.96,437.8,7.176E-5,1.2E-6,4449
1508.4,19.96,427.7,7.167E-5,1.1E-6,4449
1509.5,19.96,416.5,6.679E-5,1.1E-6,4449
1510.5,19.96,405.4,6.62E-5,9.5E-7,4449
1511.5,19.96,395.2,6.577E-5,9.3E-7,4449
1512.5,19.97,384.1,6.43E-5,8.2E-7,4449
1513.5,19.97,373,6.163E-5,1.1E-6,4449
1514.5,19.97,361.6,5.873E-5,8E-7,4449
1515.5,19.97,350.4,5.689E-5,9.3E-7,4449
1516.5,19.97,339.3,5.289E-5,8.1E-7,4449
1517.5,19.97,328.2,4.828E-5,9.6E-7,4449
1518.5,19.97,318.1,4.49E-5,6.6E-7,4449
1519.5,19.97,307,4.341E-5,6.9E-7,4449
1520.5,19.97,295.9,4.09E-5,6.3E-7,4449
1521.5,19.97,284.8,3.752E-5,6.4E-7,4449
1522.5,19.96,273.8,3.17E-5,5.6E-7,4449
1523.5,19.96,263.7,3.158E-5,5.2E-7,4449
1524.6,19.96,252.5,2.623E-5,7.1E-7,4449
1525.6,19.96,241.4,2.232E-5,7E-7,4449
1526.6,19.96,230.4,1.834E-5,6.8E-7,4449
1527.6,19.96,219,1.473E-5,7.5E-7,4449
1528.6,19.97,208.9,1.189E-5,9.2E-7,4449
1529.6,19.97,198.7,1.107E-5,5.8E-7,4449
1530.6,19.97,187.8,5.964E-6,6.5E-7,4449
1531.6,19.97,175.8,1.188E-6,5.3E-7,4449
1532.6,19.97,164.7,-2.577E-6,6E-7,4449
1533.6,19.97,154.6,-6.673E-6,7.3E-7,4449
1534.6,19.97,143.6,-9.244E-6,7.3E-7,4449
1535.6,19.97,132.6,-1.387E-5,6.6E-7,4449
1536.6,19.97,121.5,-1.64E-5,6.9E-7,4449
1537.6,19.97,110.5,-2.357E-5,7.4E-7,4449
1538.6,19.97,100.4,-2.762E-5,7.9E-7,4449
1539.6,19.97,89.5,-3.149E-5,7.3E-7,4449
1540.6,19.97,78.2,-3.709E-5,8.4E-7,4449
1541.6,19.97,68.2,-4.274E-5,8.3E-7,4449
1542.6,19.97,57.2,-4.861E-5,1E-6,4449
1543.6,19.97,45.1,-5.422E-5,8.1E-7,4449
1544.6,19.97,35,-6.279E-5,1E-6,4449
1545.6,19.97,24.9,-7.326E-5,9.2E-7,4449
1546.6,19.97,13.4,-8.451E-5,1.2E-6,4449
1547.6,19.97,2.2,-1.003E-4,1.1E-6,4449
1548.6,19.97,-8.9,-1.199E-4,1.5E-6,4449
1549.6,19.97,-20,-1.539E-4,2.3E-6,4449
1550.7,19.97,-31.1,-1.999E-4,2.8E-6,4449
1551.6,19.97,-41.2,-2.577E-4,3.1E-6,4449
1552.6,19.97,-52.3,-3.088E-4,2.3E-6,4449
1553.7,19.97,-63.6,-3.448E-4,1.7E-6,4449
1554.7,19.97,-74.5,-3.687E-4,1.5E-6,4449
1555.7,19.97,-85.4,-3.904E-4,1.4E-6,4449
1556.7,19.97,-96.4,-4.099E-4,1.4E-6,4449
1557.7,19.97,-107.3,-4.321E-4,1.4E-6,4449
1573.6,19.96,-277.7,0,0,4449
1585.9,19.99,-402,-7.13E-4,2.2E-6,4449
1586.2,19.99,-404.8,-7.134E-4,2.3E-6,4449
1586.9,19.99,-411.4,-7.201E-4,2.2E-6,4449
1587.8,19.99,-420.3,-7.249E-4,2.1E-6,4449
1588.7,19.99,-431.1,-7.194E-4,2.6E-6,4449
1589.8,19.98,-441.9,-7.288E-4,2.9E-6,4449
1590.8,19.98,-451.8,-7.276E-4,2.8E-6,4449
1591.8,19.98,-462.5,-7.307E-4,2.7E-6,4449
1592.8,19.98,-473.7,-7.357E-4,2.6E-6,4449
1593.8,19.98,-484.6,-7.358E-4,2E-6,4449
1594.8,19.98,-495.4,-7.442E-4,2.3E-6,4449
1595.8,19.98,-506.2,-7.472E-4,2.2E-6,4449
1596.8,19.98,-517,-7.499E-4,1.9E-6,4449
1597.8,19.98,-527.7,-7.483E-4,2E-6,4449
1598.8,19.97,-537.3,-7.525E-4,2.3E-6,4449
1599.8,19.97,-544.1,-7.585E-4,2E-6,4449
1600.8,19.97,-550.1,-7.592E-4,2.1E-6,4449
1601.8,19.97,-555.4,-7.606E-4,2.4E-6,4449
1602.8,19.97,-559.8,-7.603E-4,2.8E-6,4449
1603.8,19.97,-564.4,-7.464E-4,2.8E-6,4449
1604.8,19.97,-568.3,-7.562E-4,3E-6,4449
1605.8,19.97,-571.5,-7.516E-4,3E-6,4449
1606.8,19.97,-589.3,-7.638E-4,2.8E-6,4449
1607.8,19.97,-610.1,-7.708E-4,2.4E-6,4449
1608.8,19.97,-620.1,-7.666E-4,3.2E-6,4449
1609.9,19.97,-630.9,-7.694E-4,2.9E-6,4449
1610.9,19.97,-642.4,-7.738E-4,2.3E-6,4449
1611.9,19.97,-653.9,-7.75E-4,2.3E-6,4449
1612.8,19.97,-664.1,-7.716E-4,2.1E-6,4449
1613.8,19.98,-675.2,-7.736E-4,2E-6,4449
1614.9,19.98,-686.1,-7.792E-4,2.7E-6,4449
1615.9,19.98,-696.9,-7.777E-4,2.5E-6,4449
1616.9,19.98,-708.1,-7.764E-4,2.9E-6,4449
1617.9,19.98,-718.9,-7.83E-4,2.8E-6,4449
1618.9,19.98,-729.8,-7.806E-4,2.7E-6,4449
1619.9,19.98,-739.6,-7.803E-4,3.4E-6,4449
1620.9,19.98,-750.2,-7.793E-4,2.7E-6,4449
1621.9,19.99,-760.9,-7.842E-4,2.6E-6,4449
1622.9,19.99,-770.7,-7.768E-4,3.4E-6,4449
1623.9,19.99,-781.5,-7.778E-4,2.8E-6,4449
1624.9,19.99,-791.7,-7.105E-4,5.3E-5,4449
1625.9,19.99,-799.7,-7.555E-4,3.3E-5,4449
1626.9,19.99,-808.3,-7.874E-4,3.4E-6,4449
1628,19.99,-819.5,-7.907E-4,3.5E-6,4449
1628.9,19.99,-830.3,-7.954E-4,3E-6,4449
1629.9,19.99,-840.1,-7.905E-4,3E-6,4449
1630.9,19.99,-849.5,-7.927E-4,2.5E-6,4449
1631.9,19.99,-857.1,-7.97E-4,3.1E-6,4449
1632.9,19.98,-863.1,-8.031E-4,2.2E-6,4449
1633.9,19.98,-868.4,-8.095E-4,3E-6,4449
1634.9,19.98,-873.3,-7.993E-4,2.7E-6,4449
1635.9,19.98,-877.6,-7.993E-4,3E-6,4449
1637,19.98,-881.7,-7.948E-4,3.2E-6,4449
1638,19.98,-884.7,-7.884E-4,3.2E-6,4449
1674.1,19.99,-999.7,-7.789E-4,3.9E-6,4417
1681.5,19.98,-999.8,-7.511E-4,3.1E-6,4417
1690.4,19.98,-1245.2,-7.235E-4,4.6E-6,4449
1690.7,19.98,-1236.7,-7.555E-4,3.8E-5,4449
1691.3,19.99,-1241.5,-8.186E-4,2.3E-5,4449
1692.1,19.99,-1307.7,-8.134E-4,1E-5,4449
1693.1,19.99,-1409.2,-8.219E-4,6.2E-6,4449
1694.1,19.99,-1513.5,-8.108E-4,2.3E-5,4449
1695.2,19.99,-1615.8,-8.701E-4,7.7E-5,4449
1696.2,19.99,-1720.6,-8.205E-4,6.3E-6,4449
1697.2,19.99,-1830.1,-8.206E-4,6E-6,4449
1698.2,19.99,-1929.5,-8.301E-4,9.3E-6,4449
1699.2,19.99,-2035.5,-8.39E-4,4.6E-5,4449
1700.2,19.99,-2141.8,-8.011E-4,6.1E-6,4449
1701.1,19.99,-2241.1,-8.016E-4,8.7E-6,4449
1702.2,19.99,-2349.1,-8.165E-4,7.6E-6,4449
1703.2,19.99,-2447,-7.694E-4,1.5E-4,4449
1704.2,19.99,-2536.9,-8.06E-4,9.6E-6,4449
1705.2,19.99,-2646.7,-8.257E-4,8.9E-6,4449
1706.2,19.99,-2758.3,-8.29E-4,8.5E-6,4449
1707.2,19.99,-2860.2,-8.228E-4,8.6E-5,4449
1708.3,19.99,-2972.5,-7.988E-4,1E-5,4449
1709.3,19.99,-3081.1,-7.812E-4,9.3E-6,4449
1710.2,19.99,-3169.1,-7.699E-4,1.3E-4,4449
1711.2,19.99,-3257.8,-7.795E-4,9.6E-6,4449
1712.2,19.99,-3366.2,-7.642E-4,9.4E-6,4449
1713.2,19.99,-3471.3,-7.613E-4,3.5E-5,4449
1714.2,19.99,-3564.6,-7.105E-4,8.3E-5,4449
1715.2,19.99,-3669.7,-7.403E-4,1.3E-5,4449
1716.2,19.99,-3771.4,-6.883E-4,8.6E-5,4449
1717.2,19.99,-3852.3,-6.369E-4,2E-4,4449
1718.2,19.99,-3949.3,-6.809E-4,1.3E-5,4449
1719.2,19.99,-4061.2,-6.939E-4,1.3E-5,4449
1720.2,19.99,-4165.8,-7.467E-4,3.2E-5,4449
1721.2,19.99,-4269.7,-7.056E-4,1.5E-5,4449
1722.2,19.99,-4369.6,-6.919E-4,1.2E-4,4449
1723.3,19.99,-4459.3,-4.505E-4,3.4E-4,4449
1726.8,19.99,-4809.5,-6.761E-4,1.4E-5,4449
1730.4,19.99,-5151.1,-5.772E-4,2.1E-4,4449
1730.6,19.99,-5173.5,-6.612E-4,2.7E-5,4449
1731.3,19.99,-5242.8,-6.771E-4,1.2E-4,4449
1732.3,19.99,-5345.7,-6.246E-4,1.4E-5,4449
1733.3,19.99,-5446.4,-6.078E-4,4.7E-5,4449
1734.3,19.99,-5530.9,-6.622E-4,2.1E-4,4449
1735.3,19.99,-5628.2,-6.055E-4,1.5E-5,4449
1736.3,19.99,-5722.7,-5.17E-4,1.8E-4,4449
1737.3,19.99,-5816.8,-5.931E-4,1.8E-5,4449
1738.3,19.99,-5923.1,-6.027E-4,1.7E-5,4449
1739.3,19.99,-6011.3,-6.194E-4,2.1E-4,4449
1740.3,19.99,-6110.2,-5.732E-4,2E-5,4449
1741.3,19.99,-6216,-5.585E-4,2E-5,4449
1742.3,19.99,-6304.3,-5.211E-4,9.6E-5,4449
1743.3,19.99,-6404.9,-5.621E-4,1.9E-5,4449
1744.3,19.99,-6508.3,-5.527E-4,2.3E-5,4449
1745.3,19.99,-6609.9,-5.626E-4,2.3E-5,4449
1746.4,19.99,-6710.4,-5.26E-4,1.9E-5,4449
1749.8,19.99,-7025.2,-5.433E-4,2E-5,4449
1750.3,19.99,-7080.1,-5.411E-4,1.9E-5,4449
1751.4,19.99,-7182.8,-4.954E-4,2E-5,4449
1755.5,19.99,-7585.7,-5.532E-4,1.8E-5,4449
1755.7,19.99,-7611.9,-5.697E-4,1.9E-5,4449
1756.4,19.99,-7675.8,-5.6E-4,1.5E-5,4449
1757.4,19.99,-7774.4,-5.384E-4,1.7E-5,4449
1758.4,19.99,-7872.9,-5.339E-4,2.3E-5,4449
1759.4,19.99,-7962.7,-6.265E-4,2.4E-5,4449
1760.4,19.99,-8039.4,-6.794E-4,3.6E-4,4449
1764,19.99,-8153.2,-4.886E-4,1.6E-5,4449
1767.2,19.99,-8423,-5.1E-4,1.6E-5,4449
1767.6,19.99,-8430.1,-7.263E-4,3.1E-4,4449
1771.4,19.99,-8794.8,-5.25E-4,1.4E-5,4449
1771.7,19.99,-8824.2,-5.553E-4,2E-5,4449
1775,19.99,-9146.6,-5.005E-4,1.9E-5,4449
1778.4,19.99,-9455,-4.394E-4,1.6E-4,4449
1781.4,19.99,-9577.8,-4.937E-4,2.2E-5,4449
1781.7,19.99,-9579.1,-5.155E-4,1.5E-5,4449
1785.6,19.99,-9833.8,-5.942E-4,2.6E-5,4449
1785.8,19.99,-9838.3,-5.135E-4,1.9E-5,4449
1786.5,19.99,-9850,-5.744E-4,3.5E-5,4449
1817.6,19.99,-9999.6,-4.752E-4,2.7E-5,4417
1827,19.99,-9747.5,-3.518E-4,2.4E-5,4465
1830.3,19.99,-9461.3,-1.899E-4,3.3E-5,4465
1833.5,19.99,-9066.1,-3.042E-4,3.2E-5,4465
1833.8,19.99,-9021.2,-2.501E-4,1.7E-5,4465
1834.7,19.99,-8916.7,-2.639E-4,2.1E-5,4465
1838.6,19.99,-8449.2,-2.724E-4,1.9E-5,4465
1841.7,19.99,-8059.6,-2.474E-4,2.7E-5,4465
1842.1,19.99,-8001.3,-2.591E-4,2.2E-5,4465
1845.8,19.99,-7543.3,-2.403E-4,2.2E-5,4465
1846.1,19.99,-7517.9,-2.303E-4,1.8E-5,4465
1846.7,19.99,-7438.3,-2.036E-4,1.3E-5,4465
1847.7,19.99,-7326.5,-2.121E-4,2.1E-5,4465
1848.7,19.99,-7214.9,-2.521E-4,2.2E-5,4465
1849.7,20,-7092.7,-2.249E-4,2.2E-5,4465
1850.7,20,-6970.7,-2.408E-4,2.3E-5,4465
1851.7,20,-6849.1,-2.594E-4,1.9E-5,4465
1852.7,20,-6727.6,-2.27E-4,1.4E-5,4465
1853.7,20,-6617.1,-2.425E-4,1.8E-5,4465
1854.7,20,-6496,-2.855E-4,1.8E-5,4465
1855.7,20,-6375.1,-2.494E-4,1.8E-5,4465
1856.7,20,-6265.1,-2.208E-4,1.7E-5,4465
1857.7,20,-6144.7,-2.456E-4,1.7E-5,4465
1858.8,20,-6010.2,-2.437E-4,1.7E-5,4465
1859.8,20,-5890.1,-2.527E-4,1.5E-5,4465
1860.7,20,-5780.8,-2.641E-4,1.4E-5,4465
1861.7,20,-5661.1,-2.703E-4,1.7E-5,4465
1862.7,20,-5541.5,-2.527E-4,1.7E-5,4465
1863.7,20,-5422,-2.605E-4,1.4E-5,4465
1864.7,20,-5302.6,-2.633E-4,1.7E-5,4465
1865.7,20,-5193.8,-2.307E-4,1.5E-5,4465
1866.7,20,-5074.7,-2.191E-4,1.5E-5,4465
1867.8,20,-4955.6,-2.254E-4,1.1E-5,4465
1868.8,20,-4847.1,-2.077E-4,1.5E-5,4465
1869.7,20,-4724.8,-2.161E-4,1.3E-5,4465
1870.8,20,-4595.6,-2.182E-4,1.1E-5,4465
1871.8,20,-4477.1,-2.212E-4,1.3E-5,4465
1872.8,20,-4369,-2.168E-4,9.8E-6,4465
1873.8,20,-4261,-2.146E-4,1.2E-5,4465
1874.8,20,-4142.5,-2.177E-4,1.3E-5,4465
1875.8,20,-4024.1,-2.11E-4,9.7E-6,4465
1876.8,20,-3905.8,-2.487E-4,1.4E-5,4465
1877.8,20,-3787.4,-2.301E-4,9.7E-6,4465
1878.8,20,-3669.1,-2.278E-4,1.4E-5,4465
1879.8,20,-3551,-2.421E-4,1.5E-5,4465
1880.8,20,-3443.2,-2.27E-4,8.4E-6,4465
1881.8,20,-3325,-2.288E-4,1.2E-5,4465
1882.8,20,-3203.4,-2.231E-4,9.7E-6,4465
1883.8,20,-3095.8,-2.206E-4,7.7E-6,4465
1884.8,20,-2977.9,-2.15E-4,7.3E-6,4465
1885.8,20,-2872.2,-2.17E-4,7.7E-6,4465
1886.8,20,-2816.3,-2.267E-4,8.7E-6,4465
1887.8,20,-2796,-2.311E-4,7E-6,4465
1888.8,20,-2789.8,-2.361E-4,7.1E-6,4465
1889.8,20,-2694.2,-2.281E-4,9.4E-6,4465
1890.9,20,-2566,-2.018E-4,6.8E-6,4465
1891.9,20,-2486.2,-2.108E-4,7.1E-6,4465
1892.8,20,-2388.4,-2.189E-4,7.4E-6,4465
1893.8,20,-2285.6,-2.209E-4,9.1E-6,4465
1894.9,20,-2170.2,-2.053E-4,7.2E-6,4465
1895.9,20,-2050.7,-1.902E-4,6.6E-6,4465
1896.9,20,-1934.2,-1.911E-4,7.2E-6,4465
1897.9,20,-1817.8,-1.963E-4,7.4E-6,4465
1898.8,20,-1711.5,-1.927E-4,5.3E-6,4465
1899.8,20,-1595.2,-1.831E-4,6.4E-6,4465
1900.8,20,-1479.1,-1.626E-4,5.6E-6,4465
1901.8,20,-1400.1,-1.743E-4,4E-6,4465
1902.9,20,-1361.8,-1.814E-4,5.2E-6,4465
1903.9,20,-1348.2,-1.843E-4,3.7E-6,4465
1904.9,20,-1343.5,-1.987E-4,4.2E-6,4465
1905.9,20,-1242.4,-1.695E-4,5E-6,4465
1906.9,20,-1122.8,-1.396E-4,3.7E-6,4465
1907.9,20,-1087.3,-1.46E-4,3.3E-6,4465
1908.9,19.99,-1066.1,-1.513E-4,3E-6,4465
1909.9,19.99,-1057.7,-1.582E-4,3.3E-6,4465
1910.9,19.99,-1053.8,-1.73E-4,4.1E-6,4465
1939,20,-1000.3,-1.981E-4,2.9E-6,4417
1946.6,20,-1000.1,-2.059E-4,3.9E-6,4417
1955.6,19.99,-943.1,-2.076E-4,2.7E-6,4449
1956.1,19.99,-938.9,-1.831E-4,3.1E-6,4449
1957.1,19.99,-930.4,-1.486E-4,2.6E-6,4449
1958.1,19.99,-920.3,-1.334E-4,2.2E-6,4449
1959.1,19.99,-909.4,-1.302E-4,2.1E-6,4449
1960.1,19.99,-898.4,-1.378E-4,2.4E-6,4449
1961.1,20,-887.3,-1.437E-4,2.6E-6,4449
1962.1,20,-877.1,-1.428E-4,2.4E-6,4449
1963.1,20,-865.9,-1.365E-4,2E-6,4449
1964.1,20,-854.6,-1.336E-4,2.6E-6,4449
1965.1,20,-844.5,-1.356E-4,2.5E-6,4449
1966.1,20,-832.2,-1.292E-4,2.5E-6,4449
1967.2,20,-820.9,-1.292E-4,2.8E-6,4449
1968.1,20,-810.6,-1.313E-4,2.5E-6,4449
1969.1,20,-799.5,-1.356E-4,1.9E-6,4449
1970.1,20,-789.3,-1.371E-4,3E-6,4449
1971.1,20,-777.9,-1.292E-4,2.7E-6,4449
1972.1,20,-766.4,-1.226E-4,2E-6,4449
1973.1,20,-755.1,-1.226E-4,1.6E-6,4449
1974.1,20,-743.7,-1.249E-4,2.2E-6,4449
1975.1,20,-732.4,-1.219E-4,2.5E-6,4449
1976.1,20,-721.2,-1.257E-4,2.4E-6,4449
1977.2,20,-710,-1.209E-4,2.4E-6,4449
1978.2,20,-698.7,-1.211E-4,2.4E-6,4449
1979.2,20,-688.4,-1.155E-4,2.3E-6,4449
1980.2,20,-677.1,-1.113E-4,2E-6,4449
1981.1,20,-665.9,-1.159E-4,2E-6,4449
1982.2,20,-654.7,-1.062E-4,2.2E-6,4449
1983.2,20,-644.5,-1.075E-4,2.1E-6,4449
1984.1,20,-634.3,-1.062E-4,1.7E-6,4449
1985.1,20,-622.7,-9.806E-5,1.6E-6,4449
1986.1,20,-611.4,-9.994E-5,2.4E-6,4449
1987.2,20,-600.2,-9.643E-5,2E-6,4449
1988.2,20,-589,-9.753E-5,2.6E-6,4449
1989.2,20,-577.8,-9.481E-5,1.7E-6,4449
1990.2,20,-566.6,-9.345E-5,1.9E-6,4449
1991.2,20,-555.4,-8.903E-5,2E-6,4449
1992.2,20,-544.1,-8.825E-5,1.8E-6,4449
1993.2,20,-532.9,-8.668E-5,1.9E-6,4449
1994.2,20,-522.7,-8.716E-5,1.7E-6,4449
1995.2,20,-512.5,-8.354E-5,1.8E-6,4449
1996.2,20,-501.1,-7.94E-5,1.7E-6,4449
1997.2,20,-489.8,-7.715E-5,1.5E-6,4449
1998.3,20,-478.6,-7.275E-5,1.8E-6,4449
1999.3,20,-467.3,-7.077E-5,1.6E-6,4449
2000.2,20,-457.2,-6.85E-5,1.6E-6,4449
2001.2,20,-446,-6.585E-5,1.1E-6,4449
2002.2,20,-434.9,-6.5E-5,1.1E-6,4449
2003.2,20,-423.9,-6.579E-5,1.1E-6,4449
2004.3,20,-412.6,-6.398E-5,1.2E-6,4449
2005.2,20,-402.4,-5.729E-5,1E-6,4449
2006.2,20,-391.3,-5.827E-5,1.1E-6,4449
2007.2,20,-380.1,-5.586E-5,1E-6,4449
2008.2,20,-368.9,-5.337E-5,1.2E-6,4449
2009.2,20,-357.4,-4.963E-5,9.7E-7,4449
2010.2,20,-347.3,-4.826E-5,9.9E-7,4449
2011.2,20,-336.2,-4.564E-5,9.5E-7,4449
2012.2,20,-325.1,-4.253E-5,1.1E-6,4449
2013.2,20,-315,-3.721E-5,7.8E-7,4449
2014.3,20,-303.9,-3.41E-5,7.7E-7,4449
2015.3,19.99,-291.8,-3.195E-5,8.2E-7,4449
2016.3,19.99,-280.7,-2.724E-5,9.8E-7,4449
2017.4,19.99,-269.6,-2.431E-5,7.2E-7,4449
2018.4,19.99,-258.5,-2.095E-5,7.7E-7,4449
2019.3,19.99,-248.3,-1.808E-5,7.6E-7,4449
2020.3,19.99,-238.2,-1.484E-5,8.5E-7,4449
2021.3,19.99,-227.1,-1.048E-5,9.5E-7,4449
2022.3,19.99,-215.7,-7.637E-6,7.7E-7,4449
2023.3,19.99,-204.6,-5.745E-6,7.3E-7,4449
2024.3,19.99,-193.5,-9.214E-7,2.2E-6,4449
2025.3,19.99,-182.4,2.613E-6,4.5E-7,4449
2026.3,19.99,-171.3,3.729E-6,6.1E-7,4449
2027.3,19.99,-161.2,5.416E-6,8E-7,4449
2028.4,19.99,-150.1,1.2E-5,6.5E-7,4449
2029.4,19.99,-139.1,1.693E-5,7E-7,4449
2030.3,19.99,-129.1,2.217E-5,7.4E-7,4449
2031.3,19.99,-118.1,2.754E-5,7.6E-7,4449
2032.3,19.99,-107.1,2.993E-5,6.6E-7,4449
2033.3,19.99,-97.1,3.562E-5,6.6E-7,4449
2034.3,19.99,-85.9,4.084E-5,5.9E-7,4449
2035.3,19.99,-74.6,4.593E-5,7E-7,4449
2036.3,19.99,-63.7,5.276E-5,7.5E-7,4449
2037.3,19.99,-52.7,5.854E-5,9.2E-7,4449
2038.4,19.99,-41.6,6.528E-5,8.9E-7,4449
2039.4,19.99,-30.6,7.683E-5,1.1E-6,4449
2040.4,19.99,-19.6,8.916E-5,1.2E-6,4449
2041.4,19.99,-8.6,1.044E-4,1.4E-6,4449
2042.3,19.99,1.3,1.286E-4,1.7E-6,4449
2043.4,19.99,11.4,1.674E-4,2.7E-6,4449
2044.4,19.99,22.3,2.131E-4,2.5E-6,4449
2045.4,19.99,33.3,2.722E-4,2.9E-6,4449
2046.4,19.99,44.7,3.188E-4,2.1E-6,4449
2047.4,19.99,55.5,3.497E-4,1.5E-6,4449
2048.4,19.99,65.5,3.737E-4,1.6E-6,4449
2049.4,19.99,76.6,3.932E-4,1.5E-6,4449
2051.2,19.99,96.5,4.139E-4,1.6E-6,4449
2051.6,19.99,100.3,4.348E-4,1.6E-6,4449
2052.4,19.99,109.4,4.532E-4,1.8E-6,4449
2053.4,19.99,120.5,4.759E-4,2.3E-6,4449
2054.4,19.99,131.5,4.959E-4,1.8E-6,4449
2055.4,19.99,141.4,5.192E-4,1.9E-6,4449
2056.4,19.99,152.4,5.408E-4,1.9E-6,4449
2057.4,19.99,163.3,5.622E-4,1.7E-6,4449
2058.4,19.99,173.3,5.796E-4,1.9E-6,4449
2059.4,19.99,184.7,5.988E-4,1.9E-6,4449
2060.4,19.99,195.7,6.156E-4,1.6E-6,4449
2061.5,19.99,206.6,6.253E-4,1.8E-6,4449
2062.5,19.99,217.5,6.412E-4,2.6E-6,4449
2063.4,20,227.4,6.513E-4,2.4E-6,4449
2064.4,20,238.3,6.553E-4,2.8E-6,4449
2065.4,20,249.3,6.696E-4,2.6E-6,4449
2066.4,20,260.2,6.783E-4,1.8E-6,4449
2067.4,20,271.1,6.816E-4,2.4E-6,4449
2068.4,20,281.1,6.91E-4,2.2E-6,4449
2069.4,20,292.1,6.904E-4,2.2E-6,4449
2070.4,20,303,6.965E-4,1.6E-6,4449
2071.5,20,313.8,7.03E-4,2.3E-6,4449
2072.5,20,325,7.084E-4,2.4E-6,4449
2073.5,20,335,7.17E-4,1.9E-6,4449
2074.5,20,346,7.174E-4,1.8E-6,4449
2075.5,20,356.8,7.257E-4,2.1E-6,4449
2076.5,20,366.7,7.313E-4,2.3E-6,4449
2077.5,20,377.6,7.321E-4,2.6E-6,4449
2078.5,20,388.5,7.363E-4,2.7E-6,4449
2079.5,20,399.4,7.424E-4,2.6E-6,4449
2080.5,20,410.2,7.439E-4,2.4E-6,4449
2081.5,20,421.1,7.4E-4,2.7E-6,4449
2082.5,20,432,7.522E-4,2.3E-6,4449
2083.5,20,441.9,7.512E-4,1.9E-6,4449
2084.5,20,452.7,7.513E-4,2.5E-6,4449
2085.5,20,463.9,7.551E-4,2.8E-6,4449
2086.5,20,474.8,7.568E-4,2.2E-6,4449
2087.5,20,485.6,7.6E-4,2.9E-6,4449
2088.5,20,495.4,7.635E-4,2.2E-6,4449
2089.5,20,506.3,7.609E-4,2.3E-6,4449
2090.6,20,517.1,7.688E-4,2.8E-6,4449
2091.5,20,527,7.725E-4,3.4E-6,4449
2092.5,20,537.8,7.774E-4,4E-6,4449
2093.5,20,548.5,7.803E-4,3.4E-6,4449
2094.6,20,558.6,7.829E-4,3.8E-6,4449
2095.6,20,566.6,7.802E-4,3.5E-6,4449
2096.6,20,572.1,7.894E-4,4.3E-6,4449
2097.5,20,577.5,7.89E-4,2.9E-6,4449
2098.6,20,582.5,7.848E-4,3.2E-6,4449
2099.6,20,587,7.895E-4,4.1E-6,4449
2100.6,20,590.9,7.874E-4,3.4E-6,4449
2101.6,20,594.2,7.883E-4,4.5E-6,4449
2102.6,20,612.2,7.896E-4,3.3E-6,4449
2103.6,20,632.6,7.895E-4,3.5E-6,4449
2104.6,20,642.1,7.897E-4,3.1E-6,4449
2105.6,20,652.1,7.932E-4,3.4E-6,4449
2106.6,20,662.4,7.963E-4,3.7E-6,4449
2107.6,20,672.9,8.032E-4,3.7E-6,4449
2108.6,20,682.6,7.947E-4,4E-6,4449
2109.6,20,693.5,7.934E-4,4.1E-6,4449
2110.7,20,705.1,7.874E-4,3.1E-6,4449
2111.6,20,714.8,7.955E-4,3.5E-6,4449
2112.6,20,724.7,7.98E-4,3.6E-6,4449
2113.6,20,735.5,8.006E-4,4.2E-6,4449
2114.6,20,746.2,8.043E-4,3.7E-6,4449
2115.7,20,757,8.078E-4,5.5E-6,4449
2116.6,20,767.7,8E-4,4.7E-6,4449
2117.6,20,778.5,8.018E-4,4.4E-6,4449
2118.6,20,788.3,7.99E-4,4.3E-6,4449
2119.6,20,798,8.073E-4,4.1E-6,4449
2120.7,20,810,8.073E-4,4.6E-6,4449
2121.7,20,821.7,8.077E-4,5.9E-6,4449
2122.7,20,831.4,8.013E-4,4E-6,4449
2123.7,20,841.2,8.031E-4,3.4E-6,4449
2124.7,20,851.9,8.073E-4,4.6E-6,4449
2125.7,20,862.5,8.009E-4,4.3E-6,4449
2126.7,20,872.2,8.034E-4,4.1E-6,4449
2127.7,20,881.7,8.121E-4,4.9E-6,4449
2128.7,20,889.2,8.069E-4,5.6E-6,4449
2129.7,20,893.6,7.468E-4,3.5E-5,4449
2130.7,20,895.8,8.46E-4,1.1E-4,4449
2131.7,20,899.3,7.978E-4,6.1E-6,4449
2132.7,20,904.4,8.061E-4,5.4E-6,4449
2133.7,20,908.4,8.089E-4,5.5E-6,4449
2134.7,20,912,8.127E-4,4.5E-6,4449
2135.7,20,915.5,8.136E-4,4.2E-6,4449
2168.8,20,999.6,7.893E-4,3.6E-6,4417
2176,20,999.7,7.789E-4,5.7E-6,4417
2185,20,1246.4,7.84E-4,4.8E-6,4449
2185.3,20,1236.6,8.36E-4,8.3E-6,4449
2185.9,20,1255.3,8.729E-4,1.5E-5,4449
2186.9,20,1330.4,8.86E-4,5.1E-6,4449
2187.9,20,1433.3,8.802E-4,6.3E-6,4449
2188.9,20,1536.9,9.037E-4,3.3E-5,4449
2189.9,20,1642.6,8.835E-4,7.4E-6,4449
2190.9,20,1747.8,8.963E-4,2.7E-5,4449
2192,20,1850.6,8.882E-4,8.9E-5,4449
2193,20,1956.5,8.743E-4,1.7E-5,4449
2193.9,20,2064.6,8.759E-4,3.8E-5,4449
2194.9,20,2163.4,8.751E-4,7.5E-6,4449
2195.9,20,2271.5,8.586E-4,2.6E-5,4449
2196.9,20,2377.8,8.596E-4,2.5E-5,4449
2197.9,20,2484.4,8.702E-4,9.9E-6,4449
2198.9,20,2595.2,8.555E-4,1E-5,4449
2199.9,20,2691.2,8.461E-4,2.6E-5,4449
2200.9,20,2796.5,8.445E-4,9.9E-6,4449
2201.9,20,2903,8.495E-4,1.3E-5,4449
2202.9,20,2984.1,7.636E-4,1.4E-4,4449
2203.9,20,3078.1,8.331E-4,1.3E-5,4449
2204.9,20,3189,8.325E-4,1.3E-5,4449
2205.9,20,3292.1,8.57E-4,1.1E-4,4449
2207,20,3393.4,8.221E-4,4.5E-5,4449
2208,20,3490.5,8.125E-4,1.3E-5,4449
2209,20,3593.3,8.591E-4,1.3E-4,4449
2210,20,3695.6,7.908E-4,1.5E-5,4449
2210.9,20,3792.9,7.974E-4,2E-5,4449
2211.9,20,3893,7.61E-4,1.1E-4,4449
2212.9,20,3991.4,8.007E-4,2.2E-5,4449
2214,20,4093.5,7.763E-4,8E-5,4449
2215,20,4186.7,7.732E-4,1.4E-4,4449
2215.9,20,4277.3,7.94E-4,1.4E-5,4449
2216.9,20,4381,6.625E-4,2.3E-4,4449
2218,20,4479.8,7.854E-4,2.2E-5,4449
2219,20,4579.1,5.112E-4,1.7E-4,4449
2220,20,4681.7,7.11E-4,1.7E-5,4449
2221,20,4777.8,7.586E-4,1.7E-4,4449
2222,20,4875,5.474E-4,2.7E-4,4449
2223,20,4967.4,6.346E-4,1.2E-4,4449
2224,20,5068,7.179E-4,1.9E-5,4449
2225,20,5173,7.732E-4,6.6E-5,4449
2226,20,5262.6,7.204E-4,4.8E-5,4449
2227,20,5365.4,7.23E-4,1.8E-5,4449
2228,20,5463.1,6.812E-4,2.1E-5,4449
2229,20,5548.8,6.684E-4,2.2E-4,4449
2232.7,20,5920.9,7.148E-4,2E-5,4449
2233.2,20,5960,6.953E-4,2.2E-5,4449
2237.2,20,6307.6,6.879E-4,1.8E-5,4449
2237.4,20,6327.8,6.683E-4,3.3E-4,4449
2238.1,20,6401.5,7.036E-4,1.9E-5,4449
2239.1,20,6512.7,6.781E-4,1.6E-5,4449
2240.1,20,6620.7,6.901E-4,2E-5,4449
2241.1,20,6716.7,6.683E-4,1.6E-5,4449
2242.1,20,6819.6,6.85E-4,1.7E-5,4449
2243.1,20,6920.8,6.591E-4,1.9E-5,4449
2244.1,20,7012.2,6.655E-4,2.1E-5,4449
2245.1,20,7111.9,6.507E-4,2.5E-5,4449
2246.1,20,7201.6,5.904E-4,2.2E-4,4449
2250,20,7579.1,6.299E-4,2.1E-5,4449
2250.3,20,7614.9,6.597E-4,1.9E-5,4449
2253.9,20,7960.5,6.377E-4,2.5E-5,4449
2254.3,20,8004.5,6.327E-4,2.1E-5,4449
2255.1,20,8069.9,5.666E-4,5.6E-5,4449
2258.9,20,8229.6,5.951E-4,1.9E-5,4449
2259.3,20,8231.2,5.578E-4,1.6E-5,4449
2260.1,20,8325.3,5.806E-4,1.7E-5,4449
2261.1,20,8432.1,5.983E-4,1.8E-5,4449
2264.7,20,8717.4,5.825E-4,2.4E-5,4449
2268,20,9023.8,5.848E-4,1.7E-5,4449
2271.3,20,9337.5,5.471E-4,2.6E-5,4449
2274.3,20,9622.6,5.368E-4,2.7E-5,4449
2277.2,20,9684.4,4.889E-4,3.1E-5,4449
2280.8,20,9931.7,5.569E-4,3.3E-5,4449
2281.3,20,9945,5.123E-4,2.3E-5,4449
2282.2,20,9962.3,5.13E-4,2.2E-5,4449
2307.1,20,9999.6,4.612E-4,2.4E-5,4417
2326.6,20.18,9999.8,4.764E-4,1.8E-5,4422
2327.1,20.2,9999.9,4.935E-4,1.3E-5,4422
2334.7,20.65,9999.9,4.213E-4,1.5E-5,4422
2341.6,21.17,9999.9,4.984E-4,1.6E-5,4422
2342.1,21.23,9999.8,4.966E-4,1.6E-5,4422
2344.1,21.41,9999.8,5.081E-4,1.5E-5,4422
2347.1,21.71,9999.9,4.439E-4,1.3E-5,4422
2355.7,22.76,9999.9,4.375E-4,1.4E-5,4422
2362.5,23.73,10000,4.112E-4,1.3E-5,4422
2369.9,24.87,10000,4.623E-4,1E-5,4422
2377.4,25.92,10000,4.704E-4,1.1E-5,4422
2384.6,26.74,9999.9,4.732E-4,1.3E-5,4422
2386.2,26.88,10000,4.76E-4,1.1E-5,4422
2394.8,27.64,10000,4.847E-4,9.8E-6,4422
2402.2,28.22,9999.8,4.79E-4,1E-5,4422
2402.6,28.25,9999.9,4.669E-4,1E-5,4422
2404.3,28.38,10000,4.422E-4,8.7E-6,4422
2407.3,28.6,10000,4.46E-4,7.2E-6,4422
2410.3,28.81,9999.9,4.636E-4,8.2E-6,4422
2413.3,28.99,9999.8,4.665E-4,9.4E-6,4422
2416.3,29.15,9999.9,4.748E-4,9.4E-6,4422
2419.4,29.28,10000,4.636E-4,8.8E-6,4422
2422.4,29.39,9999.9,4.667E-4,9.5E-6,4422
2425.4,29.47,10000,4.712E-4,1E-5,4422
2428.4,29.54,10000.1,4.702E-4,8.5E-6,4422
2437.6,29.66,9999.9,4.609E-4,7.7E-6,4422
2444.7,29.66,9999.9,4.672E-4,7.8E-6,4422
2445,29.66,9999.9,4.557E-4,7.5E-6,4422
2446.6,29.65,9999.9,4.605E-4,8.9E-6,4422
2449.4,29.64,10000,4.513E-4,9.6E-6,4422
2452.5,29.63,10000,4.321E-4,6.7E-6,4422
2455.5,29.61,10000,4.438E-4,7.8E-6,4422
2458.5,29.61,10000,4.735E-4,8E-6,4422
2461.5,29.61,10000.1,4.649E-4,8.3E-6,4422
2464.5,29.62,10000,4.548E-4,7.8E-6,4422
2467.5,29.63,9999.9,4.688E-4,7.8E-6,4422
2470.5,29.64,9999.8,4.78E-4,8.7E-6,4422
2473.6,29.66,9999.9,4.78E-4,9.9E-6,4422
2476.5,29.67,9999.9,4.907E-4,9.9E-6,4422
2485.3,29.7,9999.9,5.274E-4,9E-6,4422
2486.2,29.7,9999.9,5.107E-4,1.1E-5,4422
2494.3,29.69,9999.9,4.778E-4,9E-6,4422
2495.3,29.69,10000,5.018E-4,9.5E-6,4422
2497.7,29.69,9999.9,5.139E-4,9E-6,4422
2506.4,29.71,10000,4.972E-4,7.4E-6,4421
2513.5,29.73,10000,5.08E-4,8.7E-6,4421
2514,29.73,9999.9,5.092E-4,8.6E-6,4421
2515.8,29.73,9999.9,4.984E-4,7.7E-6,4421
2518.7,29.74,9999.9,4.741E-4,8.5E-6,4421
2527.4,29.75,9999.8,5.025E-4,9.3E-6,4421
2534.5,29.76,9999.8,4.984E-4,9.5E-6,4421
2535,29.76,9999.9,4.722E-4,7.2E-6,4421
2536.8,29.76,9999.9,4.935E-4,9.9E-6,4421
2539.8,29.76,9999.9,5.037E-4,8.4E-6,4421
2542.8,29.76,9999.9,5.159E-4,8.5E-6,4421
2551.6,29.78,10000,5.287E-4,7.1E-6,4421
2552.5,29.78,9999.9,5.339E-4,7.9E-6,4421
2560.6,29.79,10000,5.255E-4,7.8E-6,4421
2561.5,29.79,10000,5.2E-4,8.4E-6,4421
2563.8,29.8,9999.8,5.151E-4,8.4E-6,4421
2566.9,29.8,9999.8,4.94E-4,7.8E-6,4421
2569.9,29.8,9999.9,4.801E-4,7.1E-6,4421
2572.9,29.8,9999.9,4.716E-4,8.6E-6,4421
2575.9,29.8,9999.9,4.843E-4,7.7E-6,4421
2578.9,29.81,9999.9,4.762E-4,7.6E-6,4421
2587.6,29.81,9999.9,4.77E-4,7.9E-6,4421
2588.5,29.81,9999.9,4.938E-4,8.6E-6,4421
2596.8,29.82,10000,5.01E-4,9.4E-6,4421
2597.6,29.82,9999.9,4.975E-4,8E-6,4421
2599.9,29.83,9999.8,4.778E-4,8.5E-6,4421
2603,29.83,9999.8,4.816E-4,7.1E-6,4421
2606,29.83,9999.9,4.502E-4,8.1E-6,4421
2609,29.84,9999.9,4.536E-4,6.8E-6,4421
2612,29.84,9999.9,4.537E-4,7.7E-6,4421
2615,29.84,9999.9,4.716E-4,5.9E-6,4421
2618,29.85,9999.9,4.739E-4,6.8E-6,4421
2621.1,29.85,9999.8,5.181E-4,7.6E-6,4421
2624.1,29.85,9999.8,5.272E-4,6.7E-6,4421
2627.1,29.85,9999.8,4.949E-4,6.4E-6,4421
2630.1,29.85,9999.8,4.726E-4,6.8E-6,4421
2633.1,29.85,9999.8,4.29E-4,6.9E-6,4421
2636.1,29.86,9999.8,4.686E-4,7.9E-6,4421
2639.2,29.86,9999.9,4.535E-4,7.3E-6,4421
2642.1,29.86,9999.8,4.456E-4,7.1E-6,4421
2645.1,29.86,9999.8,4.315E-4,5.9E-6,4421
2648.1,29.87,9999.9,3.987E-4,6.9E-6,4421
2651.2,29.87,9999.8,4.386E-4,5.8E-6,4421
2654.2,29.87,9999.8,4.388E-4,7.1E-6,4421
2657.2,29.87,9999.8,4.628E-4,6.5E-6,4421
2660.2,29.88,9999.7,4.651E-4,6.7E-6,4421
2663.2,29.88,9999.7,4.511E-4,6.7E-6,4421
2666.2,29.88,9999.8,4.596E-4,7.6E-6,4421
2669.2,29.88,9999.8,4.458E-4,8.6E-6,4421
2672.2,29.88,9999.9,4.347E-4,8E-6,4421
2675.3,29.89,9999.9,4.652E-4,8.1E-6,4421
2678.3,29.89,9999.8,4.908E-4,8.4E-6,4421
2681.3,29.89,9999.7,4.944E-4,7.2E-6,4421
2684.3,29.89,9999.7,4.681E-4,7.9E-6,4421
2687.3,29.89,9999.7,5.019E-4,7.8E-6,4421
2690.3,29.9,9999.7,5.078E-4,8.4E-6,4421
2693.3,29.9,9999.7,5.02E-4,8.4E-6,4421
2696.3,29.9,9999.8,5.291E-4,8.3E-6,4421
2699.3,29.9,9999.8,5.202E-4,7.9E-6,4421
2702.4,29.9,9999.8,5.141E-4,8.5E-6,4421
2705.4,29.9,9999.8,5.05E-4,8.9E-6,4421
2708.4,29.91,9999.7,4.826E-4,8.3E-6,4421
2711.4,29.91,9999.7,5.022E-4,8.3E-6,4421
2714.4,29.91,9999.8,5.021E-4,9.1E-6,4421
2717.4,29.91,9999.8,4.943E-4,6.8E-6,4421
2720.4,29.91,9999.6,4.791E-4,8.1E-6,4421
2732,29.92,9999.8,4.831E-4,1.1E-5,4417
2740.7,29.92,9727.7,4.718E-4,1.1E-5,4465
2741.3,29.92,9725.6,4.924E-4,1.3E-5,4465
2742.3,29.92,9672,4.951E-4,1E-5,4465
2743.3,29.92,9555.9,5.134E-4,1.3E-5,4465
2744.3,29.92,9432.1,4.867E-4,1.4E-5,4465
2745.4,29.92,9306,5.08E-4,1.3E-5,4465
2746.4,29.92,9179.2,4.936E-4,1.2E-5,4465
2747.4,29.92,9052.1,5.054E-4,1.1E-5,4465
2748.4,29.93,8925.2,5.023E-4,1.2E-5,4465
2749.4,29.93,8809.7,5.022E-4,1.5E-5,4465
2750.4,29.93,8683.5,4.936E-4,1.2E-5,4465
2751.4,29.93,8553.6,4.97E-4,1.2E-5,4465
2752.4,29.93,8439.2,4.662E-4,1.4E-5,4465
2753.4,29.93,8325.2,4.717E-4,1E-5,4465
2754.3,29.93,8200.4,4.769E-4,1.3E-5,4465
2755.4,29.93,8075.9,4.697E-4,1.2E-5,4465
2756.4,29.93,7951.7,4.786E-4,1.3E-5,4465
2757.4,29.93,7827.7,5.165E-4,1.3E-5,4465
2758.4,29.93,7704.2,4.917E-4,1.2E-5,4465
2759.4,29.93,7581,5.046E-4,1.2E-5,4465
2760.4,29.93,7458.1,5.062E-4,1.1E-5,4465
2761.4,29.93,7335.4,5.466E-4,1.3E-5,4465
2762.4,29.93,7223.7,5.593E-4,1.3E-5,4465
2763.4,29.93,7101.5,5.694E-4,1.3E-5,4465
2764.4,29.93,6975.9,5.298E-4,1.1E-5,4465
2765.4,29.93,6854.2,5.382E-4,1E-5,4465
2766.4,29.93,6732.7,5.414E-4,1.2E-5,4465
2767.4,29.93,6622.1,5.353E-4,1.2E-5,4465
2768.4,29.93,6511.7,5.03E-4,1.4E-5,4465
2769.4,29.93,6390.9,5.081E-4,1.3E-5,4465
2770.5,29.93,6259.6,5.067E-4,1.4E-5,4465
2771.5,29.93,6128.5,5.231E-4,1.2E-5,4465
2772.5,29.94,6018.8,5.383E-4,1.2E-5,4465
2773.5,29.94,5909.3,5.345E-4,1.1E-5,4465
2774.5,29.94,5789.3,5.371E-4,9.3E-6,4465
2775.5,29.94,5680,5.545E-4,1.3E-5,4465
2776.4,29.94,5560.4,5.63E-4,9.6E-6,4465
2777.4,29.94,5437.4,5.561E-4,1E-5,4465
2778.5,29.94,5318,5.542E-4,1.1E-5,4465
2779.5,29.94,5198.6,5.501E-4,1E-5,4465
2780.5,29.94,5089.9,5.758E-4,9.2E-6,4465
2781.5,29.94,4971,5.675E-4,1.2E-5,4465
2782.5,29.94,4852,5.681E-4,1E-5,4465
2783.5,29.94,4743.7,5.548E-4,1.1E-5,4465
2784.5,29.94,4624.9,5.376E-4,8.1E-6,4465
2785.5,29.94,4506.2,5.479E-4,9.6E-6,4465
2786.5,29.94,4387.6,5.376E-4,1E-5,4465
2787.5,29.94,4258.7,5.295E-4,8.8E-6,4465
2788.5,29.94,4150.7,5.374E-4,8.2E-6,4465
2789.5,29.94,4042.7,5.46E-4,8.1E-6,4465
2790.5,29.94,3920.9,5.454E-4,9.3E-6,4465
2791.5,29.94,3802.5,5.423E-4,8.3E-6,4465
2792.5,29.94,3684.3,5.233E-4,8.9E-6,4465
2793.5,29.94,3576.5,5.29E-4,6.6E-6,4465
2794.5,29.94,3458.2,5.288E-4,8.8E-6,4465
2795.5,29.94,3339.9,5.279E-4,7.7E-6,4465
2796.5,29.94,3221.9,5.313E-4,7E-6,4465
2797.5,29.94,3103.8,5.038E-4,7.8E-6,4465
2798.5,29.94,2996.1,5.029E-4,8E-6,4465
2799.5,29.94,2892.7,5.103E-4,7.8E-6,4465
2800.5,29.94,2831.1,5.103E-4,7.2E-6,4465
2801.5,29.94,2811.9,5.206E-4,7.9E-6,4465
2802.6,29.95,2804.9,5.301E-4,7.9E-6,4465
2803.5,29.95,2709.8,5.222E-4,8.9E-6,4465
2804.5,29.95,2581.8,5.071E-4,7.9E-6,4465
2805.5,29.95,2498.6,5.06E-4,8.4E-6,4465
2806.5,29.95,2390.6,5.011E-4,7.9E-6,4465
2807.6,29.95,2277.2,4.725E-4,6.8E-6,4465
2808.6,29.95,2161.6,4.619E-4,5.4E-6,4465
2809.6,29.95,2045.3,4.428E-4,5.1E-6,4465
2810.6,29.95,1939.1,4.324E-4,4.2E-6,4465
2811.6,29.95,1822.7,4.3E-4,5.8E-6,4465
2812.6,29.95,1706.1,4.309E-4,5.4E-6,4465
2813.6,29.95,1589.7,4.227E-4,5.2E-6,4465
2814.6,29.95,1483.9,3.942E-4,4.1E-6,4465
2815.6,29.95,1414.8,4.057E-4,4E-6,4465
2816.6,29.95,1377.9,4.147E-4,3.2E-6,4465
2817.7,29.95,1367.1,4.122E-4,4E-6,4465
2818.6,29.95,1363.7,4.149E-4,3.2E-6,4465
2819.6,29.95,1259,3.865E-4,4E-6,4465
2820.7,29.95,1136.1,3.744E-4,3.8E-6,4465
2821.7,29.95,1103.9,3.712E-4,2.7E-6,4465
2822.7,29.95,1085.7,3.698E-4,3.3E-6,4465
2823.7,29.95,1078.9,3.725E-4,3.4E-6,4465
2824.6,29.95,1075.9,3.796E-4,3E-6,4465
2852.7,29.96,1000.4,3.817E-4,2.9E-6,4417
2860.5,29.96,1000.1,3.897E-4,3.3E-6,4417
2884.9,29.96,785.1,0,0,4449
2897.5,29.97,645.7,3.181E-4,1.6E-6,4449
2898,29.97,640.8,3.186E-4,1.5E-6,4449
2898.9,29.97,630.6,3.154E-4,1.5E-6,4449
2899.9,29.97,620.3,3.149E-4,1.4E-6,4449
2900.9,29.97,609.2,3.113E-4,1.5E-6,4449
2901.9,29.97,598,3.099E-4,1.6E-6,4449
2902.9,29.97,586.8,3.075E-4,1.1E-6,4449
2903.9,29.97,575.3,3.072E-4,1.4E-6,4449
2904.9,29.97,564.1,3.071E-4,1.4E-6,4449
2905.9,29.97,552.9,3.032E-4,1.3E-6,4449
2906.9,29.97,542.7,3.015E-4,1.2E-6,4449
2907.9,29.97,532.5,2.991E-4,1.2E-6,4449
2908.9,29.97,521.4,2.947E-4,1.3E-6,4449
2909.9,29.97,510.2,2.935E-4,1.2E-6,4449
2910.9,29.97,499,2.91E-4,1.1E-6,4449
2912,29.97,487.7,2.93E-4,1.3E-6,4449
2913,29.97,476.6,2.891E-4,9.6E-7,4449
2913.9,29.97,465.5,2.879E-4,9.8E-7,4449
2914.9,29.97,455.4,2.852E-4,1.1E-6,4449
2916,29.97,444.2,2.824E-4,1E-6,4449
2917,29.97,432.7,2.783E-4,1E-6,4449
2917.9,29.97,422.4,2.755E-4,1E-6,4449
2918.9,29.97,411.3,2.724E-4,9.5E-7,4449
2920,29.97,399.3,2.695E-4,1E-6,4449
2921,29.97,388.2,2.689E-4,1.1E-6,4449
2921.9,29.97,378.1,2.649E-4,7.7E-7,4449
2922.9,29.97,367.9,2.605E-4,8.1E-7,4449
2924,29.97,356.7,2.596E-4,8.7E-7,4449
2924.9,29.97,345.6,2.536E-4,9.1E-7,4449
2926,29.97,334.4,2.521E-4,7.2E-7,4449
2927,29.97,323.4,2.488E-4,7E-7,4449
2928,29.97,313.3,2.464E-4,6.7E-7,4449
2929,29.97,302.1,2.434E-4,5.8E-7,4449
2930.1,29.97,289.8,2.4E-4,5E-7,4449
2931.2,29.97,276.8,2.384E-4,4.9E-7,4449
2932.2,29.97,266.6,2.352E-4,5.1E-7,4449
2933,29.97,258.5,2.327E-4,5E-7,4449
2934,29.97,247.5,2.294E-4,5.4E-7,4449
2935,29.97,235.4,2.254E-4,5.5E-7,4449
2936,29.97,225.3,2.226E-4,4.8E-7,4449
2937,29.97,215.3,2.192E-4,4.5E-7,4449
2938,29.97,204.2,2.158E-4,4.3E-7,4449
2939,29.98,193,2.125E-4,4.4E-7,4449
2940,29.98,182,2.092E-4,4.5E-7,4449
2941,29.98,171.9,2.045E-4,4.2E-7,4449
2942,29.98,160.9,2.015E-4,3.5E-7,4449
2943,29.98,149.6,1.965E-4,4.2E-7,4449
2944,29.98,138.6,1.919E-4,4.3E-7,4449
2945,29.98,127.5,1.87E-4,4.5E-7,4449
2946.1,29.98,116.5,1.829E-4,3.8E-7,4449
2947.1,29.98,105.5,1.788E-4,4.3E-7,4449
2948,29.98,95.4,1.743E-4,5.6E-7,4449
2949,29.98,84.5,1.69E-4,3.4E-7,4449
2950,29.98,73.6,1.631E-4,4.4E-7,4449
2951.1,29.98,62.5,1.575E-4,5E-7,4449
2952.1,29.98,51.6,1.503E-4,4.9E-7,4449
2953.1,29.98,40.6,1.421E-4,6.4E-7,4449
2954.1,29.98,29.2,1.341E-4,6.6E-7,4449
2955.1,29.98,19.1,1.236E-4,6.5E-7,4449
2956.1,29.98,9.1,1.105E-4,8.9E-7,4449
2957.1,29.98,-1.8,9.203E-5,1.3E-6,4449
2958.1,29.98,-12.7,6.316E-5,1.9E-6,4449
2959.1,29.98,-23.7,1.489E-5,2.4E-6,4449
2960.1,29.98,-34.7,-4.828E-5,3.3E-6,4449
2961.1,29.98,-44.7,-1.001E-4,2.2E-6,4449
2962.1,29.98,-55.7,-1.329E-4,1.5E-6,4449
2963.1,29.98,-67.6,-1.563E-4,1.2E-6,4449
2964.1,29.98,-78.5,-1.784E-4,1.4E-6,4449
2965.1,29.98,-88.6,-1.983E-4,1.5E-6,4449
2966.1,29.98,-98.5,-2.205E-4,1.4E-6,4449
2967.1,29.98,-109.7,-2.43E-4,1.5E-6,4449
2968.1,29.98,-120.7,-2.657E-4,1.2E-6,4449
2969.1,29.98,-130.7,-2.891E-4,1.4E-6,4449
2970.2,29.98,-142.5,-3.13E-4,1.5E-6,4449
2971.2,29.98,-153.5,-3.375E-4,1.7E-6,4449
2972.1,29.98,-163.6,-3.596E-4,1.3E-6,4449
2973.1,29.98,-174.5,-3.766E-4,1.6E-6,4449
2974.1,29.98,-185.4,-3.938E-4,1.4E-6,4449
2975.2,29.98,-196.4,-4.06E-4,1.5E-6,4449
2976.2,29.98,-207.2,-4.196E-4,1.4E-6,4449
2977.2,29.98,-218.1,-4.302E-4,1.3E-6,4449
2978.2,29.98,-228.1,-4.434E-4,1.2E-6,4449
2979.2,29.98,-239.1,-4.476E-4,1.4E-6,4449
2980.2,29.98,-250.3,-4.576E-4,1.3E-6,4449
2981.2,29.98,-261.1,-4.65E-4,1.4E-6,4449
2982.2,29.98,-272,-4.71E-4,1.7E-6,4449
2983.2,29.98,-281.9,-4.783E-4,1.9E-6,4449
2984.2,29.98,-291.9,-4.814E-4,1.8E-6,4449
2985.2,29.98,-302.8,-4.896E-4,1.6E-6,4449
2986.2,29.98,-313.7,-4.91E-4,1.8E-6,4449
2987.2,29.98,-324.6,-4.969E-4,1.8E-6,4449
2988.2,29.98,-335.4,-4.982E-4,1.4E-6,4449
2989.2,29.98,-346.2,-5.015E-4,1.9E-6,4449
2990.3,29.98,-357.1,-5.063E-4,2.2E-6,4449
2991.2,29.98,-367.1,-5.094E-4,1.9E-6,4449
2992.2,29.98,-378,-5.1E-4,2.1E-6,4449
2993.2,29.98,-389.2,-5.118E-4,2.2E-6,4449
2994.2,29.98,-400,-5.12E-4,1.5E-6,4449
2995.2,29.98,-410.8,-5.183E-4,1.9E-6,4449
2996.2,29.98,-420.7,-5.21E-4,2.2E-6,4449
2997.3,29.98,-431.6,-5.238E-4,2.4E-6,4449
2998.3,29.98,-442.4,-5.271E-4,3E-6,4449
2999.2,29.98,-453.3,-5.288E-4,2.3E-6,4449
3000.2,29.98,-464.2,-5.322E-4,2.4E-6,4449
3001.3,29.98,-475,-5.32E-4,2.6E-6,4449
3002.3,29.98,-485.8,-5.366E-4,3.1E-6,4449
3003.2,29.98,-495.6,-5.404E-4,2.5E-6,4449
3004.3,29.98,-506.7,-5.348E-4,2.1E-6,4449
3005.3,29.98,-517.4,-5.414E-4,4E-6,4449
3006.3,29.98,-527.1,-5.421E-4,2.8E-6,4449
3007.2,29.98,-536.6,-5.48E-4,2.7E-6,4449
3008.3,29.98,-544,-5.479E-4,2.5E-6,4449
3009.3,29.98,-549.9,-5.491E-4,2.7E-6,4449
3010.3,29.98,-555.4,-5.467E-4,3.6E-6,4449
3011.3,29.98,-560.2,-5.469E-4,2.8E-6,4449
3012.3,29.98,-564.6,-5.507E-4,2.6E-6,4449
3013.3,29.98,-568,-5.467E-4,4.3E-6,4449
3014.3,29.98,-571.1,-5.468E-4,4.1E-6,4449
3015.3,29.98,-590.3,-5.573E-4,2.9E-6,4449
3016.3,29.98,-612.3,-5.559E-4,4.4E-6,4449
3017.3,29.98,-622.3,-5.528E-4,3.6E-6,4449
3018.3,29.98,-632.5,-5.601E-4,3.2E-6,4449
3019.3,29.98,-641.9,-5.654E-4,4.2E-6,4449
3020.3,29.98,-652.4,-5.773E-4,3.5E-6,4449
3021.3,29.98,-663,-5.65E-4,3.4E-6,4449
3022.3,29.98,-673.8,-5.612E-4,2.7E-6,4449
3023.3,29.98,-684.4,-5.65E-4,3.1E-6,4449
3024.3,29.98,-695.1,-5.606E-4,2.9E-6,4449
3025.3,29.98,-705.7,-5.691E-4,3.7E-6,4449
3026.3,29.98,-716.5,-5.645E-4,2.6E-6,4449
3027.4,29.98,-727.3,-5.664E-4,4.2E-6,4449
3028.4,29.98,-737.1,-5.636E-4,4.3E-6,4449
3029.4,29.98,-747.8,-5.623E-4,3.6E-6,4449
3030.4,29.98,-758.8,-5.674E-4,2.8E-6,4449
3031.4,29.98,-768.5,-5.649E-4,3.8E-6,4449
3032.3,29.98,-778.4,-5.637E-4,2.6E-6,4449
3033.3,29.98,-789.1,-5.63E-4,4E-6,4449
3034.4,29.99,-799.7,-5.646E-4,3.3E-6,4449
3035.4,29.99,-810.5,-5.676E-4,4E-6,4449
3036.4,29.99,-821.2,-5.719E-4,4.4E-6,4449
3037.3,29.99,-831.7,-5.715E-4,3E-6,4449
3038.4,29.99,-842.3,-5.655E-4,3.9E-6,4449
3039.4,29.99,-851,-5.662E-4,3.7E-6,4449
3040.4,29.99,-858.1,-5.64E-4,4.7E-6,4449
3041.4,29.99,-863.8,-5.719E-4,5.1E-6,4449
3042.4,29.99,-869,-5.673E-4,5E-6,4449
3043.4,29.99,-874,-5.753E-4,5E-6,4449
3044.4,29.99,-877.7,-5.789E-4,3.6E-6,4449
3045.4,29.99,-881.3,-5.808E-4,4.1E-6,4449
3046.4,29.99,-884.6,-5.788E-4,5.1E-6,4449
3082.5,29.99,-999.7,-5.65E-4,4.6E-6,4417
3091.3,29.99,-999.7,-5.598E-4,4.5E-6,4417
3100.2,29.99,-1318.9,-5.723E-4,5.5E-6,4449
3100.7,29.99,-1278.4,-6.155E-4,2E-5,4449
3101.6,29.99,-1272.6,-6.044E-4,3.2E-5,4449
3102.7,29.99,-1356,-6.526E-4,1.6E-4,4449
3103.6,29.99,-1453.4,-6.033E-4,1.1E-4,4449
3104.6,29.99,-1549.8,-6.069E-4,4.7E-5,4449
3105.6,29.99,-1646.6,-7.061E-4,5.6E-5,4449
3106.6,29.99,-1756.9,-6.176E-4,5.3E-6,4449
3107.6,29.99,-1875.6,-6.105E-4,6.3E-6,4449
3108.7,29.99,-1984.2,-6.015E-4,6.7E-6,4449
3109.6,29.99,-2082.9,-6.045E-4,6.4E-6,4449
3110.6,29.99,-2190.5,-5.944E-4,6.8E-6,4449
3111.7,29.99,-2297.8,-6.09E-4,6.8E-6,4449
3112.7,29.99,-2404.6,-5.847E-4,7.3E-6,4449
3113.7,29.99,-2508.3,-8.753E-4,2.9E-4,4449
3117.7,29.99,-2910,-5.904E-4,7.7E-6,4449
3120.7,29.99,-3220.7,-3.853E-4,2.1E-4,4449
3121.2,29.99,-3257.4,-2.576E-4,2.1E-4,4449
3121.9,29.99,-3326.5,-3.918E-4,1.5E-4,4449
3122.7,29.99,-3406.5,-5.508E-4,1E-5,4449
3123.6,29.99,-3514,-5.364E-4,1.2E-5,4449
3124.7,29.99,-3617,-5.325E-4,7E-5,4449
3125.7,29.98,-3710.4,-5.394E-4,8.9E-6,4449
3126.7,29.98,-3812.9,-5.359E-4,1.2E-4,4449
3127.8,29.98,-3913.6,-1.557E-4,1.9E-4,4449
3131.4,29.98,-4287.1,-5.383E-4,1.3E-5,4449
3134.7,29.98,-4589.4,-4.513E-4,2.2E-4,4449
3135.2,29.98,-4641,-5.47E-4,1.2E-5,4449
3135.9,29.98,-4720.1,-5.932E-4,2E-5,4449
3136.7,29.98,-4807.4,-5.331E-4,2.6E-5,4449
3137.7,29.98,-4903.2,-5.4E-4,1.4E-5,4449
3138.8,29.98,-4995.4,-7.416E-4,3.1E-4,4449
3142.6,29.98,-5370.5,-5.166E-4,1.9E-4,4449
3145.8,29.98,-5667.7,-2.833E-4,9.2E-4,4449
3149.1,29.98,-5992,-5.272E-4,7.3E-5,4449
3152.2,29.99,-6312.2,-5.437E-4,1.2E-5,4449
3152.8,29.99,-6360.2,-5.259E-4,8.8E-5,4449
3153.8,29.99,-6448.3,-5.344E-4,1.3E-5,4449
3154.8,29.99,-6551.1,-5.036E-4,1.3E-5,4449
3155.8,29.99,-6652.1,-5.193E-4,1E-5,4449
3156.8,29.99,-6755,-5.467E-4,1.3E-5,4449
3157.8,30,-6854.5,-5.471E-4,1.2E-5,4449
3158.8,30,-6944.9,-4.931E-4,1.3E-5,4449
3159.8,30,-7044,-5.096E-4,1.1E-5,4449
3160.9,30,-7151.3,-4.773E-4,1.1E-5,4449
3161.9,30,-7249.7,-4.927E-4,1.5E-5,4449
3162.9,30,-7348.2,-4.592E-4,1.4E-5,4449
3163.9,30,-7446.5,-4.513E-4,1.3E-5,4449
3164.9,30,-7535.9,-4.308E-4,2.1E-5,4449
3165.8,30,-7625.4,-4.295E-4,1.5E-5,4449
3166.8,30,-7723.4,-4.269E-4,1.4E-5,4449
3167.8,30,-7821.2,-4.537E-4,1.5E-5,4449
3168.8,30,-7865.1,-7.464E-4,2.6E-4,4449
3172.7,30,-8140.1,-4.748E-4,1.3E-5,4449
3175.9,29.99,-8346.8,-4.911E-4,1.2E-5,4449
3176.3,29.99,-8357.6,-4.759E-4,1.8E-5,4449
3177.1,29.99,-8397.7,-4.478E-4,1.3E-5,4449
3177.9,29.99,-8467.8,-5.004E-4,1.4E-5,4449
3178.9,29.99,-8562.6,-5.359E-4,1.5E-5,4449
3179.9,29.99,-8660.2,-5.007E-4,1.4E-5,4449
3180.9,29.99,-8750.1,-5.073E-4,1.3E-5,4449
3181.9,29.99,-8848.7,-4.9E-4,1.2E-5,4449
3182.9,29.99,-8950.2,-5.117E-4,1.3E-5,4449
3183.9,29.99,-9040,-4.954E-4,1.5E-5,4449
3184.9,29.99,-9138.1,-4.603E-4,1.8E-5,4449
3185.9,29.99,-9236.2,-4.527E-4,1.4E-5,4449
3186.9,29.99,-9325.5,-4.972E-4,1.1E-5,4449
3187.9,29.99,-9423.4,-4.765E-4,1.4E-5,4449
3188.9,29.99,-9508.1,-4.916E-4,1.3E-5,4449
3189.9,29.99,-9554.7,-4.791E-4,1.1E-5,4449
3190.9,29.99,-9573.4,-4.591E-4,1.3E-5,4449
3191.9,29.99,-9580.2,-4.512E-4,1.6E-5,4449
3192.9,29.99,-9671.3,-4.527E-4,1.3E-5,4449
3193.9,29.99,-9771.7,-5.046E-4,1.4E-5,4449
3194.9,29.99,-9804.5,-4.825E-4,1.2E-5,4449
3195.9,29.99,-9837.3,-4.95E-4,1.1E-5,4449
3196.9,29.99,-9854.8,-4.638E-4,1.2E-5,4449
3197.9,30,-9863.1,-5.009E-4,1.3E-5,4449
3198.9,30,-9866.4,-4.819E-4,1.4E-5,4449
3227,29.99,-9999.4,-4.107E-4,1.2E-5,4417
3236.6,29.99,-9733,-3.371E-4,1.6E-5,4465
3237.1,29.99,-9737.4,-3.821E-4,1.3E-5,4465
3238.1,29.99,-9674.8,-3.571E-4,1.5E-5,4465
3239.1,29.99,-9561.2,-3.766E-4,1.6E-5,4465
3240.1,29.99,-9437.7,-3.632E-4,1.1E-5,4465
3241.1,29.99,-9311.8,-3.718E-4,1.1E-5,4465
3245,29.99,-8833.8,-3.757E-4,9.8E-6,4465
3248,29.99,-8459.2,-3.724E-4,1.1E-5,4465
3248.4,29.99,-8411.3,-4.068E-4,1.4E-5,4465
3249.2,29.99,-8319.3,-4.061E-4,1.3E-5,4465
3250.2,29.99,-8183.3,-4.019E-4,1.4E-5,4465
3251.2,29.99,-8058.7,-4.108E-4,9.2E-6,4465
3252.1,29.99,-7956.4,-4.093E-4,1.3E-5,4465
3253.1,30,-7832.5,-4.052E-4,1.2E-5,4465
3254.1,30,-7708.9,-3.966E-4,1.2E-5,4465
3255.1,30,-7585.5,-3.935E-4,1.2E-5,4465
3256.1,30,-7462.4,-4.172E-4,1.2E-5,4465
3257.2,30,-7350.5,-4.222E-4,1.3E-5,4465
3258.2,30,-7228.1,-4.227E-4,1.2E-5,4465
3259.1,30,-7102.3,-4.208E-4,1.3E-5,4465
3260.2,30,-6980.5,-4.158E-4,1.4E-5,4465
3261.2,30,-6858.8,-4.359E-4,1.4E-5,4465
3262.2,30,-6737.3,-4.421E-4,1.2E-5,4465
3263.2,30,-6616.1,-4.518E-4,1.2E-5,4465
3264.2,30,-6505.7,-4.466E-4,1.5E-5,4465
3265.2,30,-6384.8,-4.054E-4,1.1E-5,4465
3266.2,30,-6264.1,-3.962E-4,9.2E-6,4465
3267.2,30,-6154.1,-3.904E-4,8.2E-6,4465
3268.2,30,-6033.9,-3.972E-4,9.7E-6,4465
3269.2,30,-5913.7,-4.039E-4,1.1E-5,4465
3270.2,30,-5790.3,-3.906E-4,1E-5,4465
3271.2,30,-5670.4,-4.106E-4,8.7E-6,4465
3272.2,30,-5561.2,-4.12E-4,8.8E-6,4465
3273.2,30,-5441.7,-4.045E-4,9.9E-6,4465
3274.2,30,-5322.2,-4.027E-4,9E-6,4465
3275.2,30,-5213.4,-3.98E-4,9.9E-6,4465
3276.2,30,-5094.3,-4.068E-4,9.2E-6,4465
3277.2,30,-4975.3,-4.077E-4,8.1E-6,4465
3278.2,30,-4866.7,-3.972E-4,7.4E-6,4465
3279.2,30,-4747.8,-4.103E-4,7.1E-6,4465
3280.2,30,-4629.1,-4.058E-4,6.1E-6,4465
3281.2,30,-4510.4,-4.17E-4,7.2E-6,4465
3282.2,30,-4391.7,-4.276E-4,8.9E-6,4465
3283.3,30,-4269.7,-4.211E-4,6.9E-6,4465
3284.3,30,-4151.2,-4.147E-4,5.9E-6,4465
3285.2,30,-4043.4,-4.281E-4,6.4E-6,4465
3286.3,30,-3925,-4.281E-4,7.2E-6,4465
3287.3,30,-3806.6,-4.348E-4,7E-6,4465
3288.3,30,-3698.7,-4.168E-4,6.2E-6,4465
3289.2,30,-3580.4,-4.24E-4,7.3E-6,4465
3290.3,30,-3462.2,-4.238E-4,5.8E-6,4465
3291.2,30,-3343.9,-4.123E-4,6.8E-6,4465
3292.3,30,-3225.8,-4.192E-4,6.1E-6,4465
3293.3,30,-3107.7,-4.233E-4,4.9E-6,4465
3294.4,30,-2975.8,-4.21E-4,5.4E-6,4465
3295.4,30,-2874.6,-4.326E-4,5.3E-6,4465
3296.3,30,-2823.4,-4.293E-4,5.5E-6,4465
3297.3,30,-2800.3,-4.358E-4,5.9E-6,4465
3298.3,30,-2790.9,-4.401E-4,7.1E-6,4465
3299.3,30,-2695.9,-4.24E-4,6.9E-6,4465
