A	B	C	D
17.36649	-2.95397	17.36669	0.34633
17.40097	-2.95353	17.40117	0.34678
17.43389	-2.95283	17.43409	0.34747
17.46864	-2.95171	17.46884	0.34859
17.50197	-2.95096	17.50217	0.34934
17.53441	-2.95115	17.53461	0.34915
17.56753	-2.95092	17.56773	0.34938
17.60083	-2.95094	17.60103	0.34936
17.63142	-2.95054	17.63162	0.34976
17.66558	-2.95043	17.66578	0.34987
17.69822	-2.9508	17.69842	0.3495
17.73218	-2.95099	17.73238	0.34931
17.76682	-2.95063	17.76702	0.34967
17.79988	-2.95053	17.80008	0.34977
17.83261	-2.95019	17.83281	0.35011
17.86517	-2.95048	17.86537	0.34982
17.89758	-2.95016	17.89778	0.35014
17.93114	-2.94978	17.93134	0.35052
17.96368	-2.95028	17.96388	0.35002
18.0004	-2.95036	18.0006	0.34994
18.03188	-2.95037	18.03208	0.34993
18.06177	-2.94981	18.06197	0.35049
18.09571	-2.9499	18.09591	0.3504
18.13108	-2.95006	18.13128	0.35024
18.16237	-2.95012	18.16257	0.35018
18.19579	-2.95005	18.19599	0.35025
18.22903	-2.95062	18.22923	0.34968
18.26163	-2.95067	18.26183	0.34963
18.2949	-2.95051	18.2951	0.34979
18.32521	-2.95018	18.32541	0.35012
18.35577	-2.94966	18.35597	0.35064
18.38722	-2.94989	18.38742	0.35041
18.42243	-2.95011	18.42263	0.35019
18.45597	-2.94985	18.45617	0.35045
18.49003	-2.95023	18.49023	0.35007
18.52269	-2.94943	18.52289	0.35087
18.55823	-2.94866	18.55843	0.35164
18.5883	-2.94819	18.5885	0.35211
18.62334	-2.94781	18.62354	0.35249
18.65497	-2.94777	18.65517	0.35253
18.68903	-2.94759	18.68923	0.35271
18.72222	-2.94676	18.72242	0.35354
18.75652	-2.94735	18.75672	0.35295
18.78833	-2.94713	18.78853	0.35317
18.82179	-2.94639	18.82199	0.35391
18.85622	-2.94572	18.85642	0.35458
18.88772	-2.94511	18.88792	0.35519
18.92012	-2.94468	18.92032	0.35562
18.95318	-2.94446	18.95338	0.35584
18.9864	-2.94443	18.9866	0.35587
19.01814	-2.94463	19.01834	0.35567
19.05193	-2.94498	19.05213	0.35532
19.08564	-2.945	19.08584	0.3553
19.11899	-2.94465	19.11919	0.35565
19.15293	-2.94384	19.15313	0.35646
19.18629	-2.944	19.18649	0.3563
19.21895	-2.9438	19.21915	0.3565
19.25046	-2.94338	19.25066	0.35692
19.28407	-2.94346	19.28427	0.35684
19.31787	-2.94311	19.31807	0.35719
19.34854	-2.94334	19.34874	0.35696
19.37928	-2.94333	19.37948	0.35697
19.41214	-2.94285	19.41234	0.35745
19.44393	-2.94254	19.44413	0.35776
19.47679	-2.94242	19.47699	0.35788
19.50954	-2.94198	19.50974	0.35832
19.54382	-2.9417	19.54402	0.3586
19.57619	-2.94164	19.57639	0.35866
19.60919	-2.94173	19.60939	0.35857
19.64235	-2.94147	19.64255	0.35883
19.67566	-2.94184	19.67586	0.35846
19.70815	-2.94166	19.70835	0.35864
19.74311	-2.94138	19.74331	0.35892
19.77735	-2.9414	19.77755	0.3589
19.80851	-2.94164	19.80871	0.35866
19.83979	-2.94145	19.83999	0.35885
19.87291	-2.94149	19.87311	0.35881
19.90529	-2.94107	19.90549	0.35923
19.93904	-2.94095	19.93924	0.35935
19.97214	-2.94109	19.97234	0.35921
20.00417	-2.94109	20.00437	0.35921
20.03566	-2.94078	20.03586	0.35952
20.06732	-2.9406	20.06752	0.3597
20.10111	-2.94028	20.10131	0.36002
20.1363	-2.94005	20.1365	0.36025
20.16983	-2.94005	20.17003	0.36025
20.20265	-2.9401	20.20285	0.3602
20.2335	-2.93999	20.2337	0.36031
20.26727	-2.93969	20.26747	0.36061
20.30182	-2.94003	20.30202	0.36027
20.3362	-2.94008	20.3364	0.36022
20.36882	-2.94028	20.36902	0.36002
20.40157	-2.94026	20.40177	0.36004
20.43516	-2.94052	20.43536	0.35978
20.46603	-2.94037	20.46623	0.35993
20.50223	-2.94042	20.50243	0.35988
20.53528	-2.94011	20.53548	0.36019
20.56755	-2.94017	20.56775	0.36013
20.60181	-2.9404	20.60201	0.3599
20.63406	-2.9407	20.63426	0.3596
20.6691	-2.94071	20.6693	0.35959
20.70254	-2.94086	20.70274	0.35944
20.73662	-2.94062	20.73682	0.35968
20.76793	-2.94086	20.76813	0.35944
20.79911	-2.94146	20.79931	0.35884
20.8328	-2.94112	20.833	0.35918
20.86688	-2.94104	20.86708	0.35926
20.8998	-2.94087	20.9	0.35943
20.93256	-2.94082	20.93276	0.35948
20.96511	-2.94087	20.96531	0.35943
20.99827	-2.94052	20.99847	0.35978
21.03337	-2.93978	21.03357	0.36052
21.06631	-2.93979	21.06651	0.36051
21.09821	-2.94002	21.09841	0.36028
21.13413	-2.94014	21.13433	0.36016
21.16542	-2.93947	21.16562	0.36083
21.19945	-2.93923	21.19965	0.36107
21.2292	-2.93857	21.2294	0.36173
21.26203	-2.93877	21.26223	0.36153
21.29594	-2.93856	21.29614	0.36174
21.3303	-2.93777	21.3305	0.36253
21.36221	-2.93766	21.36241	0.36264
21.395	-2.9374	21.3952	0.3629
21.42919	-2.93795	21.42939	0.36235
21.4617	-2.93826	21.4619	0.36204
21.49151	-2.93833	21.49171	0.36197
21.52599	-2.93765	21.52619	0.36265
21.5594	-2.93678	21.5596	0.36352
21.592	-2.93662	21.5922	0.36368
21.62643	-2.93666	21.62663	0.36364
21.6587	-2.93582	21.6589	0.36448
21.69093	-2.93549	21.69113	0.36481
21.72375	-2.93515	21.72395	0.36515
21.75389	-2.93468	21.75409	0.36562
21.78867	-2.93509	21.78887	0.36521
21.82317	-2.93459	21.82337	0.36571
21.8558	-2.93403	21.856	0.36627
21.88901	-2.93387	21.88921	0.36643
21.92134	-2.93413	21.92154	0.36617
21.9537	-2.9347	21.9539	0.3656
21.98441	-2.93443	21.98461	0.36587
22.02048	-2.93412	22.02068	0.36618
22.05257	-2.93382	22.05277	0.36648
22.0845	-2.93395	22.0847	0.36635
22.11865	-2.93357	22.11885	0.36673
22.15183	-2.93345	22.15203	0.36685
22.18503	-2.93365	22.18523	0.36665
22.21386	-2.9338	22.21406	0.3665
22.24583	-2.93371	22.24603	0.36659
22.28186	-2.93361	22.28206	0.36669
22.31399	-2.93363	22.31419	0.36667
22.34512	-2.93379	22.34532	0.36651
22.37885	-2.93388	22.37905	0.36642
22.41424	-2.9336	22.41444	0.3667
22.44886	-2.93405	22.44906	0.36625
22.48159	-2.93386	22.48179	0.36644
22.51539	-2.93318	22.51559	0.36712
22.54755	-2.93351	22.54775	0.36679
22.58051	-2.93376	22.58071	0.36654
22.61249	-2.93379	22.61269	0.36651
22.64429	-2.93378	22.64449	0.36652
22.67759	-2.93362	22.67779	0.36668
22.71154	-2.93336	22.71174	0.36694
22.74479	-2.93335	22.74499	0.36695
22.77806	-2.93361	22.77826	0.36669
22.81048	-2.93312	22.81068	0.36718
22.84113	-2.93329	22.84133	0.36701
22.87513	-2.93349	22.87533	0.36681
22.91123	-2.9334	22.91143	0.3669
22.94235	-2.93367	22.94255	0.36663
22.97642	-2.93349	22.97662	0.36681
23.00928	-2.93341	23.00948	0.36689
23.04295	-2.93363	23.04315	0.36667
23.075	-2.93337	23.0752	0.36693
23.10725	-2.93344	23.10745	0.36686
23.14049	-2.93324	23.14069	0.36706
23.17277	-2.93325	23.17297	0.36705
23.20736	-2.93316	23.20756	0.36714
23.23995	-2.93331	23.24015	0.36699
23.27214	-2.93306	23.27234	0.36725
23.30734	-2.93342	23.30754	0.36688
23.3405	-2.93376	23.3407	0.36654
23.37362	-2.93388	23.37382	0.36642
23.40652	-2.93348	23.40672	0.36682
23.43819	-2.93317	23.43839	0.36713
23.46839	-2.933	23.46859	0.3673
23.50221	-2.93265	23.50241	0.36765
23.53609	-2.9326	23.53629	0.3677
23.57158	-2.93283	23.57178	0.36747
23.60723	-2.93311	23.60743	0.36719
23.63838	-2.93203	23.63858	0.36827
23.67097	-2.93237	23.67117	0.36793
23.7055	-2.93239	23.7057	0.36791
23.73689	-2.93275	23.73709	0.36755
23.77077	-2.93327	23.77097	0.36703
23.80313	-2.93383	23.80333	0.36647
23.83493	-2.934	23.83513	0.3663
23.86738	-2.93448	23.86758	0.36582
23.90029	-2.93483	23.90049	0.36547
23.93382	-2.93535	23.93402	0.36495
23.96433	-2.93578	23.96453	0.36452
23.99705	-2.93593	23.99725	0.36437
24.03027	-2.93591	24.03047	0.36439
24.06523	-2.93646	24.06543	0.36384
24.09704	-2.93658	24.09724	0.36372
24.13066	-2.93704	24.13086	0.36326
24.16473	-2.93727	24.16493	0.36303
24.19947	-2.93738	24.19967	0.36292
24.23255	-2.93779	24.23275	0.36251
24.26446	-2.93761	24.26466	0.36269
24.29704	-2.93766	24.29724	0.36264
24.33005	-2.93742	24.33025	0.36288
24.36455	-2.93769	24.36475	0.36261
24.39805	-2.9375	24.39825	0.3628
24.42958	-2.93714	24.42978	0.36316
24.46294	-2.9372	24.46314	0.3631
24.49505	-2.93746	24.49525	0.36284
24.53001	-2.93701	24.53021	0.36329
24.56212	-2.93625	24.56232	0.36405
24.59266	-2.93599	24.59286	0.36431
24.62525	-2.9362	24.62545	0.3641
24.6606	-2.93582	24.6608	0.36448
24.69415	-2.93572	24.69435	0.36458
24.72618	-2.93513	24.72638	0.36517
24.76115	-2.93502	24.76135	0.36528
24.79409	-2.93527	24.79429	0.36503
24.82861	-2.93507	24.82881	0.36523
24.86038	-2.93492	24.86058	0.36538
24.8939	-2.93506	24.8941	0.36524
24.9265	-2.9353	24.9267	0.365
24.96	-2.93527	24.9602	0.36503
24.9931	-2.93536	24.9933	0.36494
25.02539	-2.93564	25.02559	0.36466
25.06066	-2.93563	25.06086	0.36467
25.0919	-2.93595	25.0921	0.36435
25.12452	-2.93666	25.12472	0.36365
25.15785	-2.93693	25.15805	0.36338
25.19126	-2.93692	25.19146	0.36338
25.22263	-2.93725	25.22283	0.36305
25.25788	-2.93759	25.25808	0.36271
25.29118	-2.93785	25.29138	0.36245
25.32461	-2.93831	25.32481	0.36199
25.35605	-2.93856	25.35625	0.36174
25.38881	-2.93874	25.38901	0.36156
25.41907	-2.93954	25.41927	0.36076
25.45263	-2.93999	25.45283	0.36031
25.48751	-2.94025	25.48771	0.36005
25.52017	-2.94052	25.52037	0.35978
25.55175	-2.94049	25.55195	0.35981
25.58628	-2.94067	25.58648	0.35963
25.61871	-2.94084	25.61891	0.35946
25.65112	-2.94162	25.65132	0.35868
25.68536	-2.9425	25.68556	0.3578
25.71835	-2.94288	25.71855	0.35742
25.75162	-2.94331	25.75182	0.35699
25.78473	-2.94404	25.78493	0.35626
25.81823	-2.94478	25.81843	0.35552
25.84935	-2.94585	25.84955	0.35445
25.88148	-2.94637	25.88168	0.35393
25.91383	-2.9473	25.91403	0.353
25.94829	-2.94822	25.94849	0.35208
25.9821	-2.94938	25.9823	0.35092
26.01435	-2.95045	26.01455	0.34985
26.04887	-2.9514	26.04907	0.3489
26.08111	-2.95247	26.08131	0.34783
26.11235	-2.95369	26.11255	0.34661
26.14755	-2.95447	26.14775	0.34583
26.17807	-2.95548	26.17827	0.34482
26.21201	-2.95676	26.21221	0.34354
26.24337	-2.95825	26.24357	0.34205
26.2775	-2.95979	26.2777	0.34051
26.31078	-2.96053	26.31098	0.33977
26.34368	-2.96152	26.34388	0.33878
26.37663	-2.96314	26.37683	0.33716
26.41244	-2.96435	26.41264	0.33595
26.44451	-2.96587	26.44471	0.33443
26.47645	-2.96677	26.47665	0.33353
26.51109	-2.96789	26.51129	0.33241
26.54348	-2.96869	26.54368	0.33161
26.57575	-2.97023	26.57595	0.33007
26.60847	-2.97169	26.60867	0.32861
26.64409	-2.9736	26.64429	0.3267
26.6764	-2.97568	26.6766	0.32462
26.7088	-2.97739	26.709	0.32291
26.74137	-2.97993	26.74157	0.32037
26.77653	-2.98251	26.77673	0.31779
26.80961	-2.98513	26.80981	0.31517
26.84014	-2.98787	26.84034	0.31243
26.87298	-2.99077	26.87318	0.30953
26.90651	-2.9944	26.90671	0.3059
26.93894	-2.99797	26.93914	0.30233
26.96949	-3.00194	26.96969	0.29836
27.00338	-3.00624	27.00358	0.29406
27.03607	-3.01092	27.03627	0.28938
27.07156	-3.01664	27.07176	0.28366
27.10691	-3.0225	27.10711	0.2778
27.13865	-3.02929	27.13885	0.27101
27.17109	-3.0365	27.17129	0.2638
27.20355	-3.04486	27.20375	0.25544
27.23548	-3.0538	27.23568	0.2465
27.2699	-3.06407	27.2701	0.23623
27.30314	-3.07522	27.30334	0.22508
27.33506	-3.08785	27.33526	0.21245
27.36957	-3.103	27.36977	0.1973
27.40253	-3.11863	27.40273	0.18167
27.43464	-3.13734	27.43484	0.16296
27.47025	-3.15906	27.47045	0.14124
27.50364	-3.18371	27.50384	0.11659
27.53663	-3.21346	27.53683	0.08684
27.56987	-3.24899	27.57007	0.05131
27.60338	-3.2914	27.60358	0.0089
27.6364	-3.34334	27.6366	-0.04304
27.67068	-3.40694	27.67088	-0.10664
27.70147	-3.48559	27.70167	-0.18529
27.73655	-3.58593	27.73675	-0.28563
27.76902	-3.71374	27.76922	-0.41344
27.80447	-3.88219	27.80467	-0.58189
27.83845	-4.10585	27.83865	-0.80555
27.86904	-4.40474	27.86924	-1.10444
27.90021	-4.78746	27.90041	-1.48716
27.93304	-5.23067	27.93324	-1.93037
27.96649	-5.71324	27.96669	-2.41294
28.00019	-6.26235	28.00039	-2.96205
28.03631	-6.89186	28.03651	-3.59156
28.07112	-7.61885	28.07132	-4.31855
28.10321	-8.39948	28.10341	-5.09918
28.1365	-9.02241	28.1367	-5.72211
28.16959	-9.23377	28.16979	-5.93347
28.20219	-8.93716	28.20239	-5.63686
28.23521	-8.25587	28.23541	-4.95557
28.26998	-7.45155	28.27018	-4.15125
28.3015	-6.69731	28.3017	-3.39701
28.33436	-6.04316	28.33456	-2.74286
28.36945	-5.49259	28.36965	-2.19229
28.40128	-5.03386	28.40148	-1.73356
28.43235	-4.65517	28.43255	-1.35487
28.46678	-4.34306	28.46698	-1.04276
28.50019	-4.08634	28.50039	-0.78604
28.53467	-3.87499	28.53487	-0.57469
28.56587	-3.70121	28.56607	-0.40091
28.59845	-3.55939	28.59865	-0.25909
28.62975	-3.44235	28.62995	-0.14205
28.66257	-3.34619	28.66277	-0.04589
28.69648	-3.26718	28.69668	0.03312
28.73123	-3.20306	28.73143	0.09724
28.76291	-3.1502	28.76311	0.1501
28.79671	-3.1081	28.79691	0.1922
28.82947	-3.07306	28.82967	0.22724
28.8636	-3.04403	28.8638	0.25627
28.89731	-3.02026	28.89751	0.28004
28.93055	-3.00161	28.93075	0.29869
28.9624	-2.98669	28.9626	0.31361
28.99507	-2.97441	28.99527	0.32589
29.02899	-2.96374	29.02919	0.33656
29.06372	-2.95585	29.06392	0.34445
29.09687	-2.94869	29.09707	0.35161
29.12932	-2.9438	29.12952	0.3565
29.16389	-2.93958	29.16409	0.36072
29.19695	-2.9371	29.19715	0.3632
29.22939	-2.93568	29.22959	0.36462
29.2603	-2.93514	29.2605	0.36516
29.29273	-2.93474	29.29293	0.36556
29.32628	-2.93506	29.32648	0.36524
29.35882	-2.93482	29.35902	0.36548
29.39373	-2.93442	29.39393	0.36588
29.42508	-2.93316	29.42528	0.36714
29.45987	-2.931	29.46007	0.3693
29.49149	-2.92849	29.49169	0.37181
29.52608	-2.926	29.52628	0.3743
29.55964	-2.92457	29.55984	0.37573
29.59244	-2.92291	29.59264	0.37739
29.62745	-2.92145	29.62765	0.37885
29.66095	-2.92016	29.66115	0.38014
29.69314	-2.91904	29.69334	0.38126
29.72663	-2.91809	29.72683	0.38221
29.7614	-2.91722	29.7616	0.38308
29.79698	-2.91688	29.79718	0.38342
29.82775	-2.91622	29.82795	0.38408
29.86106	-2.9153	29.86126	0.385
29.89431	-2.91479	29.89451	0.38551
29.92529	-2.91425	29.92549	0.38605
29.95731	-2.91338	29.95751	0.38692
29.98798	-2.91281	29.98818	0.38749
30.02065	-2.91192	30.02085	0.38838
30.05421	-2.91192	30.05441	0.38838
30.08756	-2.91191	30.08776	0.38839
30.12035	-2.91113	30.12055	0.38917
30.1526	-2.91141	30.1528	0.38889
30.18852	-2.91067	30.18872	0.38963
30.22028	-2.91027	30.22048	0.39003
30.25418	-2.91006	30.25438	0.39024
30.28749	-2.91043	30.28769	0.38987
30.31708	-2.91026	30.31728	0.39004
30.35326	-2.91014	30.35346	0.39016
30.38608	-2.91032	30.38628	0.38998
30.41897	-2.91047	30.41917	0.38983
30.45209	-2.91023	30.45229	0.39007
30.48627	-2.90997	30.48647	0.39033
30.52086	-2.91038	30.52106	0.38992
30.552	-2.91047	30.5522	0.38983
30.58751	-2.91052	30.58771	0.38978
30.61998	-2.91048	30.62018	0.38982
30.6547	-2.9104	30.6549	0.3899
30.68923	-2.91068	30.68943	0.38962
30.72176	-2.9109	30.72196	0.3894
30.7543	-2.91089	30.7545	0.38941
30.78801	-2.91078	30.78821	0.38952
30.82146	-2.91088	30.82166	0.38942
30.85483	-2.91056	30.85503	0.38974
30.88998	-2.91068	30.89018	0.38962
30.92438	-2.9107	30.92458	0.3896
30.9568	-2.91033	30.957	0.38997
30.98921	-2.90963	30.98941	0.39067
31.02151	-2.90965	31.02171	0.39065
31.05546	-2.90913	31.05566	0.39117
31.08991	-2.90882	31.09011	0.39148
31.12542	-2.90889	31.12562	0.39141
31.15807	-2.90857	31.15827	0.39173
31.19224	-2.90787	31.19244	0.39243
31.22703	-2.90777	31.22723	0.39253
31.25967	-2.90805	31.25987	0.39225
31.29062	-2.90848	31.29082	0.39182
31.32454	-2.90857	31.32474	0.39173
31.35869	-2.90807	31.35889	0.39223
31.39104	-2.90806	31.39124	0.39224
31.42233	-2.90795	31.42253	0.39235
31.45396	-2.90789	31.45416	0.39241
31.4893	-2.90794	31.4895	0.39236
31.52065	-2.90794	31.52085	0.39236
31.55404	-2.90755	31.55424	0.39275
31.58737	-2.90723	31.58757	0.39307
31.62219	-2.90712	31.62239	0.39318
31.6537	-2.90767	31.6539	0.39263
31.68754	-2.90765	31.68774	0.39265
31.71976	-2.90807	31.71996	0.39223
31.7525	-2.90804	31.7527	0.39226
31.78503	-2.90812	31.78523	0.39218
31.82229	-2.90789	31.82249	0.39241
31.85504	-2.90805	31.85524	0.39225
31.8859	-2.90888	31.8861	0.39142
31.9197	-2.90867	31.9199	0.39163
31.95445	-2.90848	31.95465	0.39182
31.98694	-2.90837	31.98714	0.39193
32.01947	-2.90791	32.01967	0.39239
32.05252	-2.90792	32.05272	0.39238
32.08654	-2.90761	32.08674	0.39269
32.11968	-2.90749	32.11988	0.39281
32.15209	-2.90767	32.15229	0.39263
32.18538	-2.90759	32.18558	0.39271
32.21904	-2.90754	32.21924	0.39276
32.25191	-2.90718	32.25211	0.39312
32.2843	-2.90768	32.2845	0.39262
32.31684	-2.90758	32.31704	0.39272
32.34875	-2.90805	32.34895	0.39225
32.38298	-2.90817	32.38318	0.39213
32.41628	-2.9087	32.41648	0.3916
32.45121	-2.90815	32.45141	0.39215
32.48356	-2.90795	32.48376	0.39235
32.51796	-2.90804	32.51816	0.39226
32.54998	-2.90796	32.55018	0.39234
32.58345	-2.90777	32.58365	0.39253
32.61503	-2.90775	32.61523	0.39255
32.65068	-2.9083	32.65088	0.392
32.68435	-2.9086	32.68455	0.3917
32.71883	-2.90872	32.71903	0.39158
32.75034	-2.90907	32.75054	0.39123
32.78342	-2.9087	32.78362	0.3916
32.81596	-2.90871	32.81616	0.39159
32.84862	-2.90907	32.84882	0.39123
32.88006	-2.909	32.88026	0.3913
32.91452	-2.90948	32.91472	0.39082
32.94923	-2.90955	32.94943	0.39075
32.9832	-2.9094	32.9834	0.3909
33.01574	-2.90949	33.01594	0.39081
33.04704	-2.90894	33.04724	0.39136
33.08006	-2.90886	33.08026	0.39144
33.11525	-2.90877	33.11545	0.39153
33.15032	-2.90847	33.15052	0.39183
33.18313	-2.9083	33.18333	0.392
33.2177	-2.90772	33.2179	0.39258
33.25126	-2.90683	33.25146	0.39347
33.28545	-2.90661	33.28565	0.39369
33.31698	-2.90643	33.31718	0.39387
33.34729	-2.90645	33.34749	0.39385
33.38346	-2.90631	33.38366	0.39399
33.41684	-2.90586	33.41704	0.39444
33.44689	-2.90578	33.44709	0.39452
33.48058	-2.90582	33.48078	0.39448
33.51289	-2.90627	33.51309	0.39403
33.54391	-2.90678	33.54411	0.39352
33.57865	-2.90653	33.57885	0.39377
33.612	-2.90693	33.6122	0.39337
33.64535	-2.90734	33.64555	0.39296
33.67755	-2.9074	33.67775	0.3929
33.71407	-2.90729	33.71427	0.39301
33.7457	-2.90759	33.7459	0.39271
33.78068	-2.90761	33.78088	0.39269
33.81284	-2.90761	33.81304	0.39269
33.84649	-2.9078	33.84669	0.3925
33.87643	-2.90713	33.87663	0.39317
33.90697	-2.9068	33.90717	0.3935
33.94031	-2.90696	33.94051	0.39334
33.97235	-2.90696	33.97255	0.39334
34.00832	-2.9064	34.00852	0.3939
34.04141	-2.90607	34.04161	0.39423
34.07358	-2.90527	34.07378	0.39503
34.10576	-2.90451	34.10596	0.39579
34.13771	-2.90456	34.13791	0.39574
34.17302	-2.90463	34.17322	0.39567
34.20598	-2.90431	34.20618	0.39599
34.23933	-2.90431	34.23953	0.39599
34.27184	-2.90457	34.27204	0.39573
34.30506	-2.90453	34.30526	0.39577
34.34114	-2.90442	34.34134	0.39588
34.3725	-2.90422	34.3727	0.39608
34.40555	-2.90408	34.40575	0.39622
34.43823	-2.90397	34.43843	0.39633
34.47369	-2.90397	34.47389	0.39633
34.50628	-2.90416	34.50648	0.39614
34.53569	-2.9046	34.53589	0.3957
34.57045	-2.90459	34.57065	0.39571
34.60256	-2.90516	34.60276	0.39514
34.63533	-2.90511	34.63553	0.39519
34.67043	-2.90511	34.67063	0.39519
34.70237	-2.90557	34.70257	0.39473
34.73574	-2.90574	34.73594	0.39456
34.76739	-2.90626	34.76759	0.39404
34.80192	-2.90632	34.80212	0.39398
34.83534	-2.90638	34.83554	0.39392
34.86652	-2.90571	34.86672	0.39459
34.89967	-2.90571	34.89987	0.39459
34.93409	-2.90643	34.93429	0.39387
34.97017	-2.90662	34.97037	0.39368
35.00138	-2.90689	35.00158	0.39341
35.03267	-2.90688	35.03287	0.39342
35.06542	-2.90678	35.06562	0.39352
35.09852	-2.90657	35.09872	0.39373
35.13219	-2.90601	35.13239	0.39429
35.16623	-2.90629	35.16643	0.39402
35.19994	-2.90639	35.20014	0.39391
35.23196	-2.90646	35.23216	0.39384
35.26499	-2.90615	35.26519	0.39415
35.29847	-2.90662	35.29867	0.39368
35.33024	-2.90646	35.33044	0.39384
35.36362	-2.90622	35.36382	0.39408
35.39539	-2.9064	35.39559	0.3939
35.42929	-2.90664	35.42949	0.39366
35.46315	-2.90675	35.46335	0.39355
35.49775	-2.9067	35.49795	0.3936
35.53197	-2.90661	35.53217	0.39369
35.56608	-2.90558	35.56628	0.39472
35.59614	-2.90576	35.59634	0.39454
35.6307	-2.90549	35.6309	0.39481
35.66476	-2.90594	35.66496	0.39436
35.69931	-2.9051	35.69951	0.3952
35.73245	-2.90505	35.73265	0.39525
35.76539	-2.90509	35.76559	0.39521
35.79832	-2.90456	35.79852	0.39574
35.8334	-2.90485	35.8336	0.39545
35.86661	-2.90454	35.86681	0.39576
35.89837	-2.90457	35.89857	0.39573
35.9325	-2.90451	35.9327	0.39579
35.96602	-2.90487	35.96622	0.39543
35.99736	-2.90522	35.99756	0.39508
36.0287	-2.90583	36.0289	0.39447
36.06538	-2.90571	36.06558	0.39459
36.09807	-2.906	36.09827	0.3943
36.1317	-2.90647	36.1319	0.39383
36.16502	-2.9062	36.16522	0.3941
36.19768	-2.90579	36.19788	0.39451
36.2317	-2.90532	36.2319	0.39498
36.26567	-2.90537	36.26587	0.39493
36.29771	-2.90541	36.29791	0.39489
36.32991	-2.90569	36.33011	0.39461
36.36519	-2.90597	36.36539	0.39433
36.39738	-2.90558	36.39758	0.39472
36.43022	-2.90537	36.43042	0.39493
36.46465	-2.90515	36.46485	0.39515
36.49536	-2.90467	36.49556	0.39563
36.52896	-2.90475	36.52916	0.39555
36.56055	-2.90458	36.56075	0.39572
36.59339	-2.9052	36.59359	0.3951
36.62653	-2.90535	36.62673	0.39495
36.65978	-2.9054	36.65998	0.3949
36.69475	-2.90531	36.69495	0.39499
36.72792	-2.90563	36.72812	0.39467
36.7611	-2.90628	36.7613	0.39402
36.79496	-2.90558	36.79516	0.39472
36.82768	-2.90546	36.82788	0.39484
36.85991	-2.90587	36.86011	0.39443
36.89442	-2.90583	36.89462	0.39447
36.9269	-2.90529	36.9271	0.39501
36.95822	-2.90524	36.95842	0.39506
36.99156	-2.90497	36.99176	0.39533
37.02563	-2.90485	37.02583	0.39545
37.05457	-2.90433	37.05477	0.39597
37.08882	-2.90369	37.08902	0.39661
37.1231	-2.9027	37.1233	0.3976
37.1572	-2.90272	37.1574	0.39758
37.19051	-2.90329	37.19071	0.39701
37.22296	-2.90293	37.22316	0.39737
37.25539	-2.903	37.25559	0.3973
37.28877	-2.90317	37.28897	0.39713
37.32108	-2.90324	37.32128	0.39706
37.35386	-2.90324	37.35406	0.39706
37.38853	-2.90354	37.38873	0.39676
37.42227	-2.90449	37.42247	0.39581
37.45448	-2.9046	37.45468	0.3957
37.4884	-2.9046	37.4886	0.3957
37.52197	-2.90463	37.52217	0.39567
37.55571	-2.90472	37.55591	0.39558
37.59004	-2.90441	37.59024	0.39589
37.62052	-2.90479	37.62072	0.39551
37.65569	-2.90456	37.65589	0.39574
37.68862	-2.90461	37.68882	0.39569
37.7211	-2.90535	37.7213	0.39495
37.75314	-2.90529	37.75334	0.39501
37.78624	-2.90525	37.78644	0.39505
37.82182	-2.90559	37.82202	0.39471
37.85411	-2.90524	37.85431	0.39506
37.88451	-2.90497	37.88471	0.39533
37.92084	-2.90513	37.92104	0.39517
37.95306	-2.90452	37.95326	0.39578
37.98665	-2.90492	37.98685	0.39538
38.01904	-2.90533	38.01924	0.39497
38.04803	-2.90523	38.04823	0.39507
38.08223	-2.90536	38.08243	0.39494
38.11872	-2.90605	38.11892	0.39425
38.15266	-2.9063	38.15286	0.394
38.18524	-2.90687	38.18544	0.39343
38.21702	-2.90672	38.21722	0.39358
38.24985	-2.90677	38.25005	0.39353
38.28392	-2.90672	38.28412	0.39358
38.31674	-2.90671	38.31694	0.39359
38.35055	-2.90614	38.35075	0.39416
38.38373	-2.90587	38.38393	0.39443
38.41582	-2.9057	38.41602	0.3946
38.44902	-2.90507	38.44922	0.39523
38.48174	-2.90413	38.48194	0.39617
38.5145	-2.90414	38.5147	0.39616
38.54826	-2.90404	38.54846	0.39626
38.58192	-2.90435	38.58212	0.39595
38.6144	-2.90469	38.6146	0.39561
38.64784	-2.90516	38.64804	0.39514
38.68095	-2.90552	38.68115	0.39478
38.71495	-2.90577	38.71515	0.39453
38.74692	-2.90574	38.74712	0.39456
38.77948	-2.90603	38.77968	0.39427
38.81292	-2.90578	38.81312	0.39452
38.84344	-2.90595	38.84364	0.39435
38.87678	-2.90563	38.87698	0.39467
38.90942	-2.90548	38.90962	0.39482
38.94172	-2.90546	38.94192	0.39484
38.97577	-2.90562	38.97597	0.39468
39.00906	-2.90499	39.00926	0.39531
39.04118	-2.90511	39.04138	0.39519
39.07541	-2.90556	39.07561	0.39474
39.10926	-2.90559	39.10946	0.39471
39.14403	-2.90542	39.14423	0.39488
39.17537	-2.90538	39.17557	0.39492
39.21038	-2.90569	39.21058	0.39461
39.24187	-2.90558	39.24207	0.39472
39.27293	-2.90602	39.27313	0.39428
39.30813	-2.9061	39.30833	0.3942
39.34118	-2.90639	39.34138	0.39391
39.37385	-2.9063	39.37405	0.394
39.40708	-2.90611	39.40728	0.39419
39.44133	-2.90616	39.44153	0.39414
39.47441	-2.90546	39.47461	0.39484
39.50795	-2.90582	39.50815	0.39448
39.54301	-2.90608	39.54321	0.39422
39.57437	-2.90619	39.57457	0.39411
39.60756	-2.9062	39.60776	0.3941
39.64152	-2.90649	39.64172	0.39381
39.67532	-2.90658	39.67552	0.39372
39.70679	-2.90638	39.70699	0.39392
39.73959	-2.9067	39.73979	0.3936
39.77249	-2.90714	39.77269	0.39316
39.80353	-2.90705	39.80373	0.39325
39.84037	-2.9067	39.84057	0.3936
39.87439	-2.90639	39.87459	0.39391
39.91185	-2.90584	39.91205	0.39446
39.94762	-2.90537	39.94782	0.39493
39.97696	-2.90498	39.97716	0.39532
40.00915	-2.90475	40.00935	0.39555
40.04179	-2.90423	40.04199	0.39607
40.07712	-2.90429	40.07732	0.39601
40.10805	-2.90407	40.10825	0.39623
40.13773	-2.90389	40.13793	0.39641
40.17788	-2.90325	40.17808	0.39705
40.20561	-2.90295	40.20581	0.39735
40.23901	-2.90333	40.23921	0.39697
40.274	-2.90444	40.2742	0.39586
40.30495	-2.90465	40.30515	0.39565
40.33977	-2.90468	40.33997	0.39562
40.37294	-2.90437	40.37314	0.39593
40.40326	-2.90378	40.40346	0.39652
40.43704	-2.90367	40.43724	0.39663
40.47019	-2.90371	40.47039	0.39659
40.50247	-2.90362	40.50267	0.39668
40.53713	-2.90323	40.53733	0.39707
40.56901	-2.90346	40.56921	0.39684
40.60194	-2.90402	40.60214	0.39628
40.63571	-2.90434	40.63591	0.39596
40.66955	-2.90489	40.66975	0.39541
40.70497	-2.9041	40.70517	0.3962
40.735	-2.90456	40.7352	0.39574
40.76921	-2.90484	40.76941	0.39546
40.80098	-2.90502	40.80118	0.39528
40.83641	-2.90524	40.83661	0.39506
40.86875	-2.90604	40.86895	0.39426
40.9013	-2.90607	40.9015	0.39423
40.93391	-2.90609	40.93411	0.39421
40.96789	-2.90668	40.96809	0.39362
41.00264	-2.9069	41.00284	0.39341
41.03538	-2.90641	41.03558	0.39389
41.06713	-2.90688	41.06733	0.39342
41.10075	-2.90729	41.10095	0.39301
41.13262	-2.90732	41.13282	0.39298
41.16551	-2.90672	41.16571	0.39358
41.19963	-2.90615	41.19983	0.39415
41.23213	-2.90641	41.23233	0.39389
41.26443	-2.90593	41.26463	0.39437
41.29798	-2.90599	41.29818	0.39431
41.33057	-2.90599	41.33077	0.39431
41.36538	-2.90562	41.36558	0.39468
41.40066	-2.90505	41.40086	0.39525
41.43197	-2.90474	41.43217	0.39556
41.46388	-2.90498	41.46408	0.39532
41.4967	-2.90493	41.4969	0.39537
41.53091	-2.90528	41.53111	0.39502
41.56593	-2.90499	41.56613	0.39531
41.59683	-2.90528	41.59703	0.39502
41.62982	-2.90579	41.63002	0.39451
41.66327	-2.90621	41.66347	0.39409
41.69394	-2.90637	41.69414	0.39393
41.72612	-2.90644	41.72632	0.39386
41.76078	-2.90589	41.76098	0.39441
41.79404	-2.90527	41.79424	0.39503
41.82664	-2.90456	41.82684	0.39574
41.85899	-2.90439	41.85919	0.39591
41.89229	-2.90464	41.89249	0.39566
41.9281	-2.90482	41.9283	0.39548
41.95843	-2.90503	41.95863	0.39527
41.99369	-2.90556	41.99389	0.39474
42.0266	-2.90606	42.0268	0.39424
42.05979	-2.90637	42.05999	0.39393
42.09267	-2.90665	42.09287	0.39365
42.12418	-2.90715	42.12438	0.39315
42.15799	-2.90807	42.15819	0.39223
42.19067	-2.90812	42.19087	0.39218
42.22477	-2.90949	42.22497	0.39081
42.25737	-2.90945	42.25757	0.39085
42.29111	-2.90943	42.29131	0.39087
42.3227	-2.90973	42.3229	0.39057
42.35636	-2.90974	42.35656	0.39056
42.39061	-2.90905	42.39081	0.39125
42.42008	-2.90923	42.42028	0.39107
42.4565	-2.90821	42.4567	0.39209
42.49011	-2.90808	42.49031	0.39222
42.52411	-2.90795	42.52431	0.39235
42.55637	-2.90822	42.55657	0.39208
42.59034	-2.90867	42.59054	0.39163
42.62396	-2.90876	42.62416	0.39154
42.65762	-2.90872	42.65782	0.39158
42.69072	-2.90924	42.69092	0.39106
42.7223	-2.90931	42.7225	0.39099
42.75635	-2.90915	42.75655	0.39115
42.79147	-2.90915	42.79167	0.39115
42.82268	-2.90973	42.82288	0.39057
42.85604	-2.90965	42.85624	0.39065
42.89124	-2.90929	42.89144	0.39101
42.92222	-2.90868	42.92242	0.39162
42.95641	-2.90799	42.95661	0.39231
42.98951	-2.90732	42.98971	0.39298
43.02344	-2.90761	43.02364	0.39269
43.05487	-2.90815	43.05507	0.39215
43.0878	-2.90823	43.088	0.39207
43.12031	-2.90787	43.12051	0.39243
43.154	-2.90769	43.1542	0.39261
43.18773	-2.90729	43.18793	0.39301
43.22093	-2.9078	43.22113	0.3925
43.25532	-2.90857	43.25552	0.39173
43.28976	-2.90876	43.28996	0.39154
43.32173	-2.90931	43.32193	0.39099
43.35408	-2.91022	43.35428	0.39008
43.38738	-2.9105	43.38758	0.3898
43.42056	-2.91055	43.42076	0.38975
43.45396	-2.91039	43.45416	0.38991
43.48924	-2.90966	43.48944	0.39064
43.52142	-2.90911	43.52162	0.39119
43.55296	-2.90916	43.55316	0.39114
43.58771	-2.90838	43.58791	0.39192
43.62147	-2.90778	43.62167	0.39252
43.65376	-2.90771	43.65396	0.39259
43.68877	-2.90778	43.68897	0.39252
43.7206	-2.90754	43.7208	0.39276
43.75374	-2.90752	43.75394	0.39278
43.78809	-2.90791	43.78829	0.39239
43.81916	-2.9083	43.81936	0.392
43.8547	-2.90878	43.8549	0.39152
43.88738	-2.90941	43.88758	0.39089
43.92002	-2.9097	43.92022	0.3906
43.95371	-2.90965	43.95391	0.39065
43.98977	-2.90995	43.98997	0.39036
44.01958	-2.91117	44.01978	0.38913
44.05415	-2.91144	44.05435	0.38886
44.08629	-2.91153	44.08649	0.38877
44.11882	-2.91069	44.11902	0.38961
44.15172	-2.91054	44.15192	0.38976
44.18447	-2.91049	44.18467	0.38981
44.2173	-2.91072	44.2175	0.38958
44.2511	-2.91068	44.2513	0.38962
44.28457	-2.91087	44.28477	0.38943
44.31736	-2.9112	44.31756	0.3891
44.35111	-2.91157	44.35131	0.38873
44.38239	-2.91192	44.38259	0.38838
44.41432	-2.91249	44.41452	0.38781
44.44771	-2.91289	44.44791	0.38741
44.48142	-2.91247	44.48162	0.38783
44.51441	-2.91274	44.51461	0.38756
44.54749	-2.91328	44.54769	0.38702
44.58088	-2.9133	44.58108	0.387
44.61312	-2.9129	44.61332	0.3874
44.64891	-2.91213	44.64911	0.38817
44.68197	-2.91213	44.68217	0.38817
44.71629	-2.91233	44.71649	0.38797
44.75101	-2.91245	44.75121	0.38785
44.78424	-2.91206	44.78444	0.38824
44.81422	-2.91217	44.81442	0.38813
44.84788	-2.91225	44.84808	0.38805
44.88428	-2.91299	44.88448	0.38731
44.91478	-2.91329	44.91498	0.38701
44.94621	-2.91359	44.94641	0.38671
44.98258	-2.9136	44.98278	0.3867
45.01425	-2.91333	45.01445	0.38697
45.04824	-2.91293	45.04844	0.38738
45.079	-2.91252	45.0792	0.38778
45.11308	-2.91206	45.11328	0.38824
45.14712	-2.9127	45.14732	0.3876
45.17792	-2.91249	45.17812	0.38781
45.2112	-2.91199	45.2114	0.38831
45.24496	-2.91204	45.24516	0.38826
45.27935	-2.91198	45.27955	0.38832
45.31307	-2.91257	45.31327	0.38773
45.34491	-2.91223	45.34511	0.38807
45.37863	-2.9121	45.37883	0.3882
45.41014	-2.91205	45.41034	0.38825
45.44539	-2.91219	45.44559	0.38811
45.47786	-2.91221	45.47806	0.38809
45.50934	-2.91249	45.50954	0.38781
45.5411	-2.91284	45.5413	0.38746
45.57396	-2.91287	45.57416	0.38743
45.60933	-2.91361	45.60953	0.38669
45.6433	-2.91369	45.6435	0.38661
45.67603	-2.9136	45.67623	0.3867
45.71183	-2.91359	45.71203	0.38671
45.74458	-2.91328	45.74478	0.38702
45.77864	-2.91341	45.77884	0.38689
45.80915	-2.91391	45.80935	0.38639
45.84445	-2.91415	45.84465	0.38615
45.87667	-2.91456	45.87687	0.38574
45.91139	-2.91473	45.91159	0.38557
45.94339	-2.91472	45.94359	0.38558
45.97674	-2.91486	45.97694	0.38544
46.01023	-2.91498	46.01043	0.38532
46.04319	-2.9152	46.04339	0.3851
46.07522	-2.91488	46.07542	0.38542
46.10886	-2.91457	46.10906	0.38573
46.14111	-2.91438	46.14131	0.38592
46.17218	-2.91398	46.17238	0.38632
46.20574	-2.91382	46.20594	0.38648
46.23862	-2.91391	46.23882	0.38639
46.27007	-2.91443	46.27027	0.38587
46.30323	-2.91466	46.30343	0.38564
46.3343	-2.91506	46.3345	0.38524
46.36687	-2.91564	46.36707	0.38466
46.39813	-2.91632	46.39833	0.38398
46.42906	-2.91634	46.42926	0.38396
46.46181	-2.91672	46.46201	0.38358
46.49647	-2.91662	46.49667	0.38368
46.52731	-2.91695	46.52751	0.38335
46.56222	-2.91734	46.56242	0.38296
46.59526	-2.91691	46.59546	0.38339
46.62788	-2.91698	46.62808	0.38332
46.66214	-2.91686	46.66234	0.38344
46.69526	-2.91718	46.69546	0.38312
46.72834	-2.9176	46.72854	0.3827
46.76037	-2.9182	46.76057	0.3821
46.7934	-2.9181	46.7936	0.3822
46.82605	-2.91849	46.82625	0.38181
46.85751	-2.91859	46.85771	0.38171
46.89248	-2.91867	46.89268	0.38163
46.92353	-2.91846	46.92373	0.38184
46.95697	-2.91814	46.95717	0.38216
46.98861	-2.91801	46.98881	0.38229
47.02243	-2.91805	47.02263	0.38225
47.05662	-2.918	47.05682	0.3823
47.08784	-2.91768	47.08804	0.38262
47.11985	-2.91746	47.12005	0.38284
47.15261	-2.91777	47.15281	0.38253
47.18521	-2.91711	47.18541	0.38319
47.2185	-2.91696	47.2187	0.38334
47.25195	-2.91737	47.25215	0.38293
47.28298	-2.91706	47.28318	0.38324
47.31588	-2.91707	47.31608	0.38323
47.34956	-2.91724	47.34976	0.38306
47.38348	-2.91802	47.38368	0.38228
47.41576	-2.91861	47.41596	0.38169
47.44774	-2.91882	47.44794	0.38148
47.48069	-2.91881	47.48089	0.38149
47.51365	-2.91857	47.51385	0.38173
47.54944	-2.91815	47.54964	0.38215
47.58164	-2.91877	47.58184	0.38153
47.61505	-2.91892	47.61525	0.38138
47.64921	-2.91871	47.64941	0.38159
47.68377	-2.91858	47.68397	0.38172
47.71614	-2.91899	47.71634	0.38131
47.74993	-2.91938	47.75013	0.38092
47.78284	-2.92012	47.78304	0.38019
47.81626	-2.92051	47.81646	0.37979
47.85025	-2.92125	47.85045	0.37905
47.88269	-2.92141	47.88289	0.37889
47.91696	-2.92202	47.91716	0.37828
47.94917	-2.92208	47.94937	0.37822
47.98239	-2.92244	47.98259	0.37786
48.01619	-2.92242	48.01639	0.37788
48.04781	-2.92191	48.04801	0.37839
48.08122	-2.92167	48.08142	0.37863
48.11418	-2.92181	48.11438	0.37849
48.14551	-2.92168	48.14571	0.37862
48.17769	-2.92127	48.17789	0.37903
48.21256	-2.92096	48.21276	0.37934
48.2456	-2.92126	48.2458	0.37904
48.27812	-2.92125	48.27832	0.37905
48.3101	-2.9212	48.3103	0.3791
48.34451	-2.92111	48.34471	0.37919
48.3772	-2.9212	48.3774	0.3791
48.41037	-2.92181	48.41057	0.37849
48.44441	-2.92255	48.44461	0.37775
48.47595	-2.92316	48.47615	0.37714
48.50801	-2.92354	48.50821	0.37676
48.53944	-2.92362	48.53964	0.37668
48.57438	-2.92358	48.57458	0.37672
48.60849	-2.92322	48.60869	0.37708
48.64188	-2.92309	48.64208	0.37721
48.67152	-2.92335	48.67172	0.37695
48.70513	-2.92293	48.70533	0.37737
48.74066	-2.92292	48.74086	0.37738
48.77245	-2.92366	48.77265	0.37664
48.80595	-2.92381	48.80615	0.37649
48.84061	-2.92449	48.84081	0.37581
48.87501	-2.92518	48.87521	0.37512
48.90906	-2.92525	48.90926	0.37505
48.94055	-2.92554	48.94075	0.37476
48.9751	-2.92565	48.9753	0.37465
49.00695	-2.92548	49.00715	0.37482
49.03936	-2.92512	49.03956	0.37518
49.07388	-2.92479	49.07408	0.37551
49.10695	-2.92451	49.10715	0.37579
49.1421	-2.9247	49.1423	0.3756
49.17439	-2.92538	49.17459	0.37492
49.20605	-2.92646	49.20625	0.37384
49.23725	-2.92675	49.23745	0.37355
49.27024	-2.9277	49.27044	0.3726
49.30533	-2.9283	49.30553	0.372
49.33759	-2.92803	49.33779	0.37227
49.36912	-2.92825	49.36932	0.37205
49.40221	-2.92777	49.40241	0.37253
49.43439	-2.92745	49.43459	0.37285
49.46653	-2.9272	49.46673	0.3731
49.49687	-2.92694	49.49707	0.37336
49.53155	-2.9271	49.53175	0.3732
49.56491	-2.92708	49.56511	0.37322
49.59911	-2.92749	49.59931	0.37281
49.62963	-2.92763	49.62983	0.37267
49.66714	-2.92777	49.66734	0.37253
49.70075	-2.92742	49.70095	0.37288
49.73358	-2.92758	49.73378	0.37272
49.76476	-2.92825	49.76496	0.37205
49.79597	-2.92863	49.79617	0.37167
49.82998	-2.9282	49.83018	0.3721
49.86399	-2.92832	49.86419	0.37198
49.89726	-2.92796	49.89746	0.37234
49.93307	-2.92815	49.93327	0.37215
49.9629	-2.92781	49.9631	0.37249
49.99605	-2.92798	49.99625	0.37232
50.03314	-2.92813	50.03334	0.37217
50.06445	-2.92843	50.06465	0.37187
50.09665	-2.9292	50.09685	0.37111
50.13058	-2.93007	50.13078	0.37023
50.16187	-2.93039	50.16207	0.36991
50.19467	-2.93114	50.19487	0.36916
50.22773	-2.93168	50.22793	0.36862
50.26167	-2.93178	50.26187	0.36852
50.295	-2.93192	50.2952	0.36838
50.32812	-2.9311	50.32832	0.3692
50.3614	-2.93157	50.3616	0.36873
50.39535	-2.93241	50.39555	0.36789
50.4288	-2.93253	50.429	0.36777
50.46246	-2.93179	50.46266	0.36851
50.496	-2.93152	50.4962	0.36878
50.53004	-2.93095	50.53024	0.36935
50.56301	-2.9315	50.56321	0.3688
50.59667	-2.93067	50.59687	0.36963
50.62959	-2.93066	50.62979	0.36964
50.66194	-2.93037	50.66214	0.36993
50.69475	-2.93059	50.69495	0.36971
50.72741	-2.93056	50.72761	0.36974
50.76219	-2.93141	50.76239	0.36889
50.79613	-2.93164	50.79633	0.36867
50.83029	-2.93243	50.83049	0.36787
50.86047	-2.93288	50.86067	0.36742
50.8931	-2.9331	50.8933	0.3672
50.92706	-2.93351	50.92726	0.36679
50.95946	-2.93415	50.95966	0.36615
50.99427	-2.93443	50.99447	0.36587
51.02943	-2.93501	51.02963	0.36529
51.05868	-2.93556	51.05888	0.36474
51.09298	-2.93574	51.09318	0.36456
51.12481	-2.93553	51.12501	0.36477
51.15778	-2.9347	51.15798	0.3656
51.18941	-2.93377	51.18961	0.36653
51.22418	-2.93295	51.22438	0.36735
51.25921	-2.93285	51.25941	0.36745
51.28777	-2.93305	51.28797	0.36725
51.32257	-2.93332	51.32277	0.36698
51.35769	-2.93384	51.35789	0.36646
51.39324	-2.93483	51.39344	0.36547
51.42505	-2.93516	51.42525	0.36514
51.45794	-2.93552	51.45814	0.36478
51.49318	-2.93602	51.49338	0.36428
51.52581	-2.93624	51.52601	0.36406
51.55817	-2.93659	51.55837	0.36371
51.59129	-2.9367	51.59149	0.3636
51.62447	-2.93716	51.62467	0.36314
51.65742	-2.93779	51.65762	0.36251
51.68985	-2.93837	51.69005	0.36193
51.72364	-2.9384	51.72384	0.3619
51.75728	-2.93833	51.75748	0.36197
51.79403	-2.93785	51.79423	0.36245
51.82754	-2.93682	51.82774	0.36348
51.85833	-2.93683	51.85853	0.36347
51.8942	-2.9367	51.8944	0.3636
51.92582	-2.93693	51.92602	0.36337
51.95875	-2.93701	51.95895	0.36329
51.9937	-2.93723	51.9939	0.36307
52.02671	-2.9378	52.02691	0.3625
52.05907	-2.93852	52.05927	0.36178
52.09133	-2.93925	52.09153	0.36105
52.12441	-2.93947	52.12461	0.36083
52.15905	-2.94014	52.15925	0.36016
52.19203	-2.94065	52.19223	0.35965
52.22367	-2.94059	52.22387	0.35972
52.25744	-2.94101	52.25764	0.35929
52.29073	-2.94147	52.29093	0.35883
52.32376	-2.94127	52.32396	0.35903
52.35675	-2.94143	52.35695	0.35887
52.39011	-2.94131	52.39031	0.35899
52.42482	-2.94117	52.42502	0.35913
52.45924	-2.94085	52.45944	0.35945
52.49104	-2.94108	52.49124	0.35922
52.5238	-2.94156	52.524	0.35874
52.55734	-2.94109	52.55754	0.35921
52.59089	-2.94095	52.59109	0.35935
52.62154	-2.94128	52.62174	0.35902
52.65651	-2.94144	52.65671	0.35886
52.69048	-2.94228	52.69068	0.35802
52.72251	-2.94231	52.72271	0.35799
52.75515	-2.94247	52.75535	0.35783
52.78886	-2.94296	52.78906	0.35734
52.82099	-2.94339	52.82119	0.35691
52.85379	-2.94448	52.85399	0.35582
52.88919	-2.94498	52.88939	0.35532
52.92154	-2.94464	52.92174	0.35566
52.95433	-2.94475	52.95453	0.35555
52.98712	-2.94494	52.98732	0.35536
53.02106	-2.9447	53.02126	0.3556
53.05357	-2.94441	53.05377	0.35589
53.08659	-2.94426	53.08679	0.35604
53.12035	-2.94445	53.12055	0.35585
53.15291	-2.944	53.15311	0.3563
53.18626	-2.94354	53.18646	0.35676
53.21893	-2.9436	53.21913	0.3567
53.25231	-2.94345	53.25251	0.35685
53.28495	-2.94378	53.28515	0.35652
53.31746	-2.94427	53.31766	0.35603
53.35015	-2.94504	53.35035	0.35526
53.38358	-2.94515	53.38378	0.35515
53.41363	-2.94536	53.41383	0.35494
53.44558	-2.94606	53.44578	0.35424
53.47862	-2.94693	53.47882	0.35337
53.51306	-2.94778	53.51326	0.35252
53.5461	-2.94764	53.5463	0.35266
53.57976	-2.9477	53.57996	0.3526
53.61398	-2.94781	53.61418	0.35249
53.64616	-2.94773	53.64636	0.35257
53.67964	-2.94808	53.67984	0.35222
53.71392	-2.948	53.71412	0.3523
53.74511	-2.94834	53.74531	0.35196
53.7822	-2.94854	53.7824	0.35176
53.8185	-2.94944	53.8187	0.35086
53.84726	-2.94991	53.84746	0.35039
53.88172	-2.95043	53.88192	0.34987
53.91547	-2.94981	53.91567	0.35049
53.94809	-2.94933	53.94829	0.35097
53.98149	-2.94974	53.98169	0.35056
54.01516	-2.94935	54.01536	0.35095
54.04771	-2.94935	54.04791	0.35095
54.08121	-2.94917	54.08141	0.35113
54.11523	-2.94951	54.11543	0.35079
54.15042	-2.9495	54.15062	0.3508
54.18036	-2.94963	54.18056	0.35067
54.21218	-2.94954	54.21238	0.35076
54.24565	-2.94939	54.24585	0.35091
54.27772	-2.94968	54.27792	0.35062
54.31334	-2.94971	54.31354	0.35059
54.3429	-2.94958	54.3431	0.35072
54.37792	-2.95014	54.37812	0.35016
54.41262	-2.95068	54.41282	0.34962
54.44534	-2.95057	54.44554	0.34973
54.47708	-2.9504	54.47728	0.3499
54.51073	-2.95068	54.51093	0.34962
54.54303	-2.9511	54.54323	0.3492
54.576	-2.95172	54.5762	0.34858
54.60888	-2.95238	54.60908	0.34792
54.64363	-2.95274	54.64383	0.34756
54.67745	-2.95309	54.67765	0.34721
54.7114	-2.95331	54.7116	0.34699
54.74248	-2.95377	54.74268	0.34653
54.77601	-2.95438	54.77621	0.34592
54.80813	-2.95505	54.80833	0.34525
54.84095	-2.95525	54.84115	0.34505
54.87643	-2.95474	54.87663	0.34556
54.90764	-2.95452	54.90784	0.34578
54.94219	-2.95427	54.94239	0.34603
54.97677	-2.95406	54.97697	0.34624
55.01008	-2.95446	55.01028	0.34584
55.04236	-2.95435	55.04256	0.34595
55.07653	-2.95473	55.07673	0.34557
55.10796	-2.95545	55.10816	0.34485
55.14093	-2.95544	55.14113	0.34486
55.17451	-2.95605	55.17471	0.34425
55.20892	-2.95609	55.20912	0.34421
55.24312	-2.95658	55.24332	0.34373
55.2766	-2.95666	55.2768	0.34364
55.30781	-2.95759	55.30801	0.34271
55.3386	-2.95697	55.3388	0.34333
55.37421	-2.95729	55.37441	0.34301
55.40685	-2.95754	55.40705	0.34276
55.44049	-2.95777	55.44069	0.34253
55.47296	-2.95789	55.47316	0.34241
55.50733	-2.95811	55.50753	0.34219
55.53965	-2.95805	55.53985	0.34225
55.57289	-2.95786	55.57309	0.34244
55.60693	-2.95842	55.60713	0.34188
55.63878	-2.95886	55.63898	0.34144
55.67324	-2.95961	55.67344	0.34069
55.70559	-2.95963	55.70579	0.34067
55.73633	-2.9601	55.73653	0.3402
55.77201	-2.95978	55.77221	0.34052
55.80472	-2.96008	55.80492	0.34022
55.83769	-2.96072	55.83789	0.33958
55.873	-2.96063	55.8732	0.33967
55.90455	-2.96066	55.90475	0.33964
55.93798	-2.96139	55.93818	0.33891
55.9723	-2.96186	55.9725	0.33844
56.00451	-2.96172	56.00471	0.33858
56.0388	-2.96205	56.039	0.33825
56.07093	-2.96236	56.07113	0.33794
56.10474	-2.96191	56.10494	0.33839
56.13914	-2.96195	56.13934	0.33835
56.17365	-2.96265	56.17385	0.33765
56.20616	-2.96298	56.20636	0.33732
56.23927	-2.96216	56.23947	0.33814
56.27234	-2.96211	56.27254	0.33819
56.3048	-2.96237	56.305	0.33793
56.3381	-2.96178	56.3383	0.33852
56.37006	-2.96241	56.37026	0.33789
56.40447	-2.96348	56.40467	0.33682
56.43623	-2.96474	56.43643	0.33556
56.46902	-2.96529	56.46922	0.33501
56.5026	-2.96572	56.5028	0.33458
56.53694	-2.96666	56.53714	0.33364
56.57056	-2.96685	56.57076	0.33345
56.6048	-2.9668	56.605	0.3335
56.6381	-2.9669	56.6383	0.3334
56.67462	-2.96743	56.67482	0.33287
56.70619	-2.96741	56.70639	0.33289
56.73642	-2.96804	56.73662	0.33226
56.7734	-2.96846	56.7736	0.33184
56.80428	-2.96896	56.80448	0.33134
56.83585	-2.96934	56.83605	0.33096
56.8688	-2.96997	56.869	0.33033
56.90134	-2.96966	56.90154	0.33064
56.93495	-2.9697	56.93515	0.3306
56.96978	-2.96953	56.96998	0.33077
57.00337	-2.96947	57.00357	0.33083
57.03742	-2.96968	57.03762	0.33062
57.06991	-2.9699	57.07011	0.3304
57.103	-2.96973	57.1032	0.33057
57.13613	-2.96996	57.13633	0.33034
57.16845	-2.97023	57.16865	0.33007
57.20247	-2.97031	57.20267	0.32999
57.23816	-2.971	57.23836	0.3293
57.26924	-2.97155	57.26944	0.32875
57.30249	-2.97282	57.30269	0.32748
57.33218	-2.97422	57.33238	0.32608
57.36297	-2.97509	57.36317	0.32521
57.39784	-2.9759	57.39804	0.3244
57.43197	-2.97598	57.43217	0.32432
57.46368	-2.9758	57.46388	0.3245
57.49725	-2.97507	57.49745	0.32523
57.52879	-2.97481	57.52899	0.32549
57.56172	-2.97498	57.56192	0.32532
57.59675	-2.97476	57.59695	0.32554
57.63183	-2.97442	57.63203	0.32588
57.66292	-2.97439	57.66312	0.32591
57.69715	-2.97548	57.69735	0.32482
57.73115	-2.97633	57.73135	0.32397
57.76289	-2.97697	57.76309	0.32333
57.79635	-2.97738	57.79655	0.32292
57.82886	-2.97743	57.82906	0.32287
57.86332	-2.97787	57.86352	0.32243
57.89555	-2.97897	57.89575	0.32133
57.93067	-2.97931	57.93087	0.32099
57.96337	-2.97985	57.96357	0.32045
57.99725	-2.98053	57.99745	0.31977
58.03258	-2.98098	58.03278	0.31932
58.06633	-2.98148	58.06653	0.31882
58.09842	-2.9816	58.09862	0.3187
58.13047	-2.98176	58.13067	0.31854
58.16215	-2.98163	58.16235	0.31867
58.19582	-2.98214	58.19602	0.31816
58.2277	-2.98177	58.2279	0.31853
58.26051	-2.98132	58.26071	0.31898
58.29507	-2.9814	58.29527	0.3189
58.32891	-2.98192	58.32911	0.31838
58.3607	-2.98247	58.3609	0.31783
58.39316	-2.98342	58.39336	0.31688
58.42821	-2.9846	58.42841	0.3157
58.45976	-2.98536	58.45996	0.31494
58.49292	-2.98598	58.49312	0.31432
58.5273	-2.98636	58.5275	0.31394
58.5597	-2.98638	58.5599	0.31392
58.59363	-2.98661	58.59383	0.31369
58.62616	-2.98669	58.62636	0.31361
58.66259	-2.98669	58.66279	0.31361
58.6946	-2.98663	58.6948	0.31367
58.72787	-2.98661	58.72807	0.31369
58.76138	-2.9862	58.76158	0.3141
58.79253	-2.98623	58.79273	0.31407
58.828	-2.98641	58.8282	0.31389
58.85849	-2.98768	58.85869	0.31262
58.89241	-2.98855	58.89261	0.31175
58.92477	-2.98905	58.92497	0.31125
58.95643	-2.98963	58.95663	0.31067
58.99039	-2.99054	58.99059	0.30976
59.02358	-2.991	59.02378	0.3093
59.05768	-2.9916	59.05788	0.3087
59.08794	-2.9917	59.08814	0.3086
59.12013	-2.99208	59.12033	0.30822
59.15506	-2.99227	59.15526	0.30803
59.18896	-2.99192	59.18916	0.30838
59.2224	-2.99289	59.2226	0.30741
59.25479	-2.99296	59.25499	0.30734
59.287	-2.99243	59.2872	0.30787
59.32169	-2.99202	59.32189	0.30828
59.35467	-2.99199	59.35487	0.30831
59.38852	-2.99284	59.38872	0.30746
59.42295	-2.99294	59.42315	0.30736
59.45564	-2.99365	59.45584	0.30665
59.48834	-2.99404	59.48854	0.30626
59.52118	-2.99345	59.52138	0.30685
59.55744	-2.99354	59.55764	0.30676
59.59003	-2.99407	59.59023	0.30623
59.62092	-2.99425	59.62112	0.30605
59.65286	-2.99393	59.65306	0.30637
59.68681	-2.99361	59.68701	0.30669
59.72004	-2.99451	59.72024	0.30579
59.75177	-2.99535	59.75197	0.30495
59.78356	-2.996	59.78376	0.3043
59.81661	-2.99651	59.81681	0.30379
59.84998	-2.99712	59.85018	0.30318
59.88747	-2.99714	59.88767	0.30316
59.92028	-2.99734	59.92048	0.30296
59.95316	-2.99798	59.95336	0.30232
59.98333	-2.99926	59.98353	0.30104
60.01685	-3.0002	60.01705	0.3001
60.04929	-3.00008	60.04949	0.30022
60.08458	-3	60.08478	0.3003
60.11503	-3.0001	60.11523	0.3002
60.15035	-2.99993	60.15055	0.30037
60.181	-2.99978	60.1812	0.30052
60.21561	-3.00019	60.21581	0.30011
60.24945	-3.00034	60.24965	0.29996
60.28423	-3.00023	60.28443	0.30007
60.31769	-3.00062	60.31789	0.29968
60.35231	-3.00113	60.35251	0.29917
60.38476	-3.00194	60.38496	0.29836
60.41789	-3.00288	60.41809	0.29742
60.45038	-3.00401	60.45058	0.29629
60.48532	-3.00505	60.48552	0.29525
60.51922	-3.00588	60.51942	0.29442
60.55152	-3.00571	60.55172	0.29459
60.58226	-3.00522	60.58246	0.29508
60.61457	-3.00529	60.61477	0.29501
60.64975	-3.00514	60.64995	0.29516
60.68429	-3.00573	60.68449	0.29457
60.71518	-3.00699	60.71538	0.29331
60.74822	-3.008	60.74842	0.2923
60.78196	-3.00854	60.78216	0.29176
60.81463	-3.00934	60.81483	0.29096
60.84704	-3.009	60.84724	0.2913
60.88321	-3.00848	60.88341	0.29182
60.91505	-3.00883	60.91525	0.29147
60.95143	-3.00926	60.95163	0.29104
60.98357	-3.00973	60.98377	0.29057
61.01696	-3.00986	61.01716	0.29044
61.04939	-3.01023	61.04959	0.29007
61.08202	-3.01072	61.08222	0.28958
61.11642	-3.01156	61.11662	0.28874
61.15066	-3.01212	61.15086	0.28818
61.18428	-3.01292	61.18448	0.28738
61.21542	-3.01325	61.21562	0.28706
61.24878	-3.01372	61.24898	0.28658
61.27819	-3.01357	61.27839	0.28673
61.31334	-3.01364	61.31354	0.28666
61.34761	-3.01363	61.34781	0.28667
61.37926	-3.01298	61.37946	0.28732
61.4125	-3.0135	61.4127	0.2868
61.44597	-3.0142	61.44617	0.2861
61.4792	-3.01501	61.4794	0.28529
61.51148	-3.01559	61.51168	0.28471
61.54366	-3.01607	61.54386	0.28423
61.57569	-3.01698	61.57589	0.28332
61.611	-3.01755	61.6112	0.28275
61.64397	-3.0182	61.64417	0.2821
61.67868	-3.01835	61.67888	0.28195
61.7096	-3.01852	61.7098	0.28178
61.7444	-3.019	61.7446	0.2813
61.77555	-3.01969	61.77575	0.28061
61.80984	-3.02057	61.81004	0.27973
61.84112	-3.02099	61.84132	0.27931
61.87503	-3.02166	61.87523	0.27864
61.90901	-3.02239	61.90921	0.27791
61.94329	-3.02344	61.94349	0.27686
61.97678	-3.02411	61.97698	0.27619
62.00917	-3.02385	62.00937	0.27645
62.04117	-3.02436	62.04137	0.27594
62.07563	-3.02573	62.07583	0.27457
62.108	-3.02643	62.1082	0.27387
62.14168	-3.02651	62.14188	0.27379
62.17427	-3.0271	62.17447	0.2732
62.20675	-3.02776	62.20695	0.27254
62.24235	-3.02937	62.24255	0.27093
62.27367	-3.03042	62.27387	0.26988
62.30797	-3.03067	62.30817	0.26963
62.34143	-3.03134	62.34163	0.26896
62.37477	-3.03172	62.37497	0.26858
62.40608	-3.03266	62.40628	0.26764
62.43932	-3.03318	62.43952	0.26712
62.4725	-3.03364	62.4727	0.26666
62.50647	-3.034	62.50667	0.2663
62.5401	-3.03365	62.5403	0.26665
62.57369	-3.034	62.57389	0.2663
62.60686	-3.03379	62.60706	0.26651
62.64221	-3.03456	62.64241	0.26574
62.67272	-3.03585	62.67292	0.26445
62.70403	-3.0367	62.70423	0.2636
62.73859	-3.03676	62.73879	0.26354
62.77075	-3.0374	62.77095	0.2629
62.80357	-3.03757	62.80377	0.26273
62.83838	-3.03793	62.83858	0.26237
62.87206	-3.03809	62.87226	0.26221
62.90582	-3.03905	62.90602	0.26125
62.93851	-3.03923	62.93871	0.26107
62.97263	-3.04013	62.97283	0.26017
63.00486	-3.04074	63.00506	0.25956
63.03917	-3.04212	63.03937	0.25818
63.07251	-3.04331	63.07271	0.25699
63.10488	-3.04403	63.10508	0.25627
63.1397	-3.04516	63.1399	0.25514
63.17247	-3.04561	63.17267	0.25469
63.20357	-3.04624	63.20377	0.25406
63.23669	-3.04615	63.23689	0.25415
63.27068	-3.04626	63.27088	0.25404
63.30437	-3.04737	63.30457	0.25293
63.33734	-3.04766	63.33754	0.25264
63.36886	-3.04808	63.36906	0.25222
63.40518	-3.04847	63.40538	0.25183
63.43582	-3.04866	63.43602	0.25164
63.46871	-3.04887	63.46891	0.25143
63.50437	-3.04945	63.50457	0.25085
63.53531	-3.04978	63.53551	0.25052
63.57061	-3.0502	63.57081	0.2501
63.6051	-3.0514	63.6053	0.2489
63.63573	-3.05172	63.63593	0.24858
63.66833	-3.05216	63.66853	0.24814
63.70062	-3.05319	63.70082	0.24711
63.73574	-3.05407	63.73594	0.24623
63.76705	-3.0548	63.76725	0.2455
63.80057	-3.05546	63.80077	0.24484
63.8369	-3.05631	63.8371	0.24399
63.86875	-3.05708	63.86895	0.24322
63.90495	-3.05749	63.90515	0.24281
63.93849	-3.05801	63.93869	0.24229
63.96914	-3.05859	63.96934	0.24171
64.00401	-3.0587	64.00421	0.2416
64.03817	-3.05845	64.03837	0.24185
64.07116	-3.0585	64.07136	0.2418
64.10741	-3.05817	64.10761	0.24213
64.13747	-3.05853	64.13767	0.24177
64.17142	-3.05936	64.17162	0.24094
64.20664	-3.06013	64.20684	0.24017
64.24007	-3.06145	64.24027	0.23885
64.27344	-3.06277	64.27364	0.23753
64.30746	-3.06362	64.30766	0.23669
64.34102	-3.06425	64.34122	0.23605
64.37387	-3.06449	64.37407	0.23581
64.40635	-3.0655	64.40655	0.2348
64.44014	-3.066	64.44034	0.2343
64.4726	-3.06711	64.4728	0.23319
64.50724	-3.06792	64.50744	0.23238
64.54006	-3.06869	64.54026	0.23161
64.57281	-3.06948	64.57301	0.23082
64.6074	-3.07086	64.6076	0.22944
64.64005	-3.0714	64.64025	0.2289
64.67276	-3.07156	64.67296	0.22874
64.70551	-3.07159	64.70571	0.22871
64.73815	-3.07164	64.73835	0.22866
64.77128	-3.07183	64.77148	0.22847
64.80568	-3.07129	64.80588	0.22901
64.8402	-3.07156	64.8404	0.22874
64.87328	-3.0726	64.87348	0.2277
64.90698	-3.07399	64.90718	0.22631
64.9382	-3.07542	64.9384	0.22488
64.97219	-3.07669	64.97239	0.22361
65.00625	-3.07785	65.00645	0.22245
65.03792	-3.07868	65.03812	0.22162
65.07328	-3.07891	65.07348	0.22139
65.10605	-3.07965	65.10625	0.22065
65.13774	-3.08047	65.13794	0.21983
65.16967	-3.08055	65.16987	0.21975
65.20262	-3.08036	65.20282	0.21994
65.23649	-3.08096	65.23669	0.21934
65.26918	-3.08124	65.26938	0.21906
65.30052	-3.08176	65.30072	0.21854
65.33606	-3.08239	65.33626	0.21791
65.3695	-3.08332	65.3697	0.21698
65.40255	-3.08451	65.40275	0.21579
65.43513	-3.08553	65.43533	0.21477
65.46889	-3.08635	65.46909	0.21395
65.50139	-3.0871	65.50159	0.2132
65.53422	-3.08839	65.53442	0.21191
65.56584	-3.08973	65.56604	0.21057
65.59923	-3.09059	65.59943	0.20971
65.63168	-3.09048	65.63188	0.20982
65.66772	-3.09097	65.66792	0.20933
65.7002	-3.09102	65.7004	0.20928
65.73246	-3.09215	65.73266	0.20815
65.76412	-3.09331	65.76432	0.20699
65.7968	-3.09414	65.797	0.20616
65.83107	-3.09515	65.83127	0.20515
65.86353	-3.09655	65.86373	0.20375
65.89632	-3.09751	65.89652	0.2028
65.9303	-3.09787	65.9305	0.20243
65.96144	-3.09824	65.96164	0.20206
65.99374	-3.09898	65.99394	0.20132
66.0268	-3.09967	66.027	0.20063
66.06177	-3.10026	66.06197	0.20004
66.09391	-3.10082	66.09411	0.19948
66.12714	-3.10163	66.12734	0.19867
66.16061	-3.1029	66.16081	0.1974
66.19305	-3.10364	66.19325	0.19666
66.22619	-3.10487	66.22639	0.19543
66.26064	-3.10579	66.26084	0.19451
66.29404	-3.10667	66.29424	0.19363
66.32813	-3.10743	66.32833	0.19287
66.36212	-3.10815	66.36232	0.19215
66.39376	-3.10837	66.39396	0.19193
66.42774	-3.10835	66.42794	0.19195
66.45998	-3.10834	66.46018	0.19196
66.49562	-3.10854	66.49582	0.19176
66.52603	-3.10961	66.52623	0.19069
66.56108	-3.1101	66.56128	0.1902
66.59478	-3.11087	66.59498	0.18943
66.6295	-3.11179	66.6297	0.18851
66.66427	-3.11306	66.66447	0.18724
66.69671	-3.11354	66.69691	0.18676
66.73018	-3.11366	66.73038	0.18664
66.76291	-3.11413	66.76311	0.18617
66.79715	-3.11482	66.79735	0.18548
66.83142	-3.11535	66.83162	0.18495
66.86116	-3.11667	66.86136	0.18363
66.89718	-3.11769	66.89738	0.18261
66.93123	-3.1183	66.93143	0.182
66.96334	-3.11901	66.96354	0.18129
66.99539	-3.12033	66.99559	0.17997
67.03111	-3.12138	67.03131	0.17893
67.06274	-3.1233	67.06294	0.177
67.09419	-3.12438	67.09439	0.17592
67.1259	-3.12533	67.1261	0.17497
67.16303	-3.12631	67.16323	0.17399
67.19843	-3.12734	67.19863	0.17296
67.23155	-3.12738	67.23175	0.17292
67.26301	-3.12804	67.26321	0.17226
67.29636	-3.12817	67.29656	0.17213
67.33024	-3.12841	67.33044	0.17189
67.36207	-3.1292	67.36227	0.1711
67.39704	-3.12975	67.39724	0.17055
67.4262	-3.13028	67.4264	0.17002
67.4609	-3.13132	67.4611	0.16898
67.49331	-3.13224	67.49351	0.16806
67.52385	-3.13301	67.52405	0.16729
67.55894	-3.13299	67.55914	0.16731
67.59287	-3.13307	67.59307	0.16723
67.62437	-3.13367	67.62457	0.16663
67.65862	-3.1343	67.65882	0.166
67.68815	-3.1343	67.68835	0.166
67.72299	-3.1352	67.72319	0.1651
67.75803	-3.13622	67.75823	0.16408
67.7889	-3.13705	67.7891	0.16325
67.82005	-3.13795	67.82025	0.16235
67.85413	-3.13921	67.85433	0.16109
67.88808	-3.14008	67.88828	0.16022
67.91985	-3.1404	67.92005	0.1599
67.95226	-3.14088	67.95246	0.15942
67.98407	-3.14114	67.98427	0.15916
68.01593	-3.14164	68.01613	0.15866
68.05232	-3.14237	68.05252	0.15793
68.085	-3.1432	68.0852	0.15711
68.1183	-3.1444	68.1185	0.1559
68.15313	-3.14591	68.15333	0.15439
68.1882	-3.1464	68.1884	0.1539
68.22027	-3.14722	68.22047	0.15308
68.2543	-3.14796	68.2545	0.15234
68.28678	-3.14912	68.28698	0.15118
68.31836	-3.14959	68.31856	0.15071
68.35006	-3.15103	68.35026	0.14927
68.38142	-3.15132	68.38162	0.14898
68.41618	-3.15237	68.41638	0.14793
68.45306	-3.1538	68.45326	0.1465
68.48526	-3.15454	68.48546	0.14576
68.51876	-3.15458	68.51896	0.14572
68.54945	-3.15521	68.54965	0.14509
68.58278	-3.15563	68.58298	0.14467
68.614	-3.1562	68.6142	0.1441
68.64809	-3.15752	68.64829	0.14278
68.68344	-3.15884	68.68364	0.14146
68.71495	-3.15951	68.71515	0.14079
68.74832	-3.16032	68.74852	0.13998
68.78148	-3.16087	68.78168	0.13943
68.81419	-3.16145	68.81439	0.13885
68.84639	-3.16211	68.84659	0.13819
68.8811	-3.16295	68.8813	0.13735
68.91235	-3.16332	68.91255	0.13698
68.94615	-3.16379	68.94635	0.13651
68.97801	-3.16462	68.97821	0.13569
69.01268	-3.16466	69.01288	0.13564
69.04695	-3.16578	69.04715	0.13452
69.07832	-3.16699	69.07852	0.13331
69.10947	-3.16825	69.10967	0.13205
69.14152	-3.16901	69.14172	0.13129
69.17665	-3.17005	69.17685	0.13025
69.20877	-3.17159	69.20897	0.12871
69.24176	-3.1723	69.24196	0.128
69.27491	-3.17337	69.27511	0.12693
69.3085	-3.1744	69.3087	0.1259
69.34119	-3.17513	69.34139	0.12517
69.37386	-3.17628	69.37406	0.12402
69.40664	-3.17647	69.40684	0.12383
69.44137	-3.17715	69.44157	0.12315
69.47396	-3.17766	69.47416	0.12264
69.50721	-3.17801	69.50741	0.12229
69.54039	-3.17876	69.54059	0.12154
69.57442	-3.17985	69.57462	0.12045
69.60785	-3.18089	69.60805	0.11941
69.63996	-3.18223	69.64016	0.11807
69.67385	-3.18255	69.67405	0.11775
69.70899	-3.18384	69.70919	0.11646
69.74413	-3.18434	69.74433	0.11596
69.77605	-3.18512	69.77625	0.11518
69.80978	-3.18596	69.80998	0.11434
69.84341	-3.1869	69.84361	0.1134
69.87789	-3.18768	69.87809	0.11262
69.91075	-3.18896	69.91095	0.11134
69.94266	-3.18973	69.94286	0.11057
69.97757	-3.19042	69.97777	0.10988
70.0102	-3.19145	70.0104	0.10885
70.04274	-3.19194	70.04294	0.10836
70.07692	-3.19238	70.07712	0.10792
70.10803	-3.19244	70.10823	0.10786
70.14394	-3.19249	70.14414	0.10781
70.17679	-3.1928	70.17699	0.1075
70.20959	-3.1933	70.20979	0.107
70.24284	-3.19361	70.24304	0.10669
70.27641	-3.1952	70.27661	0.1051
70.3095	-3.19665	70.3097	0.10365
70.34633	-3.19759	70.34653	0.10271
70.37881	-3.19816	70.37901	0.10214
70.40811	-3.19961	70.40831	0.10069
70.44223	-3.20087	70.44243	0.09943
70.47662	-3.20253	70.47682	0.09777
70.50824	-3.20309	70.50844	0.09721
70.54202	-3.20405	70.54222	0.09625
70.57657	-3.20444	70.57677	0.09586
70.60877	-3.20484	70.60897	0.09546
70.64381	-3.2059	70.64401	0.0944
70.67531	-3.20696	70.67551	0.09334
70.70986	-3.20771	70.71006	0.09259
70.7432	-3.20841	70.7434	0.09189
70.77826	-3.20964	70.77846	0.09066
70.81077	-3.21047	70.81097	0.08983
70.84498	-3.21167	70.84518	0.08863
70.87713	-3.21274	70.87733	0.08756
70.91093	-3.21374	70.91113	0.08656
70.94384	-3.21462	70.94404	0.08568
70.97475	-3.21585	70.97495	0.08445
71.00822	-3.21546	71.00842	0.08484
71.04128	-3.21622	71.04148	0.08408
71.07372	-3.21723	71.07392	0.08307
71.1091	-3.21783	71.1093	0.08247
71.1443	-3.21894	71.1445	0.08136
71.17739	-3.22008	71.17759	0.08022
71.20936	-3.22016	71.20956	0.08014
71.24207	-3.22148	71.24227	0.07882
71.27523	-3.22316	71.27543	0.07714
71.30896	-3.22491	71.30916	0.07539
71.34369	-3.22549	71.34389	0.07481
71.37738	-3.22596	71.37758	0.07434
71.41225	-3.22764	71.41245	0.07266
71.44322	-3.2284	71.44342	0.0719
71.4768	-3.22891	71.477	0.07139
71.51007	-3.22904	71.51027	0.07126
71.54245	-3.22973	71.54265	0.07057
71.5766	-3.22975	71.5768	0.07055
71.60793	-3.23002	71.60813	0.07028
71.64095	-3.23062	71.64115	0.06968
71.6736	-3.23095	71.6738	0.06935
71.70839	-3.23189	71.70859	0.06841
71.7418	-3.23198	71.742	0.06832
71.77449	-3.23258	71.77469	0.06772
71.8085	-3.23365	71.8087	0.06665
71.84352	-3.23489	71.84372	0.06541
71.87686	-3.23651	71.87706	0.06379
71.90715	-3.23767	71.90735	0.06263
71.93881	-3.23872	71.93901	0.06158
71.97369	-3.23975	71.97389	0.06055
72.0089	-3.24122	72.0091	0.05909
72.04103	-3.24206	72.04123	0.05824
72.07116	-3.24246	72.07136	0.05784
72.10568	-3.24277	72.10588	0.05753
72.13824	-3.24321	72.13844	0.05709
72.17349	-3.24397	72.17369	0.05633
72.20648	-3.24406	72.20668	0.05624
72.2393	-3.24413	72.2395	0.05617
72.27345	-3.24405	72.27365	0.05625
72.30445	-3.24382	72.30465	0.05648
72.33997	-3.2441	72.34017	0.0562
72.37311	-3.24542	72.37331	0.05488
72.40306	-3.24605	72.40326	0.05425
72.43879	-3.24685	72.43899	0.05345
72.4714	-3.24648	72.4716	0.05382
72.5044	-3.24691	72.5046	0.05339
72.53822	-3.24702	72.53842	0.05328
72.57026	-3.24663	72.57046	0.05367
72.60447	-3.24719	72.60467	0.05311
72.63608	-3.24724	72.63628	0.05306
72.66996	-3.24721	72.67016	0.05309
72.70198	-3.24682	72.70218	0.05348
72.73412	-3.24582	72.73432	0.05448
72.76802	-3.24525	72.76822	0.05505
72.79981	-3.24417	72.80001	0.05613
72.83303	-3.24428	72.83323	0.05602
72.86595	-3.24359	72.86615	0.05671
72.89901	-3.24265	72.89921	0.05766
72.93273	-3.23988	72.93293	0.06042
72.96715	-3.23687	72.96735	0.06343
73.00106	-3.2326	73.00126	0.0677
73.03565	-3.22788	73.03585	0.07242
73.06323	-3.22164	73.06343	0.07866
73.09501	-3.2136	73.09521	0.0867
73.1304	-3.20336	73.1306	0.09694
73.16468	-3.18906	73.16488	0.11124
73.19637	-3.17062	73.19657	0.12968
73.22838	-3.14449	73.22858	0.15581
73.25948	-3.10604	73.25968	0.19426
73.29639	-3.05179	73.29659	0.24851
73.32814	-2.97504	73.32834	0.32526
73.36041	-2.86625	73.36061	0.43405
73.39615	-2.71215	73.39635	0.58815
73.42893	-2.48758	73.42913	0.81272
73.46366	-2.14595	73.46386	1.15435
73.49787	-1.62005	73.49807	1.68025
73.52954	-0.85012	73.52974	2.45018
73.56118	0.15637	73.56138	3.45667
73.59454	1.21033	73.59474	4.51063
73.63046	1.7771	73.63066	5.0774
73.66321	1.59752	73.66341	4.89782
73.69512	0.9253	73.69532	4.2256
73.72917	0.11802	73.72937	3.41832
73.76509	-0.59826	73.76529	2.70204
73.79658	-1.16958	73.79678	2.13072
73.82999	-1.61512	73.83019	1.68518
73.86574	-1.96419	73.86594	1.33611
73.8987	-2.23865	73.8989	1.06165
73.93126	-2.45594	73.93146	0.84436
73.96291	-2.62862	73.96311	0.67168
73.99578	-2.76631	73.99598	0.53399
74.02913	-2.8758	74.02933	0.4245
74.05916	-2.96335	74.05936	0.33695
74.09671	-3.03396	74.09691	0.26634
74.13024	-3.09045	74.13044	0.20985
74.16278	-3.13457	74.16298	0.16573
74.19593	-3.17009	74.19613	0.13021
74.22824	-3.19845	74.22844	0.10186
74.26271	-3.22151	74.26291	0.07879
74.29573	-3.23939	74.29593	0.06091
74.32885	-3.25366	74.32905	0.04664
74.35947	-3.26556	74.35967	0.03474
74.39465	-3.27454	74.39485	0.02576
74.42864	-3.28108	74.42884	0.01922
74.45988	-3.28625	74.46008	0.01405
74.49332	-3.29036	74.49352	0.00994
74.52697	-3.29358	74.52717	0.00672
74.56004	-3.29598	74.56024	0.00432
74.59422	-3.29756	74.59442	0.00274
74.62611	-3.29779	74.62631	0.00251
74.65966	-3.29777	74.65986	0.00253
74.69455	-3.29674	74.69475	0.00356
74.72628	-3.29521	74.72648	0.00509
74.75834	-3.29352	74.75854	0.00678
74.79301	-3.29166	74.79321	0.00864
74.82796	-3.28869	74.82816	0.01161
74.85684	-3.28588	74.85704	0.01442
74.8929	-3.28292	74.8931	0.01738
74.92539	-3.27797	74.92559	0.02233
74.95871	-3.27197	74.95891	0.02833
74.99091	-3.26441	74.99111	0.03589
75.0261	-3.25552	75.0263	0.04478
75.0594	-3.24545	75.0596	0.05485
75.0918	-3.2343	75.092	0.066
75.12612	-3.22133	75.12632	0.07897
75.16013	-3.20672	75.16033	0.09358
75.19307	-3.18877	75.19327	0.11153
75.22736	-3.16801	75.22756	0.13229
75.25744	-3.14262	75.25764	0.15768
75.29115	-3.11301	75.29135	0.18729
75.32508	-3.07724	75.32528	0.22306
75.36016	-3.03276	75.36036	0.26754
75.39496	-2.97694	75.39516	0.32336
75.42813	-2.90744	75.42833	0.39286
75.46079	-2.81813	75.46099	0.48217
75.4927	-2.70114	75.4929	0.59916
75.52609	-2.54492	75.52629	0.75538
75.55891	-2.33024	75.55911	0.97006
75.59078	-2.02691	75.59098	1.27339
75.6228	-1.58529	75.623	1.71501
75.65713	-0.9292	75.65733	2.3711
75.68891	0.05937	75.68911	3.35967
75.72217	1.53079	75.72237	4.83109
75.75347	3.62712	75.75367	6.92742
75.78397	6.38045	75.78417	9.68075
75.81766	9.36342	75.81786	12.66372
75.85051	11.25892	75.85071	14.55922
75.88413	10.67912	75.88433	13.97942
75.91872	8.45764	75.91892	11.75794
75.95234	5.92199	75.95254	9.22229
75.98654	3.87595	75.98674	7.17625
76.01994	2.32984	76.02014	5.63014
76.05171	1.14398	76.05191	4.44428
76.08434	0.21886	76.08454	3.51916
76.11849	-0.51236	76.11869	2.78794
76.15056	-1.10121	76.15076	2.19909
76.18255	-1.57787	76.18275	1.72243
76.21687	-1.96394	76.21707	1.33636
76.25049	-2.27439	76.25069	1.02591
76.28426	-2.52421	76.28446	0.77609
76.31559	-2.72421	76.31579	0.57609
76.34807	-2.88457	76.34827	0.41573
76.3817	-3.01288	76.3819	0.28742
76.41542	-3.11565	76.41562	0.18465
76.45126	-3.19817	76.45146	0.10213
76.48318	-3.26496	76.48338	0.03534
76.51463	-3.31785	76.51483	-0.01755
76.54677	-3.36001	76.54697	-0.05971
76.58099	-3.39404	76.58119	-0.09374
76.6164	-3.42185	76.6166	-0.12155
76.65175	-3.44509	76.65195	-0.14479
76.68249	-3.46341	76.68269	-0.16311
76.71552	-3.479	76.71572	-0.1787
76.74927	-3.49139	76.74947	-0.19109
76.78346	-3.50163	76.78366	-0.20133
76.81641	-3.51057	76.81661	-0.21027
76.85085	-3.518	76.85105	-0.2177
76.88544	-3.5241	76.88564	-0.2238
76.91632	-3.52965	76.91652	-0.22935
76.94925	-3.53412	76.94945	-0.23382
76.98256	-3.53766	76.98276	-0.23736
77.01495	-3.54115	77.01515	-0.24085
77.04782	-3.54393	77.04802	-0.24363
77.0795	-3.54646	77.0797	-0.24616
77.11476	-3.54942	77.11496	-0.24912
77.14595	-3.55176	77.14615	-0.25146
77.17945	-3.55449	77.17965	-0.25419
77.21541	-3.55708	77.21561	-0.25678
77.24772	-3.55945	77.24792	-0.25915
77.27923	-3.56218	77.27943	-0.26188
77.31298	-3.56463	77.31318	-0.26433
77.34694	-3.56741	77.34714	-0.26711
77.38061	-3.56984	77.38081	-0.26954
77.41265	-3.57243	77.41285	-0.27213
77.44665	-3.5756	77.44685	-0.2753
77.48053	-3.57872	77.48073	-0.27842
77.51146	-3.58098	77.51166	-0.28068
77.5458	-3.58282	77.546	-0.28252
77.57924	-3.58507	77.57944	-0.28477
77.61303	-3.58698	77.61323	-0.28668
77.64461	-3.5887	77.64481	-0.2884
77.67712	-3.59039	77.67732	-0.29009
77.71072	-3.59354	77.71092	-0.29324
77.7449	-3.5959	77.7451	-0.2956
77.77775	-3.59842	77.77795	-0.29812
77.81056	-3.60135	77.81076	-0.30105
77.8464	-3.60338	77.8466	-0.30308
77.87819	-3.60505	77.87839	-0.30475
77.90972	-3.60675	77.90992	-0.30645
77.94412	-3.6089	77.94432	-0.3086
77.98006	-3.61056	77.98026	-0.31026
78.01119	-3.61256	78.01139	-0.31226
78.0438	-3.61448	78.044	-0.31418
78.07865	-3.6159	78.07885	-0.3156
78.1128	-3.61674	78.113	-0.31644
78.14611	-3.61791	78.14631	-0.31761
78.18016	-3.62007	78.18036	-0.31977
78.21192	-3.62292	78.21212	-0.32262
78.24487	-3.62484	78.24507	-0.32454
78.27663	-3.62471	78.27683	-0.32441
78.3098	-3.6252	78.31	-0.3249
78.34086	-3.62742	78.34106	-0.32712
78.37381	-3.63128	78.37401	-0.33098
78.40602	-3.63579	78.40622	-0.33549
78.44057	-3.64005	78.44077	-0.33975
78.47347	-3.64349	78.47367	-0.34319
78.50707	-3.64641	78.50727	-0.34611
78.5386	-3.64978	78.5388	-0.34947
78.57332	-3.65317	78.57352	-0.35286
78.60861	-3.65656	78.60881	-0.35626
78.64184	-3.65942	78.64204	-0.35912
78.6761	-3.66264	78.6763	-0.36234
78.70914	-3.66627	78.70934	-0.36597
78.73889	-3.66975	78.73909	-0.36945
78.77307	-3.67298	78.77327	-0.37268
78.80498	-3.6759	78.80518	-0.3756
78.83747	-3.67865	78.83767	-0.37835
78.87082	-3.681	78.87102	-0.3807
78.90607	-3.68334	78.90627	-0.38304
78.93828	-3.68539	78.93848	-0.38509
78.97231	-3.68746	78.97251	-0.38716
79.00678	-3.69015	79.00698	-0.38985
79.03968	-3.69244	79.03988	-0.39214
79.07405	-3.69499	79.07425	-0.39469
79.10686	-3.69829	79.10706	-0.39799
79.14224	-3.70083	79.14244	-0.40053
79.17441	-3.70292	79.17461	-0.40262
79.20653	-3.7055	79.20673	-0.4052
79.23778	-3.70873	79.23798	-0.40843
79.27221	-3.71165	79.27241	-0.41135
79.30715	-3.71531	79.30735	-0.41501
79.34059	-3.71857	79.34079	-0.41827
79.37395	-3.72214	79.37415	-0.42184
79.40745	-3.72552	79.40765	-0.42522
79.44275	-3.7287	79.44295	-0.4284
79.4725	-3.73114	79.4727	-0.43084
79.50724	-3.73397	79.50744	-0.43367
79.54376	-3.73681	79.54396	-0.43651
79.57867	-3.73888	79.57887	-0.43858
79.60989	-3.74197	79.61009	-0.44167
79.64359	-3.74422	79.64379	-0.44392
79.67429	-3.74719	79.67449	-0.44688
79.70653	-3.74994	79.70673	-0.44964
79.74124	-3.75248	79.74144	-0.45218
79.77258	-3.75462	79.77278	-0.45432
79.80715	-3.75786	79.80735	-0.45756
79.83833	-3.76106	79.83853	-0.46076
79.87424	-3.76401	79.87444	-0.46371
79.90971	-3.76695	79.90991	-0.46665
79.94393	-3.76978	79.94413	-0.46948
79.97729	-3.77333	79.97749	-0.47303
