A	B	E	F	G	H	I	J
0	0.04577	0	0.06085	0	0.04128	0	0.04467
0.43408	95993.9375	0.07401	142460.1875	0.30661	86569.61719	-0.08462	93676.05469
0.48701	95993.9375	-0.03172	332407.15625	0.41234	216423.89063	0.05289	327866
0.4129	95993.9375	0.41234	949734.6875	0.35947	519417.3125	0.56061	889921.875
0.84698	239984.6875	0.35947	1.75701E6	0.4652	1.16869E6	0.30675	1.68617E6
1.05872	431972.46875	0.35947	2.32685E6	0.66608	1.77468E6	0.64523	2.29506E6
0.87874	815947.875	0.74009	2.65926E6	0.71895	1.77468E6	0.95198	2.48241E6
1.38693	1.05593E6	0.74009	2.80172E6	0.6978	1.25526E6	0.93083	2.62293E6
1.43986	1.29592E6	0.64494	3.03915E6	0.95155	519417.3125	0.98371	2.7166E6
1.4928	1.39191E6	1.05728	3.46653E6	0.9304	302993.46875	1.70299	3.18498E6
2.01157	1.48791E6	1.11014	4.17883E6	0.95155	605986.875	1.39624	3.88755E6
1.9057	1.48791E6	1.11014	5.22354E6	1.07842	1.34183E6	1.77703	4.54329E6
1.93746	1.48791E6	1.79737	6.50568E6	1.41675	2.20752E6	1.90396	5.48005E6
2.47741	1.39191E6	1.54362	7.78782E6	1.41675	2.94337E6	1.75588	6.36997E6
2.37154	1.29592E6	1.70221	9.40237E6	1.49076	3.59264E6	2.13667	7.4004E6
2.35036	1.29592E6	2.08283	1.12544E7	1.82909	4.32848E6	2.22129	8.57135E6
2.7315	1.39191E6	1.93481	1.28689E7	1.85023	5.28074E6	2.00974	9.83598E6
2.8162	1.87188E6	2.11455	1.4151E7	1.93482	6.44943E6	2.58093	1.1288E7
2.78444	2.44784E6	2.20971	1.55282E7	2.1357	7.61812E6	2.50688	1.27868E7
3.19734	3.02381E6	2.24142	1.73801E7	2.27314	8.74353E6	2.47515	1.38172E7
3.25027	3.74376E6	2.24142	1.9707E7	2.31543	9.69579E6	2.91941	1.42856E7
3.04912	4.6557E6	2.47403	2.25087E7	2.6009	1.04316E7	2.91941	1.48476E7
3.43026	5.37566E6	2.70663	2.54054E7	2.70663	1.10809E7	2.88768	1.60186E7
3.51496	6.3356E6	2.70663	2.83971E7	2.68548	1.17302E7	3.38482	1.78453E7
3.43026	7.00755E6	2.8335	3.06289E7	3.24584	1.28989E7	3.33194	2.00935E7
3.66318	7.58352E6	3.17183	3.25759E7	3.04495	1.43705E7	3.35309	2.25291E7
3.71611	8.20748E6	2.99209	3.52352E7	3.17183	1.61452E7	3.8185	2.42152E7
3.74787	8.78344E6	3.47844	3.89391E7	3.74276	1.80498E7	3.74446	2.50115E7
4.10784	9.4554E6	3.81677	4.34978E7	3.47844	1.98677E7	3.87139	2.52457E7
4.16078	1.04153E7	3.58416	4.82465E7	3.79562	2.1123E7	4.23103	2.61824E7
4.309	1.17113E7	4.30311	5.20455E7	4.07051	2.23782E7	4.03005	2.85712E7
4.48898	1.33431E7	4.12338	5.50846E7	3.86963	2.41962E7	4.46373	3.16625E7
4.57368	1.5119E7	4.17624	5.88835E7	4.2291	2.64037E7	4.64355	3.47538E7
4.59485	1.68469E7	4.51457	6.23976E7	4.51457	2.91739E7	4.51662	3.66742E7
4.77483	1.81428E7	4.38769	6.59591E7	4.35598	3.21173E7	4.92915	3.84072E7
5.03951	1.93428E7	4.42999	6.88558E7	4.48285	3.45413E7	4.90799	4.07959E7
4.95482	2.03987E7	4.66259	7.21323E7	4.74717	3.67488E7	4.82337	4.45898E7
5.52653	2.16466E7	4.6943	7.5124E7	4.58858	3.9519E7	5.19359	4.8571E7
5.47359	2.35185E7	4.66259	7.81632E7	4.8529	4.31116E7	5.2359	5.11939E7
5.50535	2.56304E7	4.9269	8.08224E7	5.13836	4.69207E7	5.39456	5.30675E7
5.78062	2.76462E7	5.07492	8.29118E7	5.00091	5.07298E7	5.52149	5.59246E7
5.81238	2.96141E7	4.97977	8.56661E7	5.28638	5.36731E7	5.57438	5.95779E7
5.78062	3.139E7	5.28638	8.84678E7	5.37096	5.67463E7	5.64842	6.32313E7
6.27822	3.30219E7	5.30752	9.1127E7	5.26523	5.99061E7	5.7542	6.58542E7
6.24646	3.50378E7	5.23351	9.34539E7	5.69872	6.37152E7	5.7542	6.77746E7
6.35233	3.77256E7	5.80444	9.55433E7	5.87845	6.70914E7	5.85997	7.04443E7
6.99815	4.05094E7	5.62471	9.73003E7	5.7833	6.97318E7	6.11384	7.3723E7
6.71229	4.32452E7	5.82559	9.94847E7	6.11105	7.23722E7	6.11384	7.63928E7
6.92404	4.53571E7	6.26964	1.01669E8	6.21678	7.55319E7	6.25134	7.83131E7
7.12519	4.7421E7	6.00533	1.03284E8	6.14277	7.81723E7	6.32539	8.01398E7
6.92404	4.99168E7	6.44938	1.04566E8	6.39652	8.02067E7	6.52636	8.29969E7
7.26283	5.26046E7	6.68198	1.05373E8	6.50225	8.19814E7	6.50521	8.5854E7
7.46399	5.50525E7	6.41766	1.06323E8	6.44938	8.37993E7	6.66387	8.81491E7
7.284	5.76443E7	6.75599	1.0713E8	6.60797	8.60934E7	6.94946	8.92732E7
7.54868	6.06681E7	6.86172	1.08175E8	6.80886	8.82144E7	6.81196	9.021E7
7.80278	6.40759E7	6.75599	1.08982E8	6.89344	8.98159E7	7.20333	9.20367E7
7.62279	6.69077E7	7.09432	1.10027E8	6.89344	9.09846E7	7.36199	9.43317E7
7.74984	6.95956E7	7.20005	1.10976E8	7.30577	9.24563E7	7.22448	9.63926E7
7.92982	7.22834E7	7.09432	1.11546E8	7.16833	9.3928E7	7.68989	9.75167E7
7.92982	7.52112E7	7.48551	1.11784E8	7.34807	9.50967E7	7.74278	9.86877E7
8.10981	7.8379E7	7.61238	1.11784E8	7.61238	9.62654E7	7.72163	9.98118E7
8.39566	8.12108E7	7.45379	1.11879E8	7.55952	9.70878E7	8.06011	1.01404E8
8.21568	8.35147E7	7.73926	1.12211E8	7.61238	9.79534E7	8.10242	1.02809E8
8.62858	8.58665E7	7.84499	1.12116E8	7.95071	9.89923E7	8.10242	1.03699E8
8.64975	8.82184E7	7.79212	1.11879E8	7.79212	1.00074E8	8.28224	1.04496E8
8.52271	9.04262E7	7.97186	1.12116E8	8.18331	1.0068E8	8.4409	1.05667E8
9.14735	9.26821E7	8.07759	1.12686E8	8.07759	1.01416E8	8.41975	1.06884E8
9.04148	9.4458E7	8.02472	1.13066E8	8.13045	1.02195E8	8.54668	1.07727E8
9.02031	9.59459E7	8.2256	1.13398E8	8.36305	1.02931E8	8.74765	1.08149E8
9.43321	9.77218E7	8.54279	1.13398E8	8.31019	1.03667E8	8.83227	1.08617E8
9.45438	9.94497E7	8.3842	1.13636E8	8.41592	1.04273E8	8.83227	1.09414E8
9.25322	1.0113E8	8.69081	1.13873E8	8.79653	1.05139E8	9.03325	1.09882E8
9.76141	1.02521E8	8.87054	1.13968E8	8.59565	1.05961E8	9.19191	1.09648E8
9.79317	1.03817E8	8.77539	1.13968E8	8.88112	1.0674E8	9.26595	1.0932E8
9.61319	1.04633E8	8.97627	1.14111E8	9.11372	1.0713E8	9.2448	1.09179E8
10.20607	1.05545E8	8.95513	1.14443E8	9.02914	1.07346E8	9.62559	1.09741E8
10.07903	1.06265E8	8.8494	1.14443E8	9.24059	1.07563E8	9.7631	1.1021E8
10.1849	1.06745E8	9.13486	1.14443E8	9.13486	1.07779E8	9.65732	1.1035E8
10.67191	1.07225E8	9.18773	1.14206E8	9.29345	1.07996E8	10.12274	1.10444E8
10.25901	1.07657E8	9.13486	1.13873E8	9.5472	1.07779E8	10.01696	1.10772E8
10.85189	1.08377E8	9.36746	1.13493E8	9.47319	1.07563E8	10.06985	1.10912E8
11.03188	1.08953E8	9.49433	1.13161E8	9.72694	1.07779E8	10.35544	1.10444E8
10.85189	1.09529E8	9.3146	1.12686E8	9.83266	1.08299E8	10.30255	1.10116E8
11.13775	1.10153E8	9.85381	1.12591E8	9.62121	1.08515E8	10.32371	1.09882E8
11.29656	1.10825E8	9.72694	1.12354E8	9.93839	1.08515E8	10.84201	1.09976E8
11.15892	1.11305E8	9.80095	1.12211E8	10.06526	1.08515E8	10.73624	1.10116E8
11.39184	1.11545E8	10.06527	1.12021E8	9.93839	1.08212E8	10.78912	1.10116E8
11.4236	1.11785E8	9.95954	1.11641E8	10.29787	1.07996E8	11.14876	1.09976E8
11.24362	1.12121E8	10.03355	1.11166E8	10.58333	1.07693E8	10.91605	1.10116E8
11.4236	1.12457E8	10.21328	1.10597E8	10.35073	1.07346E8	11.14876	1.1021E8
11.39184	1.12841E8	9.98068	1.10027E8	10.58333	1.0713E8	11.20165	1.10116E8
11.49771	1.13081E8	10.42474	1.09457E8	10.73135	1.0713E8	11.10645	1.09976E8
11.60359	1.13081E8	10.7102	1.08887E8	10.58333	1.0713E8	11.33916	1.09882E8
11.55065	1.13417E8	10.35073	1.08507E8	10.78421	1.0713E8	11.57186	1.09741E8
11.75181	1.13657E8	10.7102	1.08175E8	10.91109	1.0713E8	11.30742	1.09554E8
11.75181	1.13897E8	10.73135	1.0808E8	10.81593	1.0713E8	11.69879	1.09414E8
11.88944	1.13993E8	10.62562	1.0808E8	11.12254	1.0713E8	11.66706	1.09179E8
11.98473	1.14233E8	10.53047	1.08175E8	11.12254	1.0713E8	11.59302	1.09179E8
11.91062	1.14377E8	10.78421	1.0808E8	11.01681	1.0713E8	11.84688	1.08945E8
12.12236	1.14377E8	10.88994	1.07937E8	11.35514	1.07043E8	11.71995	1.08617E8
12.42939	1.14377E8	10.76307	1.077E8	11.35514	1.07043E8	11.84688	1.08055E8
12.27058	1.14137E8	11.01681	1.07367E8	11.46087	1.06913E8	12.05843	1.07353E8
12.48232	1.13897E8	11.14369	1.0713E8	11.71461	1.07043E8	12.0267	1.06791E8
12.60937	1.13513E8	11.09082	1.07035E8	11.55602	1.06913E8	12.07959	1.06463E8
12.55644	1.12937E8	11.66175	1.06893E8	11.60889	1.0674E8	12.36518	1.06322E8
12.66231	1.12457E8	11.42915	1.06655E8	11.76748	1.06394E8	12.2594	1.06322E8
12.89523	1.12265E8	11.35514	1.06418E8	11.71461	1.05961E8	12.39691	1.06322E8
12.82112	1.11881E8	11.6829	1.0618E8	11.78862	1.05572E8	12.70366	1.06088E8
12.73642	1.11641E8	11.55602	1.06085E8	11.94722	1.05139E8	12.52384	1.05667E8
13.05403	1.11641E8	11.60889	1.05848E8	11.89435	1.05009E8	12.62962	1.05198E8
13.02227	1.11545E8	11.84149	1.0561E8	11.84149	1.04836E8	12.93637	1.04964E8
13.23402	1.11449E8	11.64061	1.05516E8	12.15867	1.04706E8	12.68251	1.04496E8
13.30813	1.11209E8	11.73576	1.05183E8	12.05294	1.04619E8	13.04215	1.04168E8
13.25519	1.10825E8	11.78862	1.04803E8	12.15867	1.04273E8	13.22196	1.0384E8
13.48811	1.10489E8	11.94722	1.04566E8	12.17982	1.03754E8	12.93637	1.03465E8
13.414	1.10249E8	11.76748	1.04138E8	12.15867	1.03321E8	13.24312	1.03371E8
13.36106	1.10009E8	12.05294	1.03664E8	12.15867	1.02931E8	13.42294	1.03371E8
13.84808	1.09769E8	12.10581	1.03284E8	12.43356	1.02368E8	13.19023	1.03465E8
13.8269	1.09529E8	12.10581	1.02619E8	12.43356	1.02066E8	13.56045	1.03465E8
13.77397	1.09433E8	12.10581	1.02049E8	12.43356	1.01633E8	13.56045	1.03371E8
14.02806	1.09337E8	12.41242	1.01432E8	12.66616	1.0133E8	13.29601	1.02809E8
13.90101	1.09193E8	12.23268	1.01004E8	12.66616	1.0133E8	13.68738	1.02341E8
14.11276	1.09097E8	12.41242	1.00767E8	12.53929	1.0133E8	13.5816	1.01873E8
14.08099	1.09097E8	12.66616	1.00624E8	12.77189	1.01113E8	13.45467	1.01873E8
14.18687	1.08953E8	12.43356	1.00624E8	12.75075	1.01113E8	13.81431	1.01638E8
14.34568	1.08953E8	12.69788	1.00387E8	12.80361	1.01113E8	13.68738	1.01311E8
14.29274	1.08857E8	12.77189	1.00292E8	12.89876	1.0081E8	13.8672	1.00842E8
14.38802	1.08617E8	12.79304	9.99596E7	12.85647	1.00507E8	14.06817	1.00374E8
14.57859	1.08377E8	12.8459	9.94847E7	13.00449	1.00161E8	13.78258	9.99523E7
14.34568	1.08137E8	12.8459	9.92473E7	12.95163	1.00074E8	14.0999	9.95776E7
14.59977	1.07801E8	12.79304	9.91523E7	13.05735	9.99446E7	14.06817	9.92497E7
14.9068	1.07417E8	12.82476	9.89149E7	13.23709	9.97281E7	14.04702	9.90155E7
14.70564	1.06841E8	12.87762	9.8535E7	13.26881	9.94251E7	14.0999	9.85471E7
14.85386	1.06169E8	12.89876	9.82026E7	13.28996	9.91221E7	14.40665	9.80788E7
15.13972	1.05545E8	13.02564	9.81076E7	13.44855	9.87759E7	14.17395	9.78914E7
14.9915	1.05353E8	13.11022	9.81076E7	13.36396	9.86027E7	14.4807	9.76572E7
15.19265	1.05209E8	12.98335	9.79651E7	13.5437	9.83863E7	14.56532	9.7423E7
15.3197	1.04969E8	13.00449	9.78702E7	13.50141	9.81699E7	14.53358	9.70483E7
15.06561	1.04729E8	13.05735	9.77277E7	13.52256	9.78236E7	14.7134	9.67205E7
15.47851	1.04489E8	13.05735	9.74903E7	13.5437	9.7434E7	14.67109	9.63926E7
15.53144	1.04057E8	13.13136	9.73003E7	13.64943	9.72176E7	14.51243	9.58305E7
15.35146	1.03577E8	13.3111	9.68254E7	13.68115	9.68713E7	14.76629	9.54558E7
15.7326	1.03001E8	13.25824	9.6588E7	13.73401	9.64818E7	14.69225	9.52216E7
15.60555	1.02425E8	13.36397	9.62556E7	13.73401	9.60489E7	14.56532	9.5128E7
15.47851	1.02041E8	13.25824	9.57807E7	13.75516	9.56161E7	14.7134	9.52216E7
15.8173	1.01706E8	13.28995	9.52109E7	13.88203	9.50967E7	14.81918	9.52216E7
15.76436	1.01466E8	13.52256	9.44986E7	13.88203	9.46638E7	14.63936	9.50343E7
15.71143	1.0137E8	13.46969	9.40237E7	13.75516	9.41444E7	15.03073	9.46596E7
15.92317	1.0137E8	13.36397	9.32165E7	14.0089	9.38414E7	14.92495	9.45659E7
15.83847	1.0137E8	13.5437	9.2884E7	14.04062	9.3625E7	14.85091	9.44254E7
15.69025	1.01226E8	13.41683	9.26466E7	14.0089	9.37116E7	15.05188	9.43317E7
16.15609	1.0113E8	13.52256	9.24092E7	14.0089	9.3625E7	15.10477	9.38633E7
15.96552	1.0089E8	13.72344	9.20768E7	13.98776	9.34951E7	15.03073	9.36292E7
16.10315	1.00746E8	13.57542	9.18393E7	13.88203	9.31056E7	15.26343	9.31608E7
16.37842	1.0065E8	13.64943	9.14594E7	14.22036	9.27593E7	15.2317	9.28329E7
16.15609	1.0041E8	14.0089	9.10321E7	14.14635	9.24563E7	15.17882	9.2505E7
16.33607	1.0017E8	13.72344	9.05572E7	14.16749	9.21533E7	15.26343	9.20367E7
16.53723	1.0017E8	14.0089	9.02248E7	14.42124	9.19369E7	15.2317	9.18025E7
16.33607	9.99296E7	14.22036	8.99874E7	14.34723	9.15906E7	15.21055	9.15683E7
16.33607	9.95936E7	13.98776	8.98449E7	14.29437	9.12876E7	15.44325	9.12404E7
16.61134	9.90177E7	14.29437	8.96075E7	14.45296	9.09846E7	15.41152	9.09126E7
16.43136	9.84417E7	14.2415	8.95125E7	14.50582	9.05518E7	15.41152	9.05378E7
16.56899	9.78178E7	14.27322	8.937E7	14.42124	9.03353E7	15.62307	9.01163E7
16.77015	9.73858E7	14.22036	8.92751E7	14.55869	9.01189E7	15.64423	8.97416E7
16.53723	9.70018E7	14.18864	8.91801E7	14.52697	8.99025E7	15.59134	8.94137E7
16.77015	9.67618E7	14.34723	8.91801E7	14.52697	8.95129E7	15.75	8.89454E7
17.00306	9.66658E7	14.27322	8.89426E7	14.79129	8.91666E7	15.69712	8.8477E7
16.66427	9.64258E7	14.34723	8.85628E7	14.57983	8.86472E7	15.72885	8.79149E7
16.95013	9.59459E7	14.18864	8.83728E7	14.79129	8.81278E7	15.82405	8.74465E7
17.07718	9.53699E7	14.40009	8.78979E7	14.73842	8.78248E7	15.75	8.71187E7
16.82308	9.465E7	14.32609	8.7518E7	14.7067	8.7392E7	15.77116	8.7025E7
17.16187	9.4074E7	14.27322	8.71856E7	14.97102	8.68726E7	15.96156	8.7025E7
17.07718	9.3498E7	14.54811	8.67108E7	14.75957	8.62233E7	15.75	8.7025E7
16.89719	9.30181E7	14.32609	8.62834E7	14.91816	8.5574E7	15.90867	8.68845E7
17.34186	9.26821E7	14.34723	8.55711E7	14.9393	8.4968E7	16.08849	8.65566E7
17.25716	9.24421E7	14.52697	8.47638E7	14.7067	8.46217E7	16.00386	8.62288E7
17.07718	9.24421E7	14.32609	8.40515E7	14.91816	8.43187E7	15.98271	8.59946E7
17.3101	9.25381E7	14.34723	8.37191E7	14.91816	8.41023E7	16.21542	8.57604E7
17.16187	9.24421E7	14.65384	8.33867E7	14.75957	8.38859E7	16.00386	8.53857E7
17.16187	9.23461E7	14.42124	8.30068E7	14.97102	8.35829E7	16.16253	8.51983E7
17.49008	9.21061E7	14.57983	8.26744E7	14.91816	8.31501E7	16.32119	8.48236E7
17.21481	9.17222E7	14.7067	8.21995E7	14.88644	8.26306E7	16.14138	8.44957E7
17.41597	9.13862E7	14.52697	8.17247E7	14.9393	8.21978E7	16.05675	8.43552E7
17.39479	9.10502E7	14.65384	8.11548E7	14.9393	8.16784E7	16.26831	8.39337E7
17.18305	9.06662E7	14.7067	8.0585E7	14.9393	8.13754E7	16.08849	8.34653E7
17.25716	9.04262E7	14.60098	8.01101E7	14.9393	8.09425E7	16.28946	8.31374E7
17.23598	9.00903E7	14.68556	7.97777E7	14.81243	8.04231E7	16.46928	8.27627E7
17.23598	8.97543E7	14.81243	7.94453E7	14.81243	7.98604E7	16.05675	8.23412E7
17.23598	8.94183E7	14.68556	7.89704E7	14.99217	7.95574E7	16.37408	8.19665E7
17.25716	8.89383E7	14.7067	7.8733E7	14.8653	7.92544E7	16.37408	8.14044E7
17.36303	8.84584E7	15.11904	7.85905E7	14.97102	7.8735E7	16.21542	8.09361E7
17.34186	8.81224E7	14.78071	7.84956E7	14.99217	7.83022E7	16.73372	8.07019E7
17.44773	8.74984E7	14.99217	7.84006E7	14.88644	7.77828E7	16.46928	8.02803E7
17.4689	8.70664E7	15.04503	7.81632E7	15.04503	7.73499E7	16.42697	7.96714E7
17.4689	8.64425E7	14.81243	7.75458E7	14.9393	7.68305E7	16.57505	7.90157E7
17.3101	8.60105E7	14.97102	7.71185E7	14.9393	7.61812E7	16.44812	7.84536E7
17.52184	8.55305E7	14.9393	7.66436E7	14.99217	7.55319E7	16.26831	7.78447E7
17.4689	8.49546E7	14.7067	7.59313E7	14.9393	7.4926E7	16.42697	7.75169E7
17.34186	8.42346E7	14.9393	7.55039E7	14.88644	7.42767E7	16.39524	7.72827E7
17.59595	8.34187E7	14.8653	7.5029E7	14.91816	7.36274E7	16.28946	7.69548E7
17.44773	8.29387E7	14.99217	7.44592E7	15.02389	7.2805E7	16.34235	7.69548E7
17.41597	8.23627E7	14.88644	7.37469E7	14.9393	7.19393E7	16.52217	7.67206E7
17.68065	8.18828E7	14.75957	7.29396E7	15.06618	7.11169E7	16.46928	7.63928E7
17.52184	8.15468E7	14.78071	7.21323E7	14.97102	7.05975E7	16.28946	7.57839E7
17.36303	8.13068E7	14.75957	7.142E7	14.97102	7.01646E7	16.57505	7.5456E7
17.57477	8.12108E7	14.68556	7.09452E7	15.02389	6.96452E7	16.44812	7.4894E7
17.41597	8.10668E7	14.60098	7.02804E7	14.9393	6.92124E7	16.44812	7.45661E7
17.3101	8.08268E7	14.73842	6.95681E7	15.02389	6.86929E7	16.62794	7.40977E7
17.52184	8.04909E7	14.73842	6.89982E7	14.88644	6.79571E7	16.44812	7.36293E7
17.57477	8.01549E7	14.57983	6.81909E7	14.91816	6.73078E7	16.52217	7.3161E7
17.41597	7.96749E7	14.65384	6.74786E7	14.88644	6.6572E7	16.52217	7.25989E7
17.82887	7.93389E7	14.60098	6.69088E7	14.8653	6.58361E7	16.50101	7.2271E7
17.70182	7.8859E7	14.54811	6.61965E7	15.17191	6.51869E7	16.57505	7.18963E7
17.68065	7.8379E7	14.68556	6.53892E7	14.88644	6.4451E7	16.52217	7.14748E7
17.82887	7.7899E7	14.7067	6.46769E7	15.02389	6.38018E7	16.42697	7.10064E7
17.59595	7.74191E7	14.54811	6.40121E7	14.99217	6.31958E7	16.46928	7.02102E7
17.57477	7.70831E7	14.8653	6.34423E7	14.91816	6.25465E7	16.50101	6.96481E7
17.75476	7.67471E7	14.68556	6.30624E7	14.97102	6.21137E7	16.57505	6.90392E7
17.62771	7.64111E7	14.65384	6.29674E7	14.9393	6.15077E7	16.42697	6.86177E7
17.64888	7.59312E7	14.73842	6.2635E7	14.9393	6.0945E7	16.5539	6.80088E7
17.91356	7.54512E7	14.54811	6.22551E7	14.8653	6.0339E7	16.52217	6.74467E7
17.64888	7.48752E7	14.7067	6.19227E7	14.91816	5.94733E7	16.39524	6.6791E7
17.77593	7.40593E7	14.50582	6.12104E7	14.9393	5.87374E7	16.50101	6.61821E7
17.8818	7.34353E7	14.60098	6.06406E7	14.83358	5.7915E7	16.46928	6.53858E7
17.52184	7.26194E7	14.47411	6.00707E7	15.02389	5.69628E7	16.39524	6.47301E7
18.1359	7.18034E7	14.52697	5.92634E7	14.88644	5.60971E7	16.50101	6.43554E7
18.00885	7.08915E7	14.50582	5.84562E7	14.8653	5.52747E7	16.34235	6.40275E7
17.70182	6.99315E7	14.50582	5.77439E7	14.91816	5.4409E7	16.42697	6.36997E7
18.06179	6.91156E7	14.45296	5.69366E7	14.79129	5.33701E7	16.23657	6.32313E7
17.91356	6.84436E7	14.45296	5.62243E7	14.81243	5.24179E7	16.21542	6.26692E7
17.75476	6.78197E7	14.68556	5.55595E7	14.83358	5.1682E7	16.42697	6.20603E7
17.86063	6.72437E7	14.54811	5.48472E7	14.61155	5.09029E7	16.26831	6.16388E7
17.70182	6.67637E7	14.65384	5.40399E7	14.75957	5.00805E7	16.37408	6.08426E7
17.54301	6.61878E7	14.81243	5.32326E7	14.68556	4.94312E7	16.26831	6.02337E7
17.70182	6.56118E7	14.40009	5.22829E7	14.7067	4.8479E7	16.32119	5.95779E7
17.59595	6.50359E7	14.73842	5.12382E7	14.7067	4.77431E7	16.26831	5.87817E7
17.41597	6.43159E7	14.57983	5.04309E7	14.73842	4.67908E7	16.26831	5.80791E7
17.54301	6.35959E7	14.45296	4.95287E7	14.68556	4.58386E7	16.28946	5.76107E7
17.75476	6.278E7	14.57983	4.8484E7	14.7067	4.50162E7	16.21542	5.6955E7
17.54301	6.2108E7	14.40009	4.76767E7	14.52697	4.40639E7	16.37408	5.64866E7
17.59595	6.13881E7	14.36838	4.6632E7	14.6327	4.31116E7	16.39524	5.60182E7
17.68065	6.08121E7	14.34723	4.55873E7	14.50582	4.22459E7	16.32119	5.53157E7
17.49008	6.02362E7	14.52697	4.46375E7	14.6327	4.15101E7	16.32119	5.44257E7
17.57477	5.97562E7	14.34723	4.38303E7	14.52697	4.09041E7	16.34235	5.37232E7
17.75476	5.91802E7	14.40009	4.3023E7	14.61155	4.0125E7	16.26831	5.29269E7
17.59595	5.87003E7	14.52697	4.23107E7	14.45296	3.96056E7	16.19426	5.21307E7
17.64888	5.79803E7	14.32609	4.17408E7	14.52697	3.88697E7	16.19426	5.15686E7
17.57477	5.74043E7	14.40009	4.1171E7	14.34723	3.81339E7	16.23657	5.06319E7
17.44773	5.66844E7	14.27322	4.06012E7	14.29437	3.73981E7	16.08849	4.98356E7
17.52184	5.58684E7	14.27322	3.98889E7	14.42124	3.64458E7	16.26831	4.91799E7
17.54301	5.50525E7	14.34723	3.90816E7	14.4001	3.55801E7	16.08849	4.84773E7
17.34186	5.41405E7	14.22036	3.82743E7	14.18864	3.47577E7	16.14138	4.76811E7
17.21481	5.30846E7	14.06177	3.7467E7	14.42124	3.38054E7	16.44812	4.69785E7
17.3101	5.22687E7	14.22036	3.65173E7	14.22036	3.30696E7	16.23657	4.62759E7
17.23598	5.14527E7	14.27322	3.571E7	14.14635	3.22039E7	16.32119	4.56202E7
17.18305	5.04928E7	14.11463	3.49977E7	14.2415	3.13815E7	16.32119	4.50582E7
17.4689	4.94368E7	14.29437	3.41904E7	14.16749	3.05158E7	16.16253	4.43556E7
17.34186	4.84769E7	14.22036	3.35256E7	14.18864	2.96934E7	16.19426	4.3653E7
17.21481	4.7661E7	14.0089	3.28133E7	14.09348	2.89575E7	16.14138	4.29973E7
17.3101	4.6989E7	14.2415	3.22435E7	14.22036	2.80053E7	15.98271	4.22947E7
17.25716	4.6269E7	14.22036	3.15312E7	14.11463	2.72694E7	16.10964	4.14985E7
17.16187	4.54531E7	13.98776	3.08664E7	14.0089	2.64037E7	16.00386	4.05617E7
17.41597	4.46372E7	14.11463	2.99166E7	14.29437	2.56679E7	16.0356	3.96718E7
17.18305	4.38212E7	14.11463	2.88719E7	14.22036	2.47156E7	16.08849	3.88755E7
17.23598	4.28613E7	13.86088	2.79697E7	14.06177	2.38499E7	15.85578	3.8173E7
17.3101	4.20453E7	14.22036	2.702E7	14.29437	2.31141E7	15.98271	3.75172E7
17.056	4.11334E7	14.06177	2.60702E7	14.22036	2.22917E7	16.00386	3.68147E7
17.13011	4.03174E7	13.98776	2.52629E7	14.06177	2.1426E7	15.75	3.62526E7
17.21481	3.94535E7	14.13578	2.44557E7	14.18864	2.06036E7	15.82405	3.56437E7
17.056	3.87815E7	13.86088	2.35534E7	14.11463	1.97379E7	16.08849	3.4988E7
17.21481	3.80616E7	13.98776	2.27461E7	13.98776	1.91319E7	15.80289	3.41917E7
17.18305	3.75816E7	14.09348	2.20338E7	14.32609	1.84826E7	15.92982	3.33955E7
17.00306	3.70056E7	13.88203	2.13215E7	14.06177	1.79632E7	15.82405	3.24587E7
16.92895	3.64297E7	13.82917	2.07517E7	13.98776	1.75303E7	15.67596	3.15688E7
17.00306	3.58537E7	13.86088	2.01819E7	14.09348	1.70109E7	15.77116	3.07257E7
16.87602	3.51338E7	13.80802	1.9612E7	14.0089	1.63616E7	15.67596	2.99295E7
16.98189	3.43178E7	13.59657	1.88997E7	13.82917	1.57124E7	15.54903	2.92737E7
17.056	3.35019E7	13.82917	1.81874E7	13.88203	1.51064E7	15.80289	2.84775E7
16.82308	3.26859E7	13.72344	1.76176E7	13.75516	1.43705E7	15.62307	2.78686E7
16.98189	3.187E7	13.59657	1.70477E7	13.64943	1.38511E7	15.72885	2.72129E7
16.98189	3.115E7	13.67057	1.65729E7	13.73401	1.32019E7	15.67596	2.66508E7
16.77015	3.02381E7	13.57542	1.59081E7	13.62828	1.26824E7	15.62307	2.61824E7
16.89719	2.92781E7	13.41683	1.52907E7	13.52256	1.20332E7	15.5173	2.53862E7
16.80191	2.84622E7	13.52256	1.48633E7	13.7763	1.15138E7	15.39037	2.46836E7
16.61134	2.75022E7	13.49084	1.4246E7	13.64943	1.10809E7	15.35863	2.38874E7
16.80191	2.66863E7	13.28995	1.39136E7	13.62828	1.06481E7	15.33748	2.30911E7
16.80191	2.58704E7	13.44855	1.34387E7	13.75516	1.02585E7	15.39037	2.23886E7
16.66427	2.51984E7	13.41683	1.31063E7	13.57542	9.69579E6	15.28459	2.19202E7
16.77015	2.43824E7	13.28995	1.26315E7	13.5437	9.0898E6	15.31632	2.12645E7
16.71721	2.36625E7	13.41683	1.20616E7	13.52256	8.44053E6	15.35863	2.07024E7
16.61134	2.28465E7	13.39568	1.14918E7	13.44855	7.79126E6	15.2317	1.99062E7
16.61134	2.18866E7	13.16308	1.07795E7	13.41683	7.27184E6	15.12593	1.92036E7
16.59016	2.10707E7	13.28995	1.02096E7	13.46969	6.75243E6	15.33748	1.87352E7
16.51605	2.02547E7	13.25824	9.63981E6	13.26881	6.23301E6	15.26343	1.81731E7
16.46312	1.93428E7	12.98335	9.06997E6	13.36396	5.80016E6	15.33748	1.77048E7
16.56899	1.86228E7	13.3111	8.45264E6	13.52256	5.28074E6	15.49614	1.71427E7
16.53723	1.79029E7	13.02564	7.78782E6	13.21595	4.8479E6	15.31632	1.64401E7
16.46312	1.74229E7	13.0785	7.21798E6	13.26881	4.41505E6	15.41152	1.58781E7
16.59016	1.69909E7	13.3111	6.74312E6	13.46969	4.02548E6	15.28459	1.51755E7
16.56899	1.66069E7	12.95163	6.26825E6	13.11022	3.80906E6	15.2317	1.4754E7
16.30431	1.6175E7	13.25824	5.79338E6	13.46969	3.46278E6	15.33748	1.41451E7
16.59016	1.5695E7	13.34282	5.55595E6	13.3111	3.15979E6	15.10477	1.3583E7
16.48429	1.5215E7	13.00449	5.12857E6	13.13136	2.8568E6	15.31632	1.3021E7
16.43136	1.46391E7	13.18423	4.6537E6	13.36396	2.51052E6	15.31632	1.24589E7
16.53723	1.39191E7	13.21595	4.17883E6	13.21595	2.20752E6	15.21055	1.18969E7
16.43136	1.33431E7	12.95163	3.70397E6	13.11022	1.90453E6	15.26343	1.1288E7
16.19844	1.27672E7	13.16308	3.27658E6	13.21595	1.68811E6	15.2317	1.08664E7
16.37842	1.21912E7	13.13136	2.89669E6	13.03621	1.47168E6	15.10477	1.04917E7
16.25137	1.17113E7	12.79304	2.65926E6	13.05735	1.34183E6	15.08362	1.01638E7
16.17726	1.12313E7	13.00449	2.32685E6	13.03621	1.03883E6	14.97784	9.69547E6
16.30431	1.06553E7	12.93048	2.23188E6	13.03621	952265.1875	14.92495	9.22709E6
15.96552	1.01754E7	12.8459	1.99444E6	13.0785	735841.1875	15.03073	8.66503E6
16.12433	9.59939E6	12.87762	1.75701E6	13.00449	605986.875	14.81918	8.24349E6
16.19844	9.11942E6	12.79304	1.61455E6	12.98335	519417.3125	14.76629	7.77511E6
16.01845	8.54346E6	12.56043	1.51958E6	12.89876	389563.03125	14.85091	7.4004E6
16.01845	7.96749E6	12.69788	1.37712E6	12.89876	302993.46875	14.67109	7.07254E6
16.15609	7.48752E6	12.71903	1.18717E6	12.75075	302993.46875	14.58647	6.60416E6
15.89141	7.00755E6	12.48643	949734.6875	12.77189	86569.61719	14.76629	6.0421E6
15.94434	6.43159E6	12.53929	569840.75	12.69788	86569.61719	14.63936	5.71424E6
15.87023	5.95162E6	12.53929	332407.15625	12.71903	0.04128	14.69225	5.24586E6
15.65849	5.47165E6	12.35955	237433.67188	12.64502	0.04128	14.79802	5.15218E6
15.89141	4.89569E6	12.41242	142460.1875	12.48643	0.04128	14.56532	4.91799E6
15.63731	4.55971E6	12.41242	142460.1875	12.75075	86569.61719	14.7134	4.6838E6
15.71143	4.07974E6	12.25383	142460.1875	12.51815	86569.61719	14.63936	4.35593E6
15.83847	3.74376E6	12.46528	142460.1875	12.53929	86569.61719	14.63936	3.98123E6
15.7326	3.40778E6	12.35955	0.06085	12.46528	0.04128	14.56532	3.51285E6
15.69025	3.02381E6	12.1481	-94973.42188	12.48643	0.04128	14.67109	3.18498E6
16.05022	2.78382E6	12.25383	-94973.42188	12.35955	0.04128	14.51243	2.95079E6
15.83847	2.68783E6	12.33841	-94973.42188	12.25382	0.04128	14.4807	2.7166E6
15.76436	2.44784E6	12.07409	-94973.42188	12.57101	0.04128	14.58647	2.38874E6
15.89141	2.35185E6	12.46528	-94973.42188	12.30669	-129854.39844	14.27972	2.06087E6
15.58438	1.96787E6	12.30669	0.06085	12.23268	-129854.39844	14.6182	1.82668E6
15.53144	1.72789E6	12.20096	-94973.42188	12.43356	-129854.39844	14.69225	1.68617E6
15.71143	1.39191E6	12.53929	-94973.42188	12.28554	-129854.39844	14.56532	1.45198E6
15.49968	1.15193E6	12.23268	-94973.42188	12.23268	-129854.39844	14.67109	1.3583E6
15.29852	1.05593E6	12.23268	-94973.42188	12.39127	-129854.39844	14.51243	1.12411E6
15.40439	815947.875	12.23268	-94973.42188	12.12695	86569.61719	14.40665	1.03044E6
15.42557	671957.125	12.02122	-94973.42188	12.20096	0.04128	14.33261	796245.875
15.13972	575963.25	11.9155	-94973.42188	12.39127	0.04128	14.30088	562055.9375
15.45733	431972.46875	11.96836	-94973.42188	12.15867	0.04128	14.24799	327866
15.37264	431972.46875	11.94722	-94973.42188	12.15867	-129854.39844	14.15279	327866
15.17148	335978.59375	11.73576	-94973.42188	12.28554	0.04128	14.27972	234189.98438
15.37264	335978.59375	12.00008	-94973.42188	11.97893	-129854.39844	14.17395	93676.05469
15.19265	239984.6875	11.71462	-94973.42188	12.07409	0.04128	14.01528	93676.05469
15.06561	95993.9375	11.76748	-94973.42188	12.12695	0.04128	13.99413	93676.05469
15.19265	95993.9375	11.9155	0.06085	12.00008	-129854.39844	13.88835	93676.05469
15.06561	95993.9375	11.76748	-94973.42188	11.82034	0.04128	13.94124	0.04467
14.88562	0.04577	11.76748	-94973.42188	12.05294	0.04128	13.92008	0.04467
15.04443	95993.9375	12.02122	-94973.42188	11.87321	0.04128	13.76142	0.04467
14.88562	95993.9375	11.78862	-94973.42188	11.76748	0.04128	14.0999	0.04467
14.88562	95993.9375	11.76748	0.06085	12.00008	0.04128	14.01528	0.04467
14.83269	0.04577	11.78862	0.06085	11.84149	0.04128	13.81431	0.04467
14.75858	0.04577	11.42915	0.06085	11.71461	0.04128	14.15279	0.04467
14.62094	0.04577	11.64061	-94973.42188	12.10581	0.04128	13.94124	0.04467
14.67388	0.04577	11.60889	-94973.42188	11.76748	-129854.39844	13.99413	-140514.0625
14.62094	0.04577	11.42915	-94973.42188	11.71461	-129854.39844	14.24799	0.04467
14.41978	0.04577	11.46087	-94973.42188	11.84149	0.04128	13.94124	0.04467
14.81151	0.04577	11.55602	-94973.42188	11.69347	0.04128	13.97297	0.04467
14.70564	0.04577	11.35514	0.06085	11.55602	0.04128	14.12106	0.04467
14.54683	0.04577	11.46087	-94973.42188	11.58774	0.04128	13.8672	0.04467
14.9068	0.04577	11.46087	-94973.42188	11.51373	0.04128	13.97297	0.04467
14.67388	0.04577	11.37629	-94973.42188	11.51373	0.04128	14.01528	0.04467
14.6527	95993.9375	11.27056	-94973.42188	11.37629	0.04128	13.70853	0.04467
14.77975	0.04577	11.35514	-94973.42188	11.42915	0.04128	13.78258	0.04467
14.44096	0.04577	11.22827	0.06085	11.30228	0.04128	13.65564	0.04467
14.38802	0.04577	11.12254	0.06085	11.24941	0.04128	13.42294	0.04467
14.70564	0.04577	11.24941	-94973.42188	11.28113	0.04128	13.50756	0.04467
14.38802	0.04577	11.01681	-94973.42188	11.22827	-129854.39844	13.47583	0.04467
14.38802	0.04577	10.85822	-94973.42188	11.12254	0.04128	13.29601	0.04467
14.62094	0.04577	11.19655	-94973.42188	11.19655	0.04128	13.40178	0.04467
14.26098	0.04577	11.03796	-94973.42188	11.09082	0.04128	13.56045	0.04467
14.38802	0.04577	10.91109	-94973.42188	10.99567	-129854.39844	13.27485	0.04467
14.41978	0.04577	11.09082	-94973.42188	11.22827	0.04128	13.3489	0.04467
14.2398	0.04577	10.83708	0.06085	10.96395	-129854.39844	13.45467	0.04467
14.36685	0.04577	10.73135	-94973.42188	11.32342	0.04128	13.16908	0.04467
14.44096	0.04577	10.91109	-94973.42188	11.32342	0.04128	13.50756	0.04467
14.11276	0.04577	10.7102	-94973.42188	11.06968	0.04128	13.40178	0.04467
14.41978	0.04577	10.60448	-94973.42188	11.1754	0.04128	13.29601	-140514.0625
14.31391	0.04577	10.9428	-94973.42188	11.06968	0.04128	13.3489	-140514.0625
14.13393	0.04577	10.76307	-94973.42188	11.06968	0.04128	13.24312	0.04467
14.13393	0.04577	10.73135	-94973.42188	11.12254	0.04128	13.40178	0.04467
14.00688	0.04577	11.09082	-94973.42188	10.96395	-129854.39844	13.16908	0.04467
13.8269	0.04577	10.65734	-94973.42188	10.86879	0.04128	13.22196	0.04467
13.84808	0.04577	10.99567	-94973.42188	10.83708	-129854.39844	13.32774	0.04467
13.69985	0.04577	10.91109	-94973.42188	10.83708	-129854.39844	12.98926	0.04467
13.66809	95993.9375	10.62562	-94973.42188	10.67849	0.04128	13.09503	-140514.0625
13.87984	0.04577	10.73135	0.06085	10.81593	-129854.39844	13.09503	0.04467
13.69985	0.04577	10.49875	-94973.42188	10.67849	0.04128	13.01041	0.04467
13.69985	95993.9375	10.53047	-94973.42188	10.58333	0.04128	13.04215	0.04467
13.77397	95993.9375	10.76307	-94973.42188	10.58333	0.04128	13.01041	0.04467
13.72103	0.04577	10.4776	-94973.42188	10.49875	-129854.39844	12.75655	-140514.0625
13.59398	0.04577	10.49875	-94973.42188	10.37187	-129854.39844	12.77771	-140514.0625
13.64692	0.04577	10.60448	-94973.42188	10.40359	-129854.39844	12.75655	-140514.0625
13.7422	0.04577	10.26615	-94973.42188	10.44588	0.04128	12.49211	0.04467
13.50929	0.04577	10.55161	-94973.42188	10.42474	0.04128	12.62962	0.04467
13.54105	0.04577	10.58333	-94973.42188	10.35073	-129854.39844	12.77771	0.04467
13.7422	0.04577	10.26615	-94973.42188	10.44588	0.04128	12.52384	0.04467
13.54105	0.04577	10.4776	-94973.42188	10.44588	0.04128	12.70366	0.04467
13.66809	0.04577	10.4776	-94973.42188	10.40359	0.04128	12.77771	0.04467
13.72103	0.04577	10.16042	-94973.42188	10.42474	0.04128	12.59789	0.04467
13.28695	95993.9375	10.37187	-94973.42188	10.35073	0.04128	12.93637	0.04467
13.54105	0.04577	10.21328	-94973.42188	10.4776	0.04128	12.70366	0.04467
13.43517	0.04577	9.95954	-94973.42188	10.44588	0.04128	12.65077	-140514.0625
13.20225	0.04577	10.16042	-94973.42188	10.11813	0.04128	12.77771	-140514.0625
13.54105	0.04577	10.03355	-94973.42188	10.42474	0.04128	12.57673	-140514.0625
13.46693	0.04577	9.95954	-94973.42188	10.245	0.04128	12.34403	0.04467
13.25519	0.04577	9.98068	-94973.42188	10.21328	0.04128	12.68251	0.04467
13.77397	0.04577	9.98068	-94973.42188	10.245	-129854.39844	12.47096	0.04467
13.66809	0.04577	9.67407	-94973.42188	10.245	-129854.39844	12.39691	0.04467
13.414	95993.9375	9.92782	-94973.42188	10.17099	-129854.39844	12.57673	0.04467
13.7422	0.04577	9.7798	-94973.42188	10.08641	-129854.39844	12.41807	-140514.0625
13.54105	0.04577	9.62121	-94973.42188	10.0124	-129854.39844	12.41807	-140514.0625
13.48811	0.04577	9.74808	-94973.42188	10.11813	0.04128	12.47096	-140514.0625
13.72103	0.04577	9.83266	-94973.42188	10.03355	0.04128	12.39691	0.04467
13.414	0.04577	9.60006	-94973.42188	10.0124	0.04128	12.39691	0.04467
13.414	0.04577	9.83266	-94973.42188	10.19214	0.04128	12.31229	-140514.0625
13.36106	0.04577	9.80095	0.06085	10.11813	0.04128	12.21709	-140514.0625
13.07521	0.04577	9.49433	0.06085	10.0124	0.04128	12.4498	-140514.0625
13.05403	0.04577	9.69522	0.06085	10.0124	-129854.39844	12.11132	0.04467
13.14932	0.04577	9.80095	-94973.42188	9.83266	-129854.39844	12.23825	0.04467
12.89523	0.04577	9.49433	-94973.42188	9.83266	0.04128	12.23825	0.04467
12.94816	0.04577	9.95954	-94973.42188	10.17099	0.04128	12.05843	0.04467
13.20225	0.04577	9.83266	-94973.42188	9.90667	0.04128	12.18536	0.04467
12.89523	0.04577	9.65293	-94973.42188	9.93839	0.04128	12.23825	-140514.0625
13.07521	0.04577	9.74808	-94973.42188	10.0124	0.04128	12.00554	-140514.0625
13.07521	0.04577	9.62121	0.06085	9.80095	0.04128	12.23825	0.04467
12.76818	0.04577	9.33574	-94973.42188	9.65293	0.04128	12.18536	0.04467
12.96934	0.04577	9.49433	-94973.42188	9.88553	0.04128	11.9315	0.04467
13.07521	0.04577	9.49433	-94973.42188	9.67407	0.04128	12.23825	0.04467
12.78935	0.04577	9.24059	-94973.42188	9.56835	0.04128	12.16421	0.04467
13.18108	0.04577	9.42033	0.06085	9.90667	0.04128	11.87861	-140514.0625
12.89523	0.04577	9.42033	-94973.42188	9.75865	0.04128	12.11132	0.04467
12.82112	0.04577	9.13486	-94973.42188	9.70579	0.04128	11.98439	0.04467
13.05403	0.04577	9.28288	-94973.42188	9.88553	0.04128	11.89977	0.04467
12.73642	0.04577	9.36746	-94973.42188	9.80095	0.04128	12.18536	-140514.0625
12.73642	0.04577	8.92341	-94973.42188	9.75865	0.04128	11.87861	-140514.0625
12.94816	0.04577	9.28288	-94973.42188	10.0124	0.04128	11.84688	-140514.0625
12.53526	95993.9375	9.26173	-94973.42188	9.70579	-129854.39844	12.07959	-140514.0625
12.71524	0.04577	9.05028	-94973.42188	9.72694	-129854.39844	11.89977	-140514.0625
12.78935	0.04577	9.24059	0.06085	9.93839	0.04128	11.95266	0.04467
12.37645	0.04577	9.24059	-94973.42188	9.70579	0.04128	12.11132	0.04467
12.68348	0.04577	8.87054	-94973.42188	9.7798	-129854.39844	11.82573	0.04467
12.45056	0.04577	9.26173	-94973.42188	9.88553	0.04128	11.82573	0.04467
12.21764	0.04577	9.18773	-94973.42188	9.65293	0.04128	11.84688	0.04467
12.42939	0.04577	9.082	0.06085	9.70579	0.04128	11.64591	0.04467
12.37645	0.04577	9.26173	0.06085	9.75865	0.04128	11.82573	0.04467
12.1753	0.04577	8.95513	0.06085	9.72694	0.04128	11.64591	0.04467
12.53526	95993.9375	8.8494	0.06085	9.65293	0.04128	11.61417	0.04467
12.35528	0.04577	8.92341	-94973.42188	9.99126	0.04128	11.71995	0.04467
12.1753	0.04577	8.95513	-94973.42188	9.80095	0.04128	11.51897	-140514.0625
12.35528	0.04577	8.72252	-94973.42188	9.88553	-129854.39844	11.43436	0.04467
12.24941	0.04577	8.87054	-94973.42188	10.245	0.04128	11.51897	0.04467
11.96355	0.04577	8.97627	0.06085	10.03355	0.04128	11.46609	0.04467
12.37645	0.04577	8.66966	-94973.42188	10.11813	0.04128	11.36031	0.04467
12.30234	0.04577	8.81768	-94973.42188	10.08641	0.04128	11.61417	0.04467
11.98473	0.04577	8.77539	-94973.42188	9.99126	0.04128	11.36031	0.04467
12.1753	0.04577	8.56393	-94973.42188	10.13927	0.04128	11.36031	0.04467
12.27058	95993.9375	8.63794	-94973.42188	10.13927	0.04128	11.48724	0.04467
12.06942	0.04577	8.56393	-94973.42188	10.03355	0.04128	11.25454	-140514.0625
12.35528	0.04577	8.4582	-94973.42188	10.31901	0.04128	11.30742	0.04467
12.14353	0.04577	8.59565	-94973.42188	10.44588	86569.61719	11.4132	-140514.0625
12.06942	0.04577	8.56393	-94973.42188	10.40359	0.04128	11.18049	-140514.0625
12.32352	0.04577	8.48992	-94973.42188	10.49875	0.04128	11.36031	-140514.0625
12.01649	0.04577	8.4582	-94973.42188	10.4776	0.04128	11.46609	-140514.0625
12.1753	0.04577	8.63794	-94973.42188	10.29787	0.04128	11.14876	0.04467
12.27058	0.04577	8.48992	-94973.42188	10.63619	0.04128	11.48724	0.04467
11.96355	0.04577	8.54279	-94973.42188	10.60447	0.04128	11.33916	0.04467
11.96355	0.04577	8.63794	-94973.42188	10.49875	0.04128	11.12761	-140514.0625
12.1753	0.04577	8.48992	-94973.42188	11.06968	0.04128	11.28627	0.04467
11.83651	0.04577	8.54279	-94973.42188	10.73135	0.04128	11.25454	0.04467
12.01649	0.04577	8.69081	-94973.42188	10.78421	0.04128	11.00067	0.04467
12.14353	0.04577	8.66966	-94973.42188	11.1754	86569.61719	11.20165	0.04467
11.83651	0.04577	8.56393	-94973.42188	10.96395	86569.61719	11.10645	0.04467
11.83651	0.04577	8.66966	0.06085	11.14369	86569.61719	10.84201	0.04467
12.0906	0.04577	8.4582	-94973.42188	11.48201	86569.61719	11.07472	0.04467
11.65652	95993.9375	8.54279	-94973.42188	11.14369	952265.1875	10.96894	0.04467
11.94238	0.04577	8.81768	0.06085	11.408	2.94337E6	10.71508	-140514.0625
11.75181	0.04577	8.59565	-94973.42188	11.408	5.06432E6	10.96894	0.04467
11.49771	0.04577	8.8494	-94973.42188	11.28113	5.15089E6	10.96894	0.04467
11.85768	0.04577	9.05028	-94973.42188	11.408	2.12095E6	10.82086	0.04467
11.83651	0.04577	8.63794	-94973.42188	11.48201	-216423.96875	11.12761	-140514.0625
11.60359	95993.9375	9.082	-94973.42188	11.35514	-1.38511E6	10.96894	0.04467
11.73063	0.04577	8.95513	-94973.42188	11.51373	-865695.6875	10.78912	0.04467
11.73063	95993.9375	8.81768	-94973.42188	11.55602	-952265.0625	10.96894	0.04467
11.55065	0.04577	9.02914	-94973.42188	11.66175	216423.89063	10.78912	0.04467
11.51889	95993.9375	9.00799	-94973.42188	11.58774	735841.1875	10.76797	0.04467
11.62476	0.04577	9.00799	0.06085	11.60889	605986.875	10.84201	0.04467
11.4236	0.04577	9.42033	-94973.42188	11.97893	605986.875	10.71508	-140514.0625
11.26479	0.04577	9.26173	0.06085	11.78862	1.34183E6	10.66219	-140514.0625
11.4236	0.04577	9.33574	-94973.42188	11.97893	4.11205E6	10.8949	-140514.0625
11.33891	0.04577	9.44147	-94973.42188	11.97893	8.44053E6	10.76797	0.04467
11.21186	0.04577	9.15601	-94973.42188	11.87321	8.44053E6	10.73624	0.04467
11.44478	0.04577	9.28288	-94973.42188	12.23268	7.27184E6	10.91605	0.04467
11.44478	0.04577	9.28288	-94973.42188	12.23268	9.47937E6	10.76797	0.04467
11.29656	95993.9375	9.13486	0.06085	12.25382	1.21197E7	10.69393	0.04467
11.39184	0.04577	9.38861	-94973.42188	12.48643	1.57124E7	10.87374	0.04467
11.49771	0.04577	9.33574	-94973.42188	12.39127	1.70109E7	10.73624	0.04467
11.31773	0.04577	9.28288	-94973.42188	12.46528	1.84826E7	10.69393	0.04467
11.47654	0.04577	9.38861	-94973.42188	12.59215	1.94349E7	10.76797	0.04467
11.60359	0.04577	9.3146	-94973.42188	12.48643	2.17722E7	10.76797	-140514.0625
11.33891	0.04577	9.26173	0.06085	12.48643	2.27245E7	10.76797	-140514.0625
11.85768	0.04577	9.38861	-94973.42188	12.62387	2.27245E7	10.94779	0.04467
11.73063	0.04577	9.44147	-94973.42188	12.75075	2.44126E7	10.82086	0.04467
11.60359	0.04577	9.44147	0.06085	12.77189	2.7053E7	10.76797	0.04467
11.85768	0.04577	9.47319	0.06085	12.80361	2.77888E7	10.82086	0.04467
11.91062	0.04577	9.74808	0.06085	13.05735	2.92605E7	10.84201	0.04467
11.57183	0.04577	9.7798	-94973.42188	12.93048	2.92605E7	10.78912	-140514.0625
12.06942	0.04577	9.80095	0.06085	13.0785	2.96934E7	10.8949	0.04467
11.94238	95993.9375	9.98068	-94973.42188	13.28996	3.13815E7	11.00067	0.04467
11.75181	95993.9375	9.90667	-94973.42188	13.16308	3.37188E7	10.8949	0.04467
12.19647	95993.9375	9.95954	-94973.42188	13.26881	3.50607E7	10.94779	0.04467
11.91062	0.04577	9.95954	-94973.42188	13.28996	3.66622E7	11.14876	-140514.0625
12.21764	0.04577	10.06527	0.06085	13.41683	3.7701E7	11.18049	-140514.0625
12.45056	0.04577	10.31901	-94973.42188	13.44855	3.86533E7	11.12761	0.04467
12.1753	0.04577	10.245	-94973.42188	13.5437	4.03414E7	11.14876	0.04467
12.63055	0.04577	10.29787	0.06085	13.5437	4.31982E7	11.25454	0.04467
12.48232	0.04577	10.60448	-94973.42188	13.44855	4.47997E7	11.14876	0.04467
12.37645	0.04577	10.35073	0.06085	13.70229	4.6055E7	11.4132	0.04467
12.60937	0.04577	10.76307	0.06085	13.82917	4.74401E7	11.33916	0.04467
12.53526	95993.9375	10.78421	474867.28125	13.88203	4.88252E7	11.25454	0.04467
12.39763	95993.9375	10.67848	1.28214E6	13.80802	5.05999E7	11.51897	0.04467
12.82112	95993.9375	11.19655	1.99444E6	14.09348	5.22014E7	11.4132	0.04467
12.5035	95993.9375	10.99567	1.99444E6	14.06177	5.33701E7	11.36031	0.04467
12.55644	0.04577	10.96395	1.18717E6	14.18864	5.54478E7	11.48724	0.04467
12.9164	95993.9375	11.30228	237433.67188	14.37895	5.72658E7	11.57186	0.04467
12.71524	95993.9375	11.19655	-237433.71875	14.27322	5.75688E7	11.38147	0.04467
12.84229	0.04577	11.32342	-237433.71875	14.34723	5.77852E7	11.59302	0.04467
13.3293	0.04577	11.27056	237433.67188	14.42124	5.92569E7	11.87861	0.04467
12.82112	0.04577	11.1754	949734.6875	14.50582	6.08584E7	11.64591	0.04467
13.414	0.04577	11.46087	1.37712E6	14.45296	6.20271E7	12.05843	0.04467
13.23402	0.04577	11.53488	1.04471E6	14.57983	6.20271E7	12.11132	0.04467
13.14932	0.04577	11.408	712300.875	14.61155	6.18972E7	11.95266	0.04467
13.414	0.04577	11.60889	1.37712E6	14.68556	6.31958E7	12.16421	0.04467
13.46693	0.04577	11.73576	2.56428E6	14.65384	6.49705E7	12.16421	0.04467
13.46693	0.04577	11.53488	3.46653E6	14.73842	6.53167E7	12.11132	93676.05469
13.59398	95993.9375	11.96836	5.12857E6	14.81243	6.51869E7	12.11132	93676.05469
13.43517	95993.9375	12.10581	7.78782E6	14.75957	6.59227E7	12.13247	0.04467
13.43517	239984.6875	11.94722	8.45264E6	14.88644	6.70048E7	12.13247	93676.05469
13.69985	1.48791E6	12.25383	8.83253E6	14.88644	6.78272E7	12.29114	0.04467
13.46693	4.79969E6	12.28554	1.02096E7	14.99217	6.82601E7	12.2594	0.04467
13.7422	6.3356E6	12.20096	1.20616E7	15.15076	6.86929E7	12.2594	0.04467
13.84808	3.74376E6	12.20096	1.38186E7	15.22477	6.99482E7	12.545	93676.05469
13.69985	239984.6875	12.43356	1.56706E7	15.20362	7.19393E7	12.47096	421542
13.84808	-1.77589E6	12.30669	1.63354E7	15.15076	7.2805E7	12.52384	1.26463E6
14.08099	-1.05593E6	12.30669	1.72852E7	15.40451	7.34543E7	12.68251	1.82668E6
13.97512	-959938.875	12.3807	1.91372E7	15.17191	7.47095E7	12.62962	1.92036E6
14.00688	-575963.3125	12.43356	2.08942E7	15.27763	7.59648E7	12.62962	1.12411E6
14.38802	1.29592E6	12.46528	2.21288E7	15.63711	7.68305E7	12.80944	234189.98438
14.20804	1.29592E6	12.59215	2.43607E7	15.45737	7.77828E7	12.68251	-234190.0625
14.34568	815947.875	12.56043	2.60702E7	15.63711	7.86052E7	12.88348	-140514.0625
14.6527	-719954.0625	12.77189	2.73524E7	15.68997	7.97738E7	13.16908	0.04467
14.41978	575963.25	12.75074	2.94418E7	15.66883	8.07261E7	12.98926	234189.98438
14.81151	4.55971E6	12.82476	3.10563E7	15.99658	8.13754E7	13.16908	327866
14.81151	9.83937E6	12.95163	3.23385E7	15.94372	8.1765E7	13.32774	327866
14.4939	7.58352E6	12.87762	3.46653E7	15.90143	8.27172E7	13.04215	0.04467
15.13972	3.40778E6	12.93048	3.65173E7	16.04944	8.32799E7	13.45467	93676.05469
15.06561	3.40778E6	13.11022	3.77994E7	15.97543	8.29336E7	13.45467	1.03044E6
14.85386	7.15154E6	13.0785	3.9319E7	15.99658	8.30635E7	13.3489	2.7166E6
15.40439	1.08953E7	13.21595	4.06961E7	16.04944	8.33665E7	13.65564	4.35593E6
15.19265	1.19512E7	13.41683	4.16459E7	16.04944	8.32799E7	13.74027	5.94843E6
15.17148	1.24312E7	13.23709	4.3023E7	16.04944	8.31501E7	13.68738	6.27629E6
15.55262	1.33431E7	13.3111	4.45426E7	16.0283	8.29336E7	13.74027	6.0421E6
15.3197	1.47351E7	13.46969	4.55873E7	16.08116	8.29336E7	13.83546	8.0093E6
15.19265	1.5215E7	13.44855	4.68219E7	16.10231	8.31501E7	13.81431	1.07259E7
15.53144	1.48791E7	13.49084	4.80091E7	16.28205	8.29336E7	13.8672	1.24589E7
15.3197	1.78069E7	13.62828	4.89113E7	16.20804	8.24142E7	13.8672	1.3583E7
15.40439	2.05907E7	13.62828	5.01935E7	16.17632	8.23276E7	13.70853	1.50818E7
15.47851	2.31825E7	13.64943	5.10007E7	16.2609	8.25008E7	13.99413	1.56439E7
15.42557	2.50544E7	14.06177	5.16181E7	16.22918	8.23276E7	14.0999	1.69085E7
15.58438	2.44784E7	13.90317	5.24253E7	16.31377	8.21978E7	13.99413	1.82668E7
15.69025	2.54384E7	13.90317	5.32326E7	16.4935	8.27172E7	14.53358	1.99062E7
15.55262	2.77422E7	14.13578	5.38025E7	16.28205	8.32799E7	14.43839	2.13581E7
15.69025	3.04301E7	14.13578	5.45148E7	16.64152	8.36695E7	14.40665	2.33253E7
15.99728	3.30219E7	14.16749	5.55595E7	16.46178	8.36695E7	14.6182	2.41216E7
15.83847	3.43178E7	14.27322	5.64617E7	16.56751	8.35829E7	14.45954	2.5152E7
15.83847	3.46538E7	14.34723	5.78388E7	16.77896	8.41023E7	14.3855	2.61824E7
16.07139	3.63337E7	14.2415	5.95009E7	16.67324	8.5271E7	14.69225	2.68382E7
15.92317	3.78216E7	14.36838	6.01657E7	16.69438	8.57904E7	14.6182	2.81028E7
16.07139	4.08934E7	14.42124	6.13529E7	16.85297	8.57904E7	14.4807	3.007E7
16.10315	4.25253E7	14.34723	6.28249E7	16.67324	8.57904E7	14.76629	3.09599E7
15.99728	4.43012E7	14.45296	6.40121E7	16.7261	8.60069E7	14.51243	3.13346E7
16.15609	4.49731E7	14.54811	6.53892E7	16.85297	8.62233E7	14.79802	3.19904E7
16.17726	4.56931E7	14.60098	6.66714E7	16.67324	8.63098E7	14.76629	3.30208E7
16.12433	4.6749E7	14.47411	6.7811E7	16.90584	8.62233E7	14.92495	3.45196E7
16.33607	4.6989E7	14.81243	6.87608E7	16.90584	8.62233E7	15.15766	3.61121E7
16.46312	4.83809E7	14.68556	7.02804E7	16.77896	8.57904E7	14.94611	3.71425E7
16.35724	5.05888E7	14.73842	7.142E7	16.90584	8.50546E7	15.21055	3.78451E7
16.74897	5.12127E7	15.04503	7.23698E7	16.80011	8.43187E7	15.31632	3.88755E7
16.89719	5.08288E7	14.88644	7.36044E7	16.97985	8.42322E7	15.26343	4.03744E7
16.69603	5.07328E7	14.8653	7.45542E7	17.08557	8.43187E7	15.49614	4.18263E7
17.056	5.24607E7	15.15076	7.48866E7	16.9587	8.37993E7	15.44325	4.3091E7
17.03483	5.44765E7	14.9393	7.55989E7	17.05386	8.29336E7	15.49614	4.40277E7
16.92895	5.55325E7	15.04503	7.61687E7	17.13844	8.18948E7	15.5173	4.46834E7
17.16187	5.48125E7	15.27763	7.65011E7	17.10672	8.1159E7	15.90867	4.54797E7
17.16187	5.48125E7	15.11904	7.6881E7	17.08557	8.05097E7	15.62307	4.60886E7
17.00306	5.70684E7	15.27763	7.71185E7	17.10672	7.99903E7	15.67596	4.69785E7
17.28892	5.91802E7	15.35164	7.71185E7	17.03271	7.97738E7	15.90867	4.82431E7
17.28892	5.98522E7	15.27763	7.72134E7	17.1913	7.98604E7	15.67596	4.93672E7
17.07718	6.03322E7	15.35164	7.73559E7	17.28646	7.98604E7	15.96156	5.03977E7
17.36303	6.16281E7	15.63711	7.71185E7	17.21245	7.9341E7	16.16253	5.15686E7
17.3101	6.34999E7	15.38336	7.73559E7	17.31818	7.9038E7	15.92982	5.28333E7
17.28892	6.50359E7	15.47852	7.77833E7	17.4239	7.92544E7	16.26831	5.40979E7
17.4689	6.57078E7	15.76398	7.76883E7	17.33932	7.94709E7	16.19426	5.5222E7
17.36303	6.70037E7	15.58424	7.81632E7	17.31818	7.95574E7	16.14138	5.56904E7
17.36303	6.88756E7	15.61596	7.85905E7	17.26531	7.9341E7	16.28946	5.62524E7
17.54301	7.05075E7	15.76398	7.89704E7	17.31818	7.91246E7	16.10964	5.6955E7
17.59595	7.14674E7	15.76398	7.94453E7	17.26531	7.92544E7	16.16253	5.75171E7
17.57477	7.25234E7	15.58424	8.00151E7	17.26531	7.96873E7	16.23657	5.80791E7
17.80769	7.41553E7	16.12345	8.03476E7	17.4239	7.98604E7	16.23657	5.92032E7
17.80769	7.56912E7	15.89085	8.09174E7	17.28646	7.97738E7	16.19426	6.04679E7
17.68065	7.65071E7	15.97543	8.16297E7	17.4239	7.95574E7	16.28946	6.14046E7
17.80769	7.60272E7	16.08116	8.18671E7	17.28646	7.9038E7	16.32119	6.20603E7
17.91356	7.59312E7	16.0283	8.21995E7	17.39219	7.83022E7	16.23657	6.29034E7
17.91356	7.68431E7	15.97543	8.30068E7	17.4239	7.76529E7	16.37408	6.35592E7
17.98768	7.75631E7	16.20804	8.34817E7	17.33932	7.71335E7	16.44812	6.43554E7
18.16766	7.7659E7	16.2609	8.39565E7	17.31818	7.66141E7	16.42697	6.49175E7
18.18883	7.7803E7	16.04944	8.47638E7	17.37104	7.59648E7	16.50101	6.52922E7
18.18883	7.7899E7	16.62037	8.50962E7	17.26531	7.52289E7	16.57505	6.58542E7
18.34764	7.7899E7	16.35605	8.50962E7	17.21245	7.45797E7	16.70198	6.66505E7
18.24177	7.8043E7	16.44064	8.50013E7	17.37104	7.39737E7	16.78661	6.72125E7
18.34764	7.8283E7	16.53579	8.48588E7	17.24416	7.3108E7	16.73372	6.79151E7
18.55938	7.8715E7	16.51465	8.46214E7	17.24416	7.19393E7	17.01931	6.8243E7
18.40058	7.9099E7	16.40892	8.45264E7	17.39219	7.09005E7	16.80776	6.87113E7
18.47469	7.8955E7	16.67324	8.42889E7	17.31818	6.99482E7	17.14624	6.91797E7
18.6335	7.8475E7	16.67324	8.37191E7	17.31818	6.90825E7	17.09335	6.98355E7
18.58056	7.8715E7	16.56751	8.32442E7	17.4239	6.82601E7	16.91354	7.02102E7
18.6335	7.94349E7	16.87412	8.29118E7	17.39219	6.79571E7	17.14624	7.06785E7
18.76054	8.00109E7	16.74725	8.26744E7	17.33932	6.76108E7	17.25202	7.13343E7
18.6335	8.05869E7	16.69438	8.2437E7	17.4239	6.7178E7	17.14624	7.20368E7
18.6335	8.14508E7	16.97985	8.2342E7	17.49791	6.67884E7	17.0722	7.29268E7
18.70761	8.18828E7	16.80011	8.19621E7	17.47677	6.64421E7	17.14624	7.33015E7
18.70761	8.24587E7	16.82126	8.16297E7	17.49791	6.63556E7	17.27317	7.35357E7
18.81348	8.33227E7	17.00099	8.13923E7	17.55078	6.62257E7	17.19913	7.35357E7
18.86642	8.44746E7	16.85297	8.10598E7	17.51906	6.58361E7	17.25202	7.33951E7
18.91935	8.58665E7	16.82126	8.10598E7	17.49791	6.56197E7	17.30491	7.35357E7
18.94053	8.65865E7	17.00099	8.11548E7	17.39219	6.54033E7	17.27317	7.39572E7
18.76054	8.63465E7	16.90584	8.11548E7	17.47677	6.51869E7	17.48472	7.44256E7
18.83465	8.61065E7	16.9587	8.11548E7	17.31818	6.49705E7	17.50588	7.46598E7
18.94053	8.63465E7	16.9587	8.13923E7	17.44505	6.46675E7	17.45299	7.49876E7
18.99346	8.66825E7	16.9587	8.16297E7	17.55078	6.43645E7	17.61166	7.5456E7
18.88759	8.69225E7	16.9587	8.19621E7	17.39219	6.40182E7	17.55877	7.57839E7
19.01463	8.65865E7	17.08557	8.21046E7	17.51906	6.34122E7	17.55877	7.60181E7
19.12051	8.61065E7	16.97985	8.21046E7	17.47677	6.24599E7	17.6857	7.61586E7
19.0464	8.61065E7	16.90584	8.21046E7	17.28646	6.13778E7	17.79147	7.59244E7
19.17345	8.61065E7	17.00099	8.21995E7	17.33932	6.07718E7	17.66455	7.59244E7
19.38519	8.58665E7	16.9587	8.2342E7	17.39219	5.99927E7	17.84436	7.55497E7
19.24755	8.58665E7	16.87412	8.21995E7	17.26531	5.91703E7	17.81263	7.5456E7
19.33225	8.56265E7	17.21245	8.21995E7	17.21245	5.8218E7	17.6857	7.56902E7
19.27932	8.49546E7	17.13844	8.17247E7	17.24416	5.69628E7	17.95014	7.57839E7
19.24755	8.37547E7	17.03271	8.13923E7	17.15958	5.57941E7	17.89725	7.57839E7
19.30049	8.31787E7	17.26531	8.10598E7	17.1913	5.48418E7	17.86552	7.57839E7
19.33225	8.29387E7	17.10672	8.049E7	17.26531	5.37597E7	18.07707	7.59244E7
19.43812	8.31787E7	17.03271	8.00151E7	17.15958	5.25044E7	18.07707	7.59244E7
19.24755	8.28427E7	17.10672	7.93028E7	17.08557	5.14656E7	17.86552	7.60181E7
19.56517	8.20268E7	17.10672	7.84956E7	17.13844	5.03835E7	18.15111	7.62523E7
19.71339	8.18828E7	17.10672	7.76883E7	17.21245	4.94312E7	18.18284	7.64864E7
19.53341	8.21228E7	17.08557	7.72134E7	17.13844	4.86088E7	18.04534	7.67206E7
19.90396	8.23627E7	17.15958	7.67386E7	17.15958	4.79595E7	18.27804	7.69548E7
19.90396	8.23627E7	17.13844	7.64062E7	17.33932	4.72237E7	18.27804	7.68143E7
19.71339	8.26987E7	17.15958	7.59313E7	17.10672	4.65744E7	18.204	7.64864E7
19.97807	8.31787E7	17.21245	7.53614E7	17.26531	4.6055E7	18.15111	7.61586E7
20.05218	8.36587E7	17.21245	7.46491E7	17.24416	4.53192E7	18.18284	7.59244E7
19.85103	8.38986E7	17.13844	7.42218E7	17.10672	4.47997E7	18.25689	7.56902E7
19.92514	8.39946E7	17.31818	7.36044E7	17.31818	4.44968E7	18.18284	7.56902E7
19.94631	8.45706E7	17.21245	7.31771E7	17.1913	4.40639E7	18.36266	7.56902E7
19.85103	8.50506E7	17.10672	7.27972E7	17.10672	4.35445E7	18.27804	7.59244E7
19.8722	8.47146E7	17.1913	7.25597E7	17.13844	4.31982E7	18.22516	7.62523E7
19.97807	8.39946E7	17.15958	7.24648E7	17.01157	4.26788E7	18.33093	7.60181E7
19.8722	8.36587E7	17.10672	7.27972E7	16.97985	4.20295E7	18.25689	7.56902E7
19.92514	8.35147E7	17.15958	7.27972E7	17.08557	4.12071E7	18.36266	7.55497E7
19.92514	8.33227E7	17.10672	7.27972E7	17.03271	4.03414E7	18.36266	7.53623E7
19.85103	8.31787E7	17.1913	7.27972E7	17.03271	3.96056E7	18.33093	7.4894E7
19.97807	8.26987E7	17.28646	7.27022E7	17.01157	3.89996E7	18.25689	7.43319E7
19.81926	8.22668E7	17.13844	7.24648E7	17.05386	3.82637E7	18.66941	7.36293E7
19.8722	8.17868E7	17.26531	7.22273E7	16.87412	3.73115E7	18.43671	7.33951E7
20.08394	8.08268E7	17.28646	7.15625E7	16.90584	3.62294E7	18.51075	7.33951E7
20.05218	8.02509E7	17.23359	7.09452E7	16.82126	3.51905E7	18.63768	7.33951E7
20.05218	8.00109E7	17.23359	7.08502E7	16.90584	3.42383E7	18.51075	7.3161E7
20.05218	7.8955E7	17.21245	7.03753E7	16.74725	3.3286E7	18.51075	7.30673E7
19.94631	7.7659E7	17.1913	6.98055E7	16.74725	3.21173E7	18.51075	7.26926E7
20.05218	7.65071E7	17.10672	6.92357E7	16.87412	3.09486E7	18.59537	7.23647E7
19.92514	7.57872E7	17.31818	6.84284E7	16.80011	2.97799E7	18.38382	7.21305E7
20.03101	7.53552E7	17.28646	6.76211E7	16.74725	2.86112E7	18.51075	7.20368E7
20.12629	7.53552E7	17.13844	6.69088E7	16.82126	2.74426E7	18.7223	7.18963E7
19.99925	7.49712E7	17.1913	6.58641E7	16.67324	2.67067E7	18.56364	7.18963E7
20.03101	7.42993E7	17.46619	6.50568E7	16.56751	2.59709E7	18.61653	7.14748E7
19.99925	7.42993E7	17.21245	6.42495E7	16.56751	2.5235E7	18.69057	7.10064E7
19.99925	7.42993E7	17.1913	6.35372E7	16.54636	2.44992E7	18.56364	7.06785E7
19.97807	7.41553E7	17.39219	6.273E7	16.40892	2.35469E7	18.56364	7.0538E7
19.99925	7.48752E7	17.15958	6.20177E7	16.64152	2.27245E7	18.7223	7.02102E7
20.15805	7.51152E7	17.23359	6.14478E7	16.4935	2.21618E7	18.56364	6.95076E7
20.12629	7.52112E7	17.28646	6.05456E7	16.44064	2.17722E7	18.54248	6.90392E7
20.08394	7.51152E7	17.23359	5.99283E7	16.54636	2.13394E7	18.69057	6.87113E7
20.2851	7.47312E7	17.15958	5.9121E7	16.36663	2.09065E7	18.51075	6.87113E7
20.26393	7.42993E7	17.23359	5.84562E7	16.33491	2.04737E7	18.54248	6.87113E7
20.10512	7.42993E7	17.15958	5.79813E7	16.4935	1.98677E7	18.61653	6.84772E7
20.44391	7.42993E7	17.13844	5.74115E7	16.36663	1.95214E7	18.45786	6.83835E7
20.23217	7.41553E7	17.21245	5.7174E7	16.17632	1.94349E7	18.4896	6.77746E7
20.21099	7.39153E7	16.97985	5.69366E7	16.31377	1.93483E7	18.69057	6.71188E7
20.33804	7.35793E7	16.9587	5.67941E7	16.33491	1.91319E7	18.59537	6.63226E7
20.15805	7.28594E7	17.23359	5.63668E7	16.22918	1.8699E7	18.4896	6.562E7
20.15805	7.24274E7	16.9587	5.58919E7	16.38777	1.80498E7	18.56364	6.49175E7
20.31686	7.21874E7	17.05386	5.5417E7	16.31377	1.76169E7	18.56364	6.43554E7
20.21099	7.15634E7	17.23359	5.47522E7	16.20804	1.73139E7	18.66941	6.40275E7
20.10512	7.05075E7	16.97985	5.38974E7	16.15517	1.70975E7	18.56364	6.35592E7
20.10512	6.90196E7	17.05386	5.33276E7	16.2609	1.67945E7	18.61653	6.32313E7
19.94631	6.74837E7	17.08557	5.24253E7	16.0283	1.63616E7	18.59537	6.30908E7
19.97807	6.61878E7	16.92698	5.1713E7	16.08116	1.57124E7	18.56364	6.29034E7
20.17923	6.54678E7	17.08557	5.09058E7	16.17632	1.5193E7	18.59537	6.25287E7
19.99925	6.46519E7	17.10672	4.9956E7	15.94372	1.46735E7	18.69057	6.20603E7
20.10512	6.38359E7	16.97985	4.91488E7	16.10231	1.43705E7	18.56364	6.14046E7
20.12629	6.302E7	16.97985	4.85789E7	15.97543	1.42407E7	18.4896	6.0702E7
20.10512	6.2204E7	17.00099	4.77717E7	15.99658	1.41541E7	18.77519	5.99995E7
20.15805	6.13881E7	17.08557	4.6632E7	15.97543	1.39377E7	18.4896	5.93437E7
20.21099	6.06681E7	16.87412	4.54448E7	16.08116	1.35049E7	18.56364	5.87817E7
20.10512	6.02362E7	16.90584	4.43051E7	16.0283	1.32884E7	18.7223	5.81728E7
20.31686	6.00922E7	16.9587	4.3118E7	15.99658	1.3072E7	18.59537	5.76107E7
20.23217	5.98522E7	16.82126	4.22157E7	16.04944	1.29854E7	18.69057	5.70487E7
20.08394	5.91802E7	16.76839	4.1171E7	16.0283	1.29854E7	18.77519	5.67208E7
20.08394	5.85563E7	16.74725	4.02213E7	15.90143	1.28989E7	18.66941	5.61119E7
20.10512	5.83643E7	16.82126	3.9319E7	16.13403	1.2769E7	18.41555	5.57841E7
19.94631	5.81243E7	16.76839	3.85117E7	15.99658	1.2466E7	18.61653	5.54562E7
20.05218	5.79803E7	16.74725	3.77994E7	15.90143	1.22496E7	18.61653	5.50815E7
20.03101	5.75003E7	16.7261	3.70871E7	16.15517	1.20332E7	18.4896	5.47536E7
19.90396	5.69244E7	16.64152	3.65173E7	15.97543	1.20332E7	18.61653	5.39574E7
20.08394	5.64444E7	16.62037	3.60424E7	15.90143	1.20332E7	18.61653	5.30675E7
20.08394	5.60124E7	16.62037	3.54726E7	15.97543	1.20332E7	18.43671	5.21307E7
19.90396	5.54365E7	16.58865	3.49027E7	15.81684	1.19466E7	18.56364	5.13344E7
20.17923	5.50525E7	16.58865	3.43329E7	15.74283	1.19466E7	18.51075	5.03977E7
20.10512	5.47165E7	16.38777	3.37631E7	15.86971	1.19466E7	18.36266	4.95078E7
19.99925	5.39006E7	16.51465	3.32882E7	15.7957	1.19466E7	18.4896	4.88052E7
20.26393	5.29406E7	16.58865	3.27184E7	15.74283	1.20332E7	18.51075	4.83368E7
20.03101	5.17887E7	16.35605	3.20061E7	15.7957	1.20332E7	18.33093	4.77748E7
19.97807	5.03968E7	16.62037	3.14362E7	15.66883	1.20332E7	18.59537	4.72127E7
20.10512	4.89569E7	16.56751	3.06289E7	15.63711	1.18167E7	18.43671	4.66506E7
20.08394	4.79009E7	16.40892	2.99166E7	15.58424	1.15138E7	18.36266	4.60886E7
19.99925	4.6749E7	16.51465	2.93468E7	15.74283	1.12108E7	18.45786	4.54797E7
20.17923	4.55491E7	16.38777	2.8777E7	15.63711	1.12973E7	18.51075	4.46834E7
19.99925	4.46372E7	16.35605	2.80647E7	15.63711	1.12973E7	18.36266	4.3653E7
19.94631	4.35812E7	16.51465	2.73524E7	15.74283	1.13839E7	18.36266	4.26226E7
19.97807	4.27653E7	16.51465	2.64501E7	15.66883	1.13839E7	18.51075	4.19668E7
19.81926	4.20453E7	16.38777	2.56428E7	15.66883	1.13839E7	18.33093	4.11706E7
19.81926	4.12294E7	16.40892	2.48356E7	15.7957	1.12973E7	18.51075	4.03744E7
19.71339	4.03174E7	16.35605	2.40283E7	15.61596	1.12973E7	18.51075	3.96718E7
19.71339	3.94535E7	16.35605	2.29836E7	15.63711	1.13839E7	18.36266	3.91097E7
19.61811	3.85415E7	16.28205	2.21288E7	15.74283	1.15138E7	18.43671	3.84072E7
19.51223	3.79656E7	16.2609	2.13215E7	15.53138	1.16003E7	18.41555	3.78451E7
19.56517	3.74856E7	16.20804	2.05143E7	15.66883	1.17302E7	18.22516	3.71425E7
19.56517	3.67657E7	16.17632	1.99444E7	15.7957	1.19466E7	18.25689	3.65805E7
19.4593	3.61897E7	16.20804	1.92321E7	15.61596	1.20332E7	18.15111	3.65805E7
19.53341	3.60937E7	16.22918	1.85673E7	15.72169	1.2466E7	18.04534	3.63463E7
19.51223	3.56137E7	16.04944	1.79975E7	15.74283	1.28989E7	18.27804	3.58779E7
19.38519	3.48938E7	15.94372	1.75226E7	15.61596	1.32884E7	18.18284	3.53158E7
19.53341	3.45578E7	16.12345	1.69528E7	15.68997	1.37213E7	18.07707	3.48475E7
19.48047	3.42218E7	15.92257	1.65729E7	15.66883	1.40243E7	18.15111	3.41917E7
19.43812	3.37418E7	15.92257	1.61455E7	15.58424	1.44571E7	18.07707	3.34892E7
19.43812	3.31659E7	15.97543	1.57656E7	15.66883	1.4587E7	17.91841	3.27866E7
19.33225	3.24459E7	15.84856	1.52907E7	15.68997	1.48034E7	17.99245	3.23651E7
19.40636	3.1726E7	15.84856	1.51008E7	15.58424	1.51064E7	17.91841	3.21309E7
19.38519	3.115E7	15.97543	1.48633E7	15.68997	1.56258E7	17.95014	3.18967E7
19.15227	3.03341E7	15.92257	1.46259E7	15.76398	1.62751E7	17.95014	3.16625E7
19.33225	2.90382E7	15.81684	1.46259E7	15.74283	1.67945E7	17.95014	3.15688E7
19.43812	2.77422E7	16.15517	1.44835E7	15.7957	1.70109E7	18.02418	3.14283E7
19.40636	2.68303E7	15.92257	1.44835E7	15.7957	1.70975E7	17.99245	3.11941E7
19.35343	2.57744E7	16.08116	1.44835E7	15.66883	1.75303E7	17.95014	3.08662E7
19.61811	2.49584E7	16.2609	1.43885E7	15.72169	1.80498E7	17.95014	3.03042E7
19.40636	2.41425E7	15.89085	1.43885E7	15.76398	1.85692E7	17.95014	2.96953E7
19.24755	2.30865E7	16.04944	1.44835E7	15.81684	1.92184E7	17.75974	2.91332E7
19.40636	2.22706E7	15.99658	1.44835E7	15.74283	1.95214E7	17.79147	2.87117E7
19.20521	2.14546E7	15.76398	1.43885E7	15.94372	1.96513E7	17.81263	2.8337E7
19.15227	2.04947E7	15.7957	1.4151E7	15.7957	1.98677E7	17.81263	2.8337E7
19.35343	1.96787E7	15.84856	1.40561E7	15.90143	2.03871E7	17.73859	2.82433E7
19.06757	1.89588E7	15.71112	1.40561E7	15.86971	2.09065E7	17.75974	2.80091E7
19.15227	1.80468E7	15.65825	1.4246E7	15.90143	2.13394E7	17.71743	2.74471E7
19.35343	1.70869E7	15.81684	1.43885E7	15.94372	2.16424E7	17.84436	2.69787E7
19.06757	1.6415E7	15.53138	1.43885E7	16.10231	2.16424E7	17.79147	2.65103E7
19.06757	1.5791E7	15.58424	1.43885E7	15.97543	2.18588E7	17.66455	2.61824E7
19.20521	1.5359E7	15.71112	1.4151E7	15.94372	2.22917E7	17.89725	2.58077E7
18.94053	1.5119E7	15.40451	1.4151E7	15.97543	2.29409E7	17.66455	2.53862E7
19.06757	1.48791E7	15.63711	1.4151E7	15.97543	2.35469E7	17.73859	2.50115E7
18.94053	1.46391E7	15.74283	1.4151E7	15.97543	2.40663E7	17.6857	2.46836E7
18.91935	1.43031E7	15.51023	1.4246E7	15.81684	2.4629E7	17.6857	2.42152E7
19.01463	1.39191E7	15.5631	1.40561E7	15.92257	2.50186E7	17.48472	2.38874E7
18.91935	1.35831E7	15.53138	1.36762E7	16.04944	2.55813E7	17.66455	2.36532E7
18.7923	1.34391E7	15.42565	1.33438E7	15.94372	2.61873E7	17.57992	2.3419E7
18.83465	1.34391E7	15.45737	1.34387E7	15.84856	2.68366E7	17.50588	2.30911E7
18.7923	1.33431E7			15.94372	2.72694E7	17.71743	2.28569E7
18.6335	1.30072E7			15.97543	2.75724E7	17.61166	2.26228E7
18.70761	1.25272E7			15.90143	2.78754E7	17.66455	2.25291E7
18.81348	1.22872E7			15.94372	2.83082E7		
18.58056	1.22872E7			16.10231	2.88277E7		
18.73937	1.22872E7			16.04944	2.94769E7		
18.73937	1.22872E7			16.20804	2.99964E7		
18.55938	1.21912E7						
18.68643	1.20472E7						
18.60173	1.18072E7						
18.50645	1.18072E7						
18.42175	1.20472E7						
18.47469	1.20472E7						
18.52762	1.17113E7						
18.34764	1.12313E7						
